samplenr	I	II	III	aVR	aVL	aVF	V1	V2	V3	V4	V5	V6	measurement
0	1.62734	0.81367	-0.81367	-1.62734	0.81367	0	5.69569	3.25468	7.32303	2.44101	7.32303	-13.01872	0
1	7.32303	1.62734	-8.1367	-4.88202	6.50936	-5.69569	21.15542	14.64606	32.5468	13.01872	34.17414	-50.44754	0
2	12.20505	-2.44101	-19.52808	-6.50936	14.64606	-18.71441	35.80148	30.10579	69.16195	30.10579	77.29865	-91.94471	0
3	12.20505	-11.39138	-28.47845	-2.44101	18.71441	-30.10579	42.31084	43.93818	101.70875	48.00653	119.60949	-118.79582	0
4	6.50936	-21.15542	-29.29212	6.50936	16.2734	-33.36047	43.12451	52.88855	125.30518	61.83892	148.90161	-131.00087	0
5	-2.44101	-27.66478	-25.22377	14.64606	11.39138	-32.5468	39.86983	54.51589	138.3239	70.78929	163.54767	-138.3239	0
6	-7.32303	-30.91946	-17.90074	17.90074	10.57771	-30.10579	35.80148	51.26121	142.39225	73.2303	168.42969	-142.39225	0
7	-4.06835	-26.03744	-13.01872	14.64606	12.20505	-25.22377	34.17414	49.63387	141.57858	69.16195	164.36134	-141.57858	0
8	4.06835	-17.90074	-13.83239	6.50936	16.2734	-19.52808	34.98781	50.44754	135.06922	61.02525	152.96996	-137.51023	0
9	8.95037	-13.01872	-18.71441	0	18.71441	-17.08707	37.42882	51.26121	125.30518	53.70222	139.13757	-135.06922	0
10	8.95037	-10.57771	-15.45973	-5.69569	17.90074	-13.83239	40.6835	51.26121	117.16848	48.8202	130.1872	-132.62821	0
11	8.1367	-8.95037	-1.62734	-8.1367	13.83239	-8.1367	46.37919	47.19286	114.72747	49.63387	127.74619	-126.93252	0
12	5.69569	-7.32303	13.01872	-9.76404	7.32303	-5.69569	51.26121	36.61515	116.35481	57.77057	126.93252	-122.0505	0
13	4.06835	-0.81367	18.71441	-11.39138	1.62734	-4.88202	48.8202	22.78276	117.98215	64.27993	122.86417	-122.0505	0
14	4.88202	8.1367	13.01872	-8.95037	1.62734	-4.06835	35.80148	11.39138	113.10013	65.90727	117.16848	-128.55986	0
15	12.20505	17.08707	2.44101	-10.57771	4.88202	-3.25468	16.2734	2.44101	104.14976	68.34828	118.79582	-135.06922	0
16	32.5468	26.85111	-10.57771	-19.52808	10.57771	-0.81367	-2.44101	-5.69569	94.38572	69.97562	123.67784	-136.69656	0
17	55.32956	38.24249	-18.71441	-30.10579	20.34175	6.50936	-17.90074	-15.45973	86.24902	72.41663	131.00087	-129.37353	0
18	65.0936	45.56552	-15.45973	-39.05616	26.03744	17.90074	-27.66478	-20.34175	82.99434	78.11232	144.01959	-113.9138	0
19	54.51589	48.8202	0	-39.05616	17.90074	29.29212	-30.91946	-22.78276	86.24902	86.24902	156.22464	-97.6404	0
20	22.78276	49.63387	15.45973	-26.03744	3.25468	38.24249	-33.36047	-21.15542	94.38572	91.94471	163.54767	-85.43535	0
21	-13.01872	47.19286	26.85111	-8.95037	-6.50936	46.37919	-38.24249	-18.71441	100.89508	94.38572	163.54767	-82.18067	0
22	-30.91946	44.75185	32.5468	-4.06835	-11.39138	51.26121	-46.37919	-20.34175	103.33609	91.94471	158.66565	-85.43535	0
23	-18.71441	51.26121	33.36047	-17.08707	-8.1367	52.07488	-52.88855	-24.4101	104.96343	87.06269	151.34262	-90.31737	0
24	13.83239	64.27993	25.22377	-40.6835	1.62734	50.44754	-56.9569	-26.85111	108.21811	82.18067	144.01959	-95.19939	0
25	54.51589	75.67131	8.95037	-65.90727	14.64606	48.00653	-56.9569	-26.03744	113.9138	75.67131	135.88289	-99.26774	0
26	91.13104	79.73966	-6.50936	-88.69003	28.47845	46.37919	-50.44754	-16.2734	122.86417	69.16195	128.55986	-104.14976	0
27	108.21811	74.85764	-9.76404	-103.33609	32.5468	44.75185	-39.86983	-0.81367	128.55986	63.46626	122.86417	-109.84545	0
28	107.40444	64.27993	0	-106.59077	27.66478	40.6835	-30.10579	11.39138	128.55986	61.02525	122.0505	-108.21811	0
29	91.94471	48.8202	12.20505	-100.89508	19.52808	35.80148	-26.03744	13.83239	119.60949	63.46626	124.49151	-99.26774	0
30	69.97562	30.10579	18.71441	-75.67131	2.44101	30.10579	-26.03744	0	100.89508	64.27993	122.86417	-92.75838	0
31	54.51589	13.01872	19.52808	-39.86983	-13.83239	21.15542	-26.03744	-19.52808	77.29865	59.39791	117.98215	-91.94471	0
32	44.75185	0.81367	9.76404	-9.76404	-14.64606	8.95037	-25.22377	-33.36047	64.27993	51.26121	115.54114	-92.75838	0
33	38.24249	-3.25468	-13.83239	5.69569	6.50936	-7.32303	-21.96909	-36.61515	65.90727	45.56552	116.35481	-91.94471	0
34	29.29212	-8.95037	-45.56552	8.95037	37.42882	-26.85111	-13.83239	-32.5468	75.67131	47.19286	120.42316	-87.06269	0
35	18.71441	-23.59643	-69.16195	12.20505	56.9569	-46.37919	0.81367	-26.03744	86.24902	54.51589	124.49151	-82.99434	0
36	7.32303	-50.44754	-85.43535	25.22377	62.65259	-64.27993	15.45973	-21.96909	93.57205	61.02525	122.0505	-80.55333	0
37	-3.25468	-82.18067	-97.6404	43.12451	60.21158	-76.48498	21.96909	-20.34175	93.57205	63.46626	112.28646	-78.92599	0
38	-13.01872	-105.7771	-104.14976	58.58424	53.70222	-86.24902	21.15542	-14.64606	87.87636	59.39791	100.89508	-82.18067	0
39	-18.71441	-114.72747	-102.52242	66.72094	45.56552	-92.75838	17.08707	-5.69569	78.11232	48.8202	92.75838	-91.13104	0
40	-21.15542	-113.10013	-91.13104	65.0936	34.98781	-90.31737	15.45973	0.81367	69.97562	38.24249	87.06269	-102.52242	0
41	-16.2734	-104.14976	-78.92599	58.58424	29.29212	-81.367	17.90074	8.95037	71.60296	34.17414	84.62168	-110.65912	0
42	-1.62734	-91.94471	-78.92599	53.70222	35.80148	-76.48498	21.15542	16.2734	82.18067	35.80148	83.80801	-115.54114	0
43	10.57771	-89.5037	-92.75838	51.26121	50.44754	-85.43535	21.96909	17.08707	94.38572	36.61515	75.67131	-124.49151	0
44	13.83239	-102.52242	-112.28646	56.14323	62.65259	-104.96343	19.52808	12.20505	103.33609	34.17414	61.83892	-137.51023	0
45	9.76404	-122.0505	-129.37353	65.90727	70.78929	-123.67784	14.64606	4.88202	104.96343	25.22377	48.8202	-151.34262	0
46	3.25468	-138.3239	-139.95124	74.04397	74.85764	-135.88289	8.1367	-3.25468	95.19939	10.57771	39.05616	-162.734	0
47	-2.44101	-148.08794	-143.20592	79.73966	73.2303	-141.57858	2.44101	-13.83239	78.11232	-6.50936	28.47845	-168.42969	0
48	-17.90074	-155.41097	-136.69656	84.62168	61.02525	-141.57858	2.44101	-21.96909	61.02525	-20.34175	17.90074	-173.31171	0
49	-43.12451	-163.54767	-125.30518	91.13104	44.75185	-139.13757	8.1367	-25.22377	48.8202	-26.03744	12.20505	-178.19373	0
50	-64.27993	-169.24336	-122.0505	99.26774	39.05616	-136.69656	14.64606	-24.4101	43.93818	-21.96909	13.01872	-183.88942	0
51	-65.0936	-169.24336	-127.74619	101.70875	43.93818	-136.69656	22.78276	-22.78276	44.75185	-13.01872	16.2734	-187.1441	0
52	-50.44754	-161.10666	-133.44188	93.57205	52.07488	-137.51023	30.91946	-23.59643	52.07488	-2.44101	18.71441	-189.58511	0
53	-33.36047	-147.27427	-131.00087	82.18067	55.32956	-135.88289	37.42882	-26.03744	63.46626	4.88202	18.71441	-192.83979	0
54	-21.96909	-133.44188	-120.42316	74.04397	52.88855	-129.37353	41.49717	-28.47845	74.04397	7.32303	13.01872	-200.16282	0
55	-17.08707	-126.93252	-113.10013	72.41663	50.44754	-124.49151	42.31084	-25.22377	81.367	6.50936	4.88202	-209.92686	0
56	-15.45973	-126.93252	-116.35481	74.04397	52.88855	-128.55986	39.05616	-15.45973	85.43535	2.44101	-2.44101	-217.24989	0
57	-16.2734	-128.55986	-130.1872	76.48498	58.58424	-141.57858	34.98781	-4.06835	86.24902	-4.88202	-8.95037	-222.94558	0
58	-17.90074	-130.1872	-137.51023	78.11232	61.02525	-148.90161	32.5468	2.44101	81.367	-13.01872	-13.83239	-229.45494	0
59	-17.90074	-127.74619	-132.62821	76.48498	57.77057	-141.57858	29.29212	0.81367	72.41663	-17.08707	-16.2734	-235.15063	0
60	-10.57771	-117.98215	-124.49151	69.16195	56.9569	-127.74619	26.85111	-4.88202	62.65259	-16.2734	-13.83239	-235.15063	0
61	4.06835	-105.7771	-122.86417	59.39791	60.21158	-117.98215	27.66478	-11.39138	61.02525	-8.95037	-6.50936	-227.01393	0
62	18.71441	-101.70875	-129.37353	50.44754	63.46626	-117.16848	30.10579	-13.83239	69.16195	3.25468	0	-220.50457	0
63	17.90074	-110.65912	-135.88289	52.07488	66.72094	-123.67784	33.36047	-11.39138	78.92599	15.45973	0	-220.50457	0
64	4.06835	-130.1872	-135.06922	68.34828	66.72094	-132.62821	38.24249	-0.81367	87.87636	23.59643	-2.44101	-222.13191	0
65	-8.95037	-148.90161	-129.37353	88.69003	61.83892	-139.13757	45.56552	12.20505	94.38572	28.47845	-2.44101	-218.87723	0
66	-18.71441	-161.92033	-125.30518	105.7771	55.32956	-142.39225	53.70222	20.34175	94.38572	30.91946	0	-214.80888	0
67	-27.66478	-169.24336	-126.93252	114.72747	51.26121	-147.27427	56.9569	16.2734	82.99434	26.03744	0.81367	-214.80888	0
68	-32.5468	-172.49804	-136.69656	117.98215	52.88855	-157.03831	52.07488	0	58.58424	12.20505	-4.88202	-219.6909	0
69	-33.36047	-173.31171	-147.27427	117.16848	56.9569	-165.17501	41.49717	-28.47845	24.4101	-5.69569	-17.90074	-227.8276	0
70	-34.98781	-172.49804	-148.08794	113.10013	56.14323	-165.17501	26.85111	-64.27993	-19.52808	-27.66478	-31.73313	-238.40531	0
71	-40.6835	-168.42969	-139.13757	108.21811	48.00653	-157.03831	8.95037	-110.65912	-81.367	-56.14323	-45.56552	-246.54201	0
72	-47.19286	-156.22464	-118.79582	101.70875	34.17414	-139.95124	-14.64606	-178.19373	-169.24336	-94.38572	-61.83892	-249.79669	0
73	-51.26121	-129.37353	-86.24902	87.06269	17.08707	-109.03178	-47.19286	-270.95211	-286.41184	-142.39225	-71.60296	-244.101	0
74	-45.56552	-82.99434	-41.49717	61.02525	-0.81367	-62.65259	-86.24902	-378.35655	-421.48106	-198.53548	-69.16195	-225.38659	0
75	-33.36047	-22.78276	8.95037	26.85111	-17.08707	-6.50936	-123.67784	-481.69264	-558.17762	-256.30605	-59.39791	-190.39878	0
76	-19.52808	36.61515	55.32956	-8.95037	-30.10579	46.37919	-154.5973	-571.19634	-689.99216	-304.31258	-40.6835	-142.39225	0
77	-8.1367	103.33609	97.6404	-53.70222	-38.24249	100.89508	-181.44841	-647.68132	-811.22899	-338.48672	-5.69569	-86.24902	0
78	0	183.88942	147.27427	-109.03178	-50.44754	166.80235	-207.48585	-724.97997	-923.51545	-362.08315	43.93818	-21.96909	0
79	8.1367	270.13844	216.43622	-159.47932	-79.73966	244.101	-240.03265	-820.99303	-1033.3609	-377.54288	104.96343	47.19286	0
80	17.90074	367.77884	305.93992	-212.36787	-122.0505	337.67305	-281.52982	-949.55289	-1148.90204	-384.86591	173.31171	122.0505	0
81	28.47845	491.45668	413.34436	-282.34349	-170.05703	452.40052	-330.35002	-1106.5912	-1273.39355	-386.49325	244.91467	197.72181	0
82	44.75185	620.83021	533.76752	-352.31911	-227.8276	576.89203	-387.30692	-1274.20722	-1405.20809	-380.79756	314.89029	264.44275	0
83	69.97562	728.23465	646.86765	-414.15803	-288.85285	686.73748	-458.09621	-1432.0592	-1535.39529	-364.52416	379.98389	321.39965	0
84	90.31737	812.04266	736.37135	-473.55594	-338.48672	773.80017	-530.51284	-1563.87374	-1651.7501	-338.48672	429.61776	373.47453	0
85	91.94471	877.94993	800.65128	-515.86678	-369.40618	838.89377	-585.8424	-1655.00478	-1737.99912	-315.70396	442.63648	405.20766	0
86	82.18067	890.96865	814.48367	-515.05311	-372.66086	852.72616	-623.27122	-1686.73791	-1772.98693	-304.31258	405.20766	394.62995	0
87	67.53461	808.78798	742.06704	-458.09621	-338.48672	776.24118	-630.59425	-1646.86808	-1734.74444	-301.0579	322.21332	335.23204	0
88	50.44754	628.15324	576.07836	-349.8781	-261.18807	603.74314	-600.48846	-1545.973	-1633.84936	-314.07662	193.65346	231.08228	0
89	26.85111	377.54288	347.43709	-205.04484	-157.85198	363.71049	-547.59991	-1410.90378	-1507.73051	-365.33783	21.15542	93.57205	0
90	-9.76404	104.14976	109.84545	-45.56552	-58.58424	106.59077	-498.77971	-1267.69786	-1399.5124	-471.9286	-177.38006	-55.32956	0
91	-56.14323	-140.76491	-90.31737	100.08141	17.08707	-116.35481	-473.55594	-1135.88332	-1334.4188	-631.40792	-372.66086	-191.21245	0
92	-94.38572	-328.72268	-240.84632	211.5542	72.41663	-285.59817	-469.48759	-1015.46016	-1301.05833	-812.85633	-535.39486	-299.43056	0
93	-110.65912	-454.84153	-349.8781	280.71615	119.60949	-403.58032	-472.74227	-897.47801	-1268.51153	-969.08097	-645.24031	-374.2882	0
94	-108.21811	-528.07183	-423.1084	316.51763	157.85198	-480.0653	-475.99695	-772.17283	-1209.11362	-1063.46669	-698.12886	-417.41271	0
95	-96.82673	-558.99129	-458.90988	326.28167	182.26208	-522.37614	-467.04658	-631.40792	-1105.77753	-1074.0444	-695.68785	-430.43143	0
96	-82.18067	-559.80496	-470.30126	316.51763	196.09447	-532.14018	-433.68611	-477.62429	-961.75794	-1008.13713	-650.12233	-422.29473	0
97	-67.53461	-544.34523	-466.23291	297.80322	199.34915	-518.30779	-377.54288	-332.79103	-798.21027	-893.40966	-580.96038	-408.46234	0
98	-55.32956	-521.56247	-453.21419	279.90248	196.90814	-495.52503	-307.56726	-218.06356	-641.17196	-763.22246	-506.10274	-394.62995	0
99	-45.56552	-496.3387	-444.26382	266.07009	197.72181	-473.55594	-236.77797	-137.51023	-502.84806	-641.17196	-438.56813	-382.4249	0
100	-35.80148	-471.9286	-437.75446	256.30605	200.97649	-456.46887	-174.12538	-79.73966	-384.05224	-532.95385	-382.4249	-370.21985	1000	P+0
101	-28.47845	-454.02786	-426.36308	251.42403	196.09447	-441.00914	-124.49151	-32.5468	-281.52982	-441.82281	-337.67305	-358.82847	0
102	-30.91946	-444.26382	-410.08968	251.42403	179.0074	-424.73574	-87.87636	4.06835	-195.2808	-365.33783	-298.61689	-348.25076	0
103	-41.49717	-432.05877	-391.37527	250.61036	156.22464	-403.58032	-59.39791	26.85111	-123.67784	-299.43056	-258.74706	-331.16369	0
104	-42.31084	-407.64867	-371.03352	235.15063	138.3239	-379.17022	-34.17414	37.42882	-65.90727	-240.84632	-219.6909	-308.38093	0
105	-22.78276	-368.59251	-351.50544	203.4175	127.74619	-351.50544	-13.01872	41.49717	-21.96909	-190.39878	-185.51676	-282.34349	0
106	0	-323.02699	-327.09534	166.80235	125.30518	-318.95864	3.25468	47.19286	9.76404	-148.08794	-157.85198	-257.11972	0
107	13.83239	-275.83413	-291.29386	133.44188	124.49151	-279.90248	15.45973	63.46626	42.31084	-108.21811	-131.81454	-239.21898	0
108	18.71441	-227.8276	-247.35568	105.7771	116.35481	-235.9643	26.85111	91.13104	82.18067	-67.53461	-104.14976	-224.57292	0
109	13.01872	-183.88942	-198.53548	86.24902	98.45407	-190.39878	39.05616	124.49151	128.55986	-27.66478	-78.11232	-209.92686	0
110	2.44101	-149.71528	-155.41097	73.2303	76.48498	-152.96996	52.07488	155.41097	170.05703	4.88202	-57.77057	-198.53548	0
111	-2.44101	-127.74619	-128.55986	65.90727	62.65259	-129.37353	65.0936	179.0074	200.16282	27.66478	-43.93818	-192.02612	0
112	-2.44101	-113.10013	-116.35481	61.83892	57.77057	-115.54114	77.29865	193.65346	218.06356	44.75185	-40.6835	-192.83979	0
113	-1.62734	-106.59077	-110.65912	59.39791	55.32956	-109.03178	88.69003	199.34915	226.20026	55.32956	-46.37919	-199.34915	0
114	-3.25468	-113.10013	-108.21811	60.21158	51.26121	-111.47279	99.26774	199.34915	228.64127	58.58424	-58.58424	-207.48585	0
115	-7.32303	-132.62821	-111.47279	66.72094	46.37919	-122.86417	106.59077	191.21245	223.75925	56.9569	-71.60296	-218.87723	0
116	-11.39138	-152.96996	-117.16848	77.29865	44.75185	-135.06922	109.03178	175.75272	218.06356	56.14323	-81.367	-227.8276	0
117	-13.83239	-160.29299	-124.49151	82.99434	48.00653	-141.57858	106.59077	158.66565	209.92686	55.32956	-82.99434	-227.01393	0
118	-13.01872	-158.66565	-130.1872	81.367	54.51589	-142.39225	100.89508	144.83326	202.60383	52.07488	-77.29865	-218.06356	0
119	-8.95037	-152.96996	-132.62821	74.85764	61.02525	-138.3239	96.01306	139.95124	200.97649	50.44754	-69.16195	-207.48585	0
120	-8.1367	-144.83326	-129.37353	69.97562	60.21158	-132.62821	93.57205	144.01959	205.85851	55.32956	-61.02525	-198.53548	0
121	-15.45973	-135.88289	-118.79582	69.97562	51.26121	-129.37353	97.6404	156.22464	218.06356	67.53461	-51.26121	-192.02612	0
122	-22.78276	-126.93252	-106.59077	69.97562	41.49717	-128.55986	109.03178	171.68437	232.70962	81.367	-41.49717	-184.70309	0
123	-25.22377	-120.42316	-100.08141	68.34828	37.42882	-125.30518	122.86417	185.51676	245.72834	92.75838	-36.61515	-181.44841	0
124	-22.78276	-114.72747	-100.89508	63.46626	42.31084	-121.23683	133.44188	198.53548	257.11972	99.26774	-37.42882	-181.44841	0
125	-18.71441	-107.40444	-104.96343	54.51589	51.26121	-117.16848	138.3239	205.85851	263.62908	99.26774	-39.86983	-185.51676	0
126	-11.39138	-108.21811	-108.21811	42.31084	55.32956	-118.79582	135.88289	201.79016	262.00174	89.5037	-45.56552	-190.39878	0
127	-9.76404	-120.42316	-113.10013	30.10579	53.70222	-125.30518	127.74619	186.33043	249.79669	73.2303	-56.14323	-192.83979	0
128	-11.39138	-125.30518	-112.28646	27.66478	50.44754	-124.49151	117.16848	169.24336	231.08228	61.02525	-66.72094	-194.46713	0
129	-8.95037	-113.9138	-105.7771	35.80148	48.00653	-113.10013	110.65912	155.41097	213.99521	60.21158	-69.16195	-196.09447	0
130	-3.25468	-103.33609	-98.45407	43.93818	50.44754	-102.52242	109.84545	150.52895	205.04484	67.53461	-63.46626	-194.46713	0
131	0	-100.89508	-91.94471	50.44754	56.9569	-96.82673	111.47279	152.96996	203.4175	79.73966	-52.88855	-188.77144	0
132	-2.44101	-100.89508	-94.38572	56.9569	62.65259	-99.26774	116.35481	161.10666	209.92686	92.75838	-43.12451	-183.07575	0
133	-7.32303	-101.70875	-102.52242	61.83892	62.65259	-109.03178	122.0505	170.05703	221.31824	103.33609	-39.05616	-181.44841	0
134	-5.69569	-104.96343	-106.59077	61.83892	56.9569	-116.35481	126.93252	179.0074	232.70962	107.40444	-39.86983	-185.51676	0
135	-1.62734	-111.47279	-106.59077	55.32956	51.26121	-117.98215	129.37353	183.88942	240.84632	106.59077	-41.49717	-191.21245	0
136	-8.95037	-111.47279	-101.70875	48.00653	40.6835	-114.72747	129.37353	182.26208	244.101	104.14976	-43.93818	-196.90814	0
137	-24.4101	-101.70875	-92.75838	43.12451	26.85111	-107.40444	125.30518	175.75272	240.84632	101.70875	-49.63387	-203.4175	0
138	-33.36047	-91.94471	-82.18067	41.49717	18.71441	-98.45407	117.98215	170.05703	234.33696	99.26774	-55.32956	-205.85851	0
139	-27.66478	-81.367	-75.67131	39.05616	19.52808	-87.06269	111.47279	163.54767	227.01393	99.26774	-54.51589	-203.4175	0
140	-15.45973	-69.97562	-71.60296	33.36047	25.22377	-76.48498	107.40444	159.47932	223.75925	102.52242	-48.8202	-196.90814	0
141	-4.88202	-61.83892	-69.16195	28.47845	29.29212	-67.53461	105.7771	161.10666	231.89595	111.47279	-41.49717	-187.95777	0
142	0	-55.32956	-67.53461	24.4101	30.91946	-61.02525	106.59077	171.68437	253.86504	125.30518	-34.98781	-179.82107	0
143	0	-56.9569	-61.83892	24.4101	25.22377	-56.9569	108.21811	188.77144	279.90248	135.88289	-33.36047	-177.38006	0
144	-0.81367	-63.46626	-54.51589	27.66478	17.90074	-56.9569	109.84545	208.29952	300.24423	138.3239	-38.24249	-180.63474	0
145	1.62734	-66.72094	-51.26121	31.73313	17.08707	-58.58424	111.47279	228.64127	311.63561	136.69656	-45.56552	-183.88942	0
146	4.88202	-62.65259	-52.88855	31.73313	22.78276	-60.21158	113.9138	244.91467	315.70396	133.44188	-52.07488	-183.07575	0
147	7.32303	-55.32956	-58.58424	28.47845	30.10579	-63.46626	116.35481	249.79669	310.82194	130.1872	-56.9569	-181.44841	0
148	8.95037	-50.44754	-65.0936	24.4101	36.61515	-65.0936	116.35481	243.28733	301.0579	126.93252	-61.02525	-182.26208	0
149	13.01872	-49.63387	-68.34828	21.96909	39.86983	-65.0936	115.54114	233.52329	290.48019	122.86417	-66.72094	-184.70309	0
150	18.71441	-51.26121	-69.97562	21.15542	39.86983	-65.0936	113.9138	225.38659	282.34349	120.42316	-71.60296	-186.33043	0
151	23.59643	-49.63387	-70.78929	17.90074	40.6835	-62.65259	109.84545	221.31824	280.71615	119.60949	-73.2303	-185.51676	0
152	25.22377	-44.75185	-68.34828	12.20505	41.49717	-56.9569	105.7771	226.20026	287.22551	122.0505	-69.97562	-179.82107	0
153	21.96909	-38.24249	-60.21158	8.1367	37.42882	-48.8202	104.96343	238.40531	297.80322	129.37353	-62.65259	-171.68437	0
154	13.83239	-30.10579	-44.75185	7.32303	26.85111	-37.42882	104.14976	250.61036	307.56726	138.3239	-54.51589	-162.734	0
155	4.06835	-28.47845	-33.36047	12.20505	12.20505	-30.91946	101.70875	257.11972	313.26295	145.64693	-49.63387	-152.15629	0
156	-4.06835	-34.98781	-27.66478	21.15542	-0.81367	-30.91946	97.6404	261.18807	312.44928	151.34262	-49.63387	-140.76491	0
157	-9.76404	-31.73313	-18.71441	22.78276	-8.95037	-25.22377	90.31737	267.69743	310.82194	152.96996	-48.00653	-134.25555	0
158	-8.95037	-5.69569	0.81367	7.32303	-13.83239	-1.62734	84.62168	276.6478	313.26295	152.96996	-39.86983	-127.74619	0
159	-4.06835	33.36047	26.03744	-19.52808	-16.2734	29.29212	82.99434	282.34349	317.3313	152.96996	-27.66478	-116.35481	0
160	2.44101	61.02525	43.12451	-40.6835	-15.45973	48.8202	84.62168	288.03918	322.21332	154.5973	-17.90074	-105.7771	0
161	8.95037	69.16195	46.37919	-48.8202	-13.83239	53.70222	90.31737	296.17588	325.468	156.22464	-13.01872	-100.89508	0
162	18.71441	65.0936	35.80148	-48.00653	-4.88202	47.19286	99.26774	305.12625	327.90901	157.03831	-9.76404	-100.08141	0
163	30.10579	56.14323	18.71441	-42.31084	7.32303	35.80148	109.03178	314.89029	330.35002	153.78363	-13.83239	-104.14976	0
164	33.36047	49.63387	12.20505	-34.98781	11.39138	29.29212	118.79582	323.84066	334.41837	145.64693	-23.59643	-111.47279	0
165	26.85111	45.56552	17.90074	-28.47845	6.50936	30.91946	126.93252	331.97736	338.48672	139.95124	-30.10579	-115.54114	0
166	19.52808	44.75185	32.5468	-21.96909	-7.32303	38.24249	130.1872	336.85938	340.11406	137.51023	-29.29212	-112.28646	0
167	12.20505	46.37919	51.26121	-15.45973	-27.66478	51.26121	127.74619	336.04571	337.67305	134.25555	-27.66478	-108.21811	0
168	6.50936	56.9569	64.27993	-16.2734	-43.93818	66.72094	117.98215	331.97736	328.72268	128.55986	-30.10579	-108.21811	0
169	4.88202	74.04397	66.72094	-26.85111	-48.8202	78.11232	104.96343	326.28167	311.63561	122.0505	-31.73313	-109.84545	0
170	6.50936	91.13104	60.21158	-39.05616	-45.56552	81.367	94.38572	323.84066	292.10753	120.42316	-30.10579	-109.03178	0
171	15.45973	98.45407	54.51589	-47.19286	-39.86983	79.73966	87.87636	326.28167	280.71615	118.79582	-28.47845	-108.21811	0
172	29.29212	102.52242	56.9569	-52.88855	-38.24249	79.73966	87.87636	331.97736	276.6478	117.98215	-29.29212	-108.21811	0
173	32.5468	109.03178	66.72094	-57.77057	-41.49717	85.43535	91.13104	340.92773	279.90248	122.86417	-27.66478	-106.59077	0
174	24.4101	113.9138	80.55333	-58.58424	-42.31084	99.26774	97.6404	349.8781	292.9212	133.44188	-21.96909	-100.08141	0
175	16.2734	122.0505	95.19939	-63.46626	-42.31084	116.35481	104.14976	356.38746	308.38093	140.76491	-13.01872	-96.01306	0
176	9.76404	139.13757	108.21811	-74.85764	-44.75185	135.06922	105.7771	358.82847	316.51763	135.88289	-5.69569	-96.82673	0
177	9.76404	157.85198	122.0505	-87.87636	-50.44754	152.96996	101.70875	358.0148	315.70396	125.30518	-3.25468	-97.6404	0
178	19.52808	185.51676	143.20592	-99.26774	-56.9569	174.12538	96.82673	353.94645	309.1946	117.98215	-2.44101	-88.69003	0
179	41.49717	219.6909	170.05703	-113.10013	-61.02525	204.23117	93.57205	349.8781	302.68524	117.98215	5.69569	-67.53461	0
180	61.02525	240.03265	193.65346	-131.81454	-65.0936	231.08228	91.13104	349.06443	296.17588	122.86417	19.52808	-43.12451	0
181	65.90727	240.84632	211.5542	-147.27427	-70.78929	242.47366	86.24902	348.25076	285.59817	126.11885	30.91946	-25.22377	0
182	61.02525	233.52329	226.20026	-154.5973	-76.48498	243.28733	79.73966	350.69177	270.95211	124.49151	34.98781	-17.90074	0
183	50.44754	229.45494	235.15063	-154.5973	-83.80801	240.84632	74.85764	353.13278	255.49238	119.60949	34.17414	-16.2734	0
184	40.6835	233.52329	238.40531	-151.34262	-91.13104	241.65999	70.78929	351.50544	238.40531	111.47279	29.29212	-17.90074	0
185	36.61515	241.65999	242.47366	-152.96996	-96.82673	248.98302	61.83892	343.36874	219.6909	98.45407	26.03744	-20.34175	0
186	29.29212	256.30605	253.05137	-151.34262	-106.59077	259.56073	49.63387	331.97736	204.23117	82.18067	26.03744	-24.4101	0
187	15.45973	271.76578	268.5111	-140.76491	-126.11885	270.13844	37.42882	316.51763	187.95777	69.16195	25.22377	-25.22377	0
188	8.95037	278.27514	281.52982	-127.74619	-144.01959	275.83413	25.22377	299.43056	170.05703	59.39791	21.96909	-20.34175	0
189	13.83239	284.7845	284.7845	-129.37353	-148.08794	279.90248	16.2734	286.41184	153.78363	49.63387	15.45973	-14.64606	0
190	22.78276	302.68524	288.85285	-147.27427	-144.83326	291.29386	11.39138	279.08881	142.39225	40.6835	11.39138	-11.39138	0
191	30.10579	327.90901	303.49891	-168.42969	-146.4606	312.44928	12.20505	270.95211	131.81454	34.98781	12.20505	-9.76404	0
192	31.73313	349.8781	326.28167	-183.07575	-157.03831	336.85938	13.01872	261.18807	122.0505	30.10579	14.64606	-3.25468	0
193	25.22377	366.1515	352.31911	-192.02612	-171.68437	361.26948	11.39138	249.79669	109.84545	23.59643	16.2734	4.06835	0
194	15.45973	381.61123	375.10187	-196.09447	-185.51676	383.23857	6.50936	241.65999	93.57205	13.83239	14.64606	9.76404	0
195	4.88202	398.6983	387.30692	-195.2808	-196.90814	398.6983	0	235.15063	72.41663	0	7.32303	8.1367	0
196	-1.62734	406.02133	390.5616	-191.21245	-200.97649	403.58032	-8.95037	227.01393	46.37919	-18.71441	-5.69569	0	0
197	-6.50936	397.88463	388.93426	-184.70309	-194.46713	397.07096	-21.96909	213.99521	17.08707	-36.61515	-18.71441	-8.1367	0
198	-8.1367	384.05224	380.79756	-179.82107	-181.44841	384.86591	-34.17414	197.72181	-10.57771	-51.26121	-26.85111	-10.57771	0
199	3.25468	379.17022	367.77884	-186.33043	-166.80235	374.2882	-43.12451	180.63474	-32.5468	-63.46626	-27.66478	-4.88202	0
200	28.47845	392.18894	358.0148	-209.11319	-152.96996	374.2882	-44.75185	163.54767	-46.37919	-70.78929	-21.15542	1.62734	0
201	57.77057	417.41271	354.76012	-238.40531	-141.57858	385.67958	-42.31084	148.08794	-57.77057	-71.60296	-12.20505	7.32303	0
202	76.48498	441.00914	358.82847	-261.18807	-135.06922	399.51197	-43.12451	130.1872	-74.04397	-73.2303	-7.32303	13.83239	0
203	81.367	449.14584	363.71049	-268.5111	-135.88289	406.835	-45.56552	112.28646	-99.26774	-80.55333	-10.57771	19.52808	0
204	72.41663	441.82281	366.1515	-261.18807	-143.20592	403.58032	-48.8202	95.19939	-126.11885	-94.38572	-21.96909	21.15542	0
205	58.58424	426.36308	367.77884	-251.42403	-151.34262	397.07096	-53.70222	78.92599	-145.64693	-110.65912	-34.98781	19.52808	0
206	50.44754	417.41271	369.40618	-244.101	-157.03831	393.00261	-55.32956	63.46626	-155.41097	-123.67784	-43.12451	20.34175	0
207	48.00653	418.22638	374.2882	-240.84632	-161.10666	396.25729	-55.32956	51.26121	-160.29299	-129.37353	-42.31084	26.03744	0
208	36.61515	414.9717	377.54288	-229.45494	-170.8707	398.6983	-63.46626	34.98781	-168.42969	-132.62821	-40.6835	31.73313	0
209	11.39138	394.62995	374.2882	-204.23117	-185.51676	389.74793	-82.18067	12.20505	-186.33043	-139.95124	-44.75185	31.73313	0
210	-13.01872	364.52416	362.89682	-175.75272	-195.2808	369.40618	-101.70875	-9.76404	-208.29952	-152.15629	-54.51589	25.22377	0
211	-26.03744	332.79103	344.18241	-153.78363	-192.02612	343.36874	-111.47279	-23.59643	-227.8276	-165.98868	-66.72094	16.2734	0
212	-27.66478	305.93992	317.3313	-142.39225	-175.75272	315.70396	-107.40444	-30.91946	-247.35568	-177.38006	-76.48498	11.39138	0
213	-22.78276	286.41184	286.41184	-140.76491	-155.41097	288.85285	-95.19939	-39.05616	-265.25642	-183.88942	-78.92599	12.20505	0
214	-13.01872	272.57945	262.00174	-139.95124	-144.01959	267.69743	-82.18067	-57.77057	-282.34349	-189.58511	-82.18067	11.39138	0
215	-13.83239	257.93339	253.05137	-129.37353	-136.69656	256.30605	-74.85764	-87.87636	-296.98955	-196.90814	-86.24902	4.06835	0
216	-24.4101	241.65999	254.67871	-111.47279	-132.62821	249.79669	-74.85764	-117.16848	-302.68524	-205.85851	-87.06269	-5.69569	0
217	-30.91946	229.45494	258.74706	-99.26774	-133.44188	244.91467	-77.29865	-128.55986	-299.43056	-209.92686	-89.5037	-12.20505	0
218	-29.29212	224.57292	259.56073	-96.01306	-134.25555	240.84632	-78.92599	-122.86417	-289.66652	-205.85851	-93.57205	-18.71441	0
219	-26.03744	220.50457	253.05137	-95.19939	-133.44188	235.15063	-76.48498	-112.28646	-277.46147	-197.72181	-96.82673	-25.22377	0
220	-22.78276	216.43622	238.40531	-97.6404	-126.11885	225.38659	-69.16195	-107.40444	-264.44275	-187.1441	-98.45407	-31.73313	0
221	-21.96909	208.29952	215.62255	-100.08141	-111.47279	210.74053	-56.9569	-107.40444	-248.98302	-171.68437	-98.45407	-39.05616	0
222	-26.03744	192.83979	196.90814	-94.38572	-100.08141	193.65346	-40.6835	-103.33609	-227.01393	-150.52895	-96.01306	-43.12451	0
223	-32.5468	174.93905	184.70309	-82.18067	-91.13104	179.82107	-22.78276	-91.94471	-201.79016	-126.11885	-89.5037	-39.86983	0
224	-39.05616	159.47932	175.75272	-70.78929	-85.43535	167.61602	-11.39138	-82.18067	-179.82107	-107.40444	-82.99434	-35.80148	0
225	-43.12451	140.76491	165.17501	-57.77057	-83.80801	152.96996	-9.76404	-76.48498	-165.98868	-97.6404	-85.43535	-38.24249	0
226	-43.12451	117.98215	156.22464	-42.31084	-85.43535	138.3239	-13.83239	-78.11232	-160.29299	-91.13104	-96.82673	-45.56552	0
227	-39.05616	97.6404	146.4606	-29.29212	-85.43535	126.93252	-19.52808	-82.99434	-157.03831	-88.69003	-107.40444	-51.26121	0
228	-34.98781	82.18067	134.25555	-21.15542	-82.18067	114.72747	-24.4101	-84.62168	-146.4606	-88.69003	-111.47279	-56.9569	1500	QRS+0
229	-30.10579	71.60296	122.0505	-17.90074	-75.67131	103.33609	-24.4101	-77.29865	-130.1872	-86.24902	-109.03178	-63.46626	0
230	-26.85111	65.0936	114.72747	-13.83239	-67.53461	94.38572	-19.52808	-64.27993	-113.10013	-78.92599	-104.14976	-69.16195	0
231	-26.85111	65.0936	105.7771	-8.1367	-61.83892	85.43535	-11.39138	-48.8202	-97.6404	-65.90727	-99.26774	-73.2303	0
232	-29.29212	66.72094	94.38572	-5.69569	-56.14323	78.11232	-4.06835	-33.36047	-84.62168	-52.07488	-95.19939	-77.29865	0
233	-34.17414	64.27993	82.99434	-6.50936	-49.63387	70.78929	-1.62734	-20.34175	-74.85764	-41.49717	-96.01306	-84.62168	0
234	-38.24249	48.8202	68.34828	-0.81367	-44.75185	56.14323	-8.1367	-16.2734	-68.34828	-34.98781	-102.52242	-96.01306	0
235	-39.05616	23.59643	51.26121	12.20505	-41.49717	33.36047	-19.52808	-22.78276	-65.0936	-31.73313	-110.65912	-104.96343	0
236	-38.24249	1.62734	32.5468	22.78276	-35.80148	8.95037	-26.03744	-32.5468	-65.90727	-31.73313	-113.9138	-102.52242	0
237	-34.17414	-14.64606	14.64606	29.29212	-26.03744	-6.50936	-21.96909	-42.31084	-67.53461	-30.91946	-107.40444	-95.19939	0
238	-22.78276	-30.10579	4.88202	29.29212	-15.45973	-15.45973	-11.39138	-50.44754	-62.65259	-23.59643	-92.75838	-91.13104	0
239	-8.1367	-43.93818	0	19.52808	-5.69569	-23.59643	-1.62734	-55.32956	-46.37919	-13.01872	-80.55333	-94.38572	0
240	-5.69569	-56.14323	-6.50936	17.90074	1.62734	-34.17414	0	-54.51589	-26.03744	-5.69569	-79.73966	-103.33609	0
241	-17.08707	-65.90727	-15.45973	28.47845	7.32303	-43.12451	-2.44101	-49.63387	-5.69569	-0.81367	-87.06269	-114.72747	0
242	-28.47845	-74.04397	-24.4101	39.86983	8.1367	-48.8202	-4.06835	-43.12451	9.76404	3.25468	-93.57205	-122.86417	0
243	-34.17414	-79.73966	-30.10579	46.37919	7.32303	-51.26121	-2.44101	-34.17414	21.96909	9.76404	-97.6404	-127.74619	0
244	-33.36047	-82.18067	-36.61515	49.63387	7.32303	-54.51589	1.62734	-26.03744	29.29212	15.45973	-98.45407	-129.37353	0
245	-24.4101	-79.73966	-41.49717	48.00653	9.76404	-56.9569	6.50936	-17.08707	32.5468	19.52808	-99.26774	-130.1872	0
246	-8.95037	-74.04397	-41.49717	40.6835	11.39138	-53.70222	9.76404	-9.76404	32.5468	21.96909	-100.08141	-130.1872	0
247	0.81367	-64.27993	-38.24249	31.73313	12.20505	-48.00653	9.76404	-8.95037	29.29212	24.4101	-98.45407	-128.55986	0
248	8.1367	-54.51589	-38.24249	25.22377	16.2734	-41.49717	4.88202	-13.83239	24.4101	27.66478	-93.57205	-125.30518	0
249	17.08707	-50.44754	-41.49717	21.96909	25.22377	-37.42882	-1.62734	-18.71441	21.96909	28.47845	-87.06269	-120.42316	0
250	20.34175	-52.07488	-50.44754	20.34175	32.5468	-40.6835	-8.1367	-21.96909	22.78276	28.47845	-81.367	-117.16848	0
251	15.45973	-56.9569	-61.02525	22.78276	37.42882	-50.44754	-10.57771	-20.34175	29.29212	29.29212	-77.29865	-115.54114	0
252	8.1367	-65.0936	-68.34828	26.85111	37.42882	-60.21158	-7.32303	-15.45973	40.6835	31.73313	-74.85764	-115.54114	0
253	-0.81367	-72.41663	-69.16195	33.36047	33.36047	-65.0936	-0.81367	-6.50936	52.88855	34.17414	-74.04397	-117.98215	0
254	-11.39138	-74.04397	-61.02525	39.05616	25.22377	-64.27993	8.95037	6.50936	63.46626	39.86983	-68.34828	-117.98215	0
255	-17.90074	-70.78929	-48.8202	42.31084	16.2734	-58.58424	21.15542	20.34175	69.16195	48.00653	-58.58424	-111.47279	0
256	-19.52808	-66.72094	-39.05616	39.86983	11.39138	-56.14323	30.10579	26.85111	69.97562	55.32956	-51.26121	-106.59077	0
257	-16.2734	-65.0936	-36.61515	32.5468	11.39138	-61.83892	29.29212	24.4101	66.72094	58.58424	-50.44754	-106.59077	0
258	-10.57771	-65.90727	-43.93818	28.47845	17.90074	-69.16195	21.96909	15.45973	61.83892	54.51589	-53.70222	-112.28646	0
259	-8.1367	-72.41663	-56.14323	31.73313	24.4101	-77.29865	10.57771	3.25468	56.9569	45.56552	-62.65259	-119.60949	0
260	-11.39138	-82.18067	-69.97562	40.6835	27.66478	-83.80801	0	-3.25468	54.51589	35.80148	-74.85764	-127.74619	0
261	-17.08707	-91.94471	-81.367	51.26121	27.66478	-88.69003	-4.88202	-4.06835	52.88855	28.47845	-82.99434	-136.69656	0
262	-19.52808	-100.08141	-88.69003	59.39791	28.47845	-89.5037	-3.25468	0	57.77057	26.03744	-85.43535	-143.20592	0
263	-13.01872	-104.96343	-88.69003	63.46626	32.5468	-85.43535	5.69569	8.1367	68.34828	27.66478	-82.99434	-142.39225	0
264	-6.50936	-103.33609	-84.62168	63.46626	35.80148	-82.18067	18.71441	17.08707	78.92599	30.10579	-79.73966	-137.51023	0
265	-8.1367	-102.52242	-80.55333	63.46626	34.98781	-78.92599	26.85111	23.59643	87.06269	30.10579	-80.55333	-135.06922	0
266	-15.45973	-104.14976	-78.11232	67.53461	31.73313	-76.48498	28.47845	24.4101	92.75838	29.29212	-80.55333	-135.06922	0
267	-27.66478	-101.70875	-74.85764	74.85764	25.22377	-77.29865	25.22377	22.78276	95.19939	33.36047	-73.2303	-131.81454	0
268	-41.49717	-98.45407	-65.0936	80.55333	16.2734	-75.67131	17.90074	26.03744	93.57205	40.6835	-61.02525	-126.11885	0
269	-49.63387	-94.38572	-55.32956	82.18067	12.20505	-73.2303	11.39138	32.5468	91.94471	47.19286	-52.88855	-123.67784	0
270	-46.37919	-91.13104	-53.70222	81.367	14.64606	-73.2303	8.1367	39.86983	91.94471	50.44754	-51.26121	-126.93252	0
271	-34.17414	-91.94471	-65.0936	79.73966	23.59643	-79.73966	9.76404	43.93818	92.75838	48.00653	-56.9569	-131.00087	0
272	-25.22377	-94.38572	-82.18067	78.92599	32.5468	-92.75838	13.83239	43.93818	91.13104	40.6835	-66.72094	-137.51023	0
273	-21.15542	-100.89508	-91.13104	74.85764	35.80148	-100.89508	19.52808	44.75185	90.31737	34.98781	-76.48498	-141.57858	0
274	-18.71441	-108.21811	-95.19939	69.16195	40.6835	-101.70875	24.4101	47.19286	90.31737	30.10579	-82.18067	-144.01959	0
275	-17.90074	-109.03178	-104.14976	65.90727	52.07488	-100.08141	25.22377	48.00653	90.31737	28.47845	-87.87636	-145.64693	0
276	-15.45973	-104.14976	-112.28646	61.83892	61.02525	-94.38572	24.4101	43.12451	91.13104	28.47845	-92.75838	-147.27427	0
277	-11.39138	-100.08141	-109.84545	53.70222	58.58424	-87.87636	24.4101	32.5468	90.31737	28.47845	-94.38572	-148.08794	0
278	-5.69569	-92.75838	-95.19939	47.19286	46.37919	-79.73966	25.22377	25.22377	87.87636	27.66478	-90.31737	-144.01959	0
279	0	-80.55333	-78.92599	39.05616	34.98781	-71.60296	21.96909	26.03744	85.43535	27.66478	-86.24902	-139.95124	0
280	6.50936	-69.97562	-72.41663	31.73313	30.10579	-67.53461	14.64606	30.91946	85.43535	28.47845	-84.62168	-138.3239	0
281	10.57771	-65.0936	-74.04397	26.85111	32.5468	-68.34828	8.1367	36.61515	89.5037	28.47845	-86.24902	-137.51023	0
282	12.20505	-61.02525	-74.04397	26.03744	35.80148	-67.53461	4.88202	38.24249	99.26774	28.47845	-89.5037	-136.69656	0
283	10.57771	-56.14323	-69.16195	29.29212	34.98781	-63.46626	4.88202	33.36047	107.40444	26.85111	-94.38572	-137.51023	0
284	2.44101	-57.77057	-62.65259	36.61515	30.10579	-61.02525	4.88202	21.15542	108.21811	21.96909	-101.70875	-141.57858	0
285	-7.32303	-65.0936	-61.02525	43.12451	28.47845	-64.27993	4.88202	9.76404	97.6404	13.01872	-110.65912	-145.64693	0
286	-15.45973	-74.85764	-65.90727	46.37919	29.29212	-71.60296	3.25468	4.06835	80.55333	1.62734	-117.16848	-151.34262	0
287	-15.45973	-86.24902	-74.04397	49.63387	30.91946	-79.73966	0.81367	4.88202	64.27993	-8.1367	-118.79582	-157.03831	0
288	-8.1367	-100.08141	-86.24902	56.14323	34.17414	-92.75838	1.62734	12.20505	58.58424	-12.20505	-115.54114	-157.85198	0
289	2.44101	-102.52242	-95.19939	60.21158	40.6835	-98.45407	7.32303	27.66478	69.97562	-6.50936	-105.7771	-150.52895	0
290	9.76404	-89.5037	-91.94471	63.46626	43.12451	-94.38572	13.83239	48.00653	93.57205	4.06835	-94.38572	-139.13757	0
291	11.39138	-77.29865	-79.73966	65.0936	36.61515	-90.31737	20.34175	64.27993	113.9138	13.83239	-84.62168	-131.81454	0
292	7.32303	-78.92599	-68.34828	65.0936	23.59643	-88.69003	26.03744	72.41663	125.30518	18.71441	-81.367	-131.81454	0
293	-0.81367	-88.69003	-64.27993	66.72094	16.2734	-89.5037	28.47845	71.60296	131.00087	22.78276	-82.18067	-133.44188	0
294	-6.50936	-97.6404	-71.60296	69.16195	20.34175	-92.75838	25.22377	63.46626	132.62821	24.4101	-82.99434	-135.88289	0
295	-9.76404	-101.70875	-80.55333	71.60296	28.47845	-98.45407	15.45973	51.26121	131.81454	26.03744	-82.18067	-138.3239	0
296	-15.45973	-102.52242	-87.06269	74.04397	33.36047	-102.52242	3.25468	42.31084	129.37353	29.29212	-79.73966	-142.39225	0
297	-21.96909	-102.52242	-85.43535	75.67131	31.73313	-101.70875	-2.44101	41.49717	126.93252	30.91946	-78.11232	-144.83326	0
298	-30.91946	-104.96343	-77.29865	75.67131	21.96909	-96.01306	0.81367	48.8202	124.49151	31.73313	-80.55333	-144.01959	0
299	-41.49717	-109.84545	-69.97562	74.04397	12.20505	-92.75838	13.83239	60.21158	123.67784	33.36047	-82.18067	-139.95124	0
300	-45.56552	-113.10013	-68.34828	71.60296	8.95037	-94.38572	30.91946	67.53461	125.30518	35.80148	-84.62168	-131.00087	0
301	-42.31084	-112.28646	-68.34828	66.72094	10.57771	-100.08141	45.56552	70.78929	128.55986	38.24249	-85.43535	-118.79582	0
302	-31.73313	-109.03178	-69.97562	58.58424	16.2734	-104.14976	52.88855	72.41663	134.25555	42.31084	-80.55333	-106.59077	0
303	-17.08707	-101.70875	-75.67131	48.8202	26.85111	-104.96343	54.51589	74.04397	139.13757	45.56552	-73.2303	-99.26774	0
304	-5.69569	-85.43535	-80.55333	40.6835	37.42882	-98.45407	52.88855	75.67131	141.57858	43.12451	-68.34828	-96.82673	0
305	0	-67.53461	-81.367	28.47845	46.37919	-86.24902	51.26121	78.11232	139.95124	35.80148	-65.0936	-98.45407	0
306	2.44101	-58.58424	-81.367	18.71441	56.9569	-74.85764	49.63387	76.48498	131.00087	26.85111	-65.0936	-99.26774	0
307	4.88202	-61.83892	-82.18067	20.34175	65.90727	-69.16195	46.37919	66.72094	117.98215	17.08707	-70.78929	-99.26774	0
308	7.32303	-65.90727	-87.87636	29.29212	69.16195	-74.04397	43.12451	51.26121	105.7771	13.83239	-78.11232	-103.33609	0
309	7.32303	-73.2303	-92.75838	36.61515	65.0936	-81.367	42.31084	36.61515	99.26774	21.96909	-78.92599	-107.40444	0
310	1.62734	-90.31737	-91.94471	39.86983	54.51589	-86.24902	40.6835	27.66478	100.08141	37.42882	-74.04397	-109.84545	0
311	-9.76404	-106.59077	-89.5037	41.49717	41.49717	-90.31737	34.17414	27.66478	112.28646	51.26121	-71.60296	-114.72747	0
312	-17.90074	-110.65912	-84.62168	42.31084	31.73313	-93.57205	27.66478	34.98781	132.62821	60.21158	-73.2303	-117.98215	-1500	QRS-0
313	-21.15542	-101.70875	-74.85764	43.12451	23.59643	-92.75838	25.22377	45.56552	152.96996	65.0936	-74.85764	-117.16848	0
314	-21.96909	-87.87636	-63.46626	43.93818	17.90074	-86.24902	23.59643	56.9569	162.734	63.46626	-75.67131	-116.35481	0
315	-20.34175	-75.67131	-57.77057	39.86983	15.45973	-77.29865	20.34175	64.27993	157.85198	52.07488	-75.67131	-121.23683	0
316	-13.83239	-61.83892	-59.39791	27.66478	16.2734	-69.97562	19.52808	68.34828	145.64693	39.05616	-73.2303	-127.74619	0
317	-3.25468	-46.37919	-61.83892	15.45973	21.15542	-64.27993	24.4101	69.16195	134.25555	31.73313	-71.60296	-129.37353	0
318	0	-40.6835	-63.46626	17.08707	26.03744	-62.65259	30.91946	68.34828	127.74619	30.91946	-73.2303	-127.74619	0
319	-2.44101	-52.88855	-68.34828	27.66478	28.47845	-66.72094	36.61515	67.53461	127.74619	37.42882	-74.04397	-123.67784	0
320	0	-70.78929	-76.48498	34.17414	34.17414	-74.85764	43.12451	68.34828	131.81454	49.63387	-69.97562	-117.16848	0
321	4.88202	-86.24902	-86.24902	39.05616	39.05616	-85.43535	50.44754	67.53461	133.44188	59.39791	-66.72094	-112.28646	0
322	10.57771	-103.33609	-95.19939	50.44754	39.05616	-96.82673	55.32956	63.46626	128.55986	61.02525	-67.53461	-113.10013	0
323	11.39138	-122.0505	-103.33609	65.90727	39.05616	-110.65912	56.14323	61.02525	122.0505	58.58424	-71.60296	-116.35481	0
324	7.32303	-133.44188	-110.65912	75.67131	41.49717	-119.60949	53.70222	59.39791	122.86417	59.39791	-72.41663	-116.35481	0
325	0.81367	-140.76491	-113.9138	80.55333	46.37919	-123.67784	48.8202	57.77057	126.93252	59.39791	-72.41663	-115.54114	0
326	-5.69569	-143.20592	-109.03178	82.18067	50.44754	-124.49151	40.6835	52.88855	131.00087	57.77057	-74.85764	-113.10013	0
327	-8.1367	-135.88289	-102.52242	78.11232	51.26121	-119.60949	35.80148	45.56552	135.88289	59.39791	-72.41663	-106.59077	0
328	-5.69569	-122.0505	-98.45407	69.16195	52.07488	-110.65912	36.61515	40.6835	140.76491	63.46626	-66.72094	-100.89508	0
329	-2.44101	-111.47279	-100.08141	60.21158	52.07488	-106.59077	36.61515	39.86983	136.69656	62.65259	-66.72094	-102.52242	0
330	4.88202	-105.7771	-102.52242	54.51589	55.32956	-100.89508	35.80148	43.93818	125.30518	54.51589	-69.97562	-110.65912	0
331	18.71441	-101.70875	-102.52242	51.26121	60.21158	-88.69003	36.61515	51.26121	113.10013	46.37919	-73.2303	-122.0505	0
332	24.4101	-89.5037	-100.89508	42.31084	61.02525	-74.85764	39.05616	55.32956	104.96343	41.49717	-77.29865	-127.74619	0
333	17.08707	-69.16195	-92.75838	27.66478	52.88855	-67.53461	42.31084	51.26121	98.45407	41.49717	-85.43535	-126.93252	0
334	4.88202	-54.51589	-79.73966	19.52808	39.86983	-60.21158	49.63387	40.6835	92.75838	43.93818	-89.5037	-119.60949	0
335	-6.50936	-48.00653	-63.46626	21.15542	24.4101	-49.63387	60.21158	30.91946	89.5037	49.63387	-87.87636	-107.40444	0
336	-15.45973	-45.56552	-47.19286	25.22377	11.39138	-38.24249	69.16195	26.03744	89.5037	53.70222	-84.62168	-100.08141	0
337	-20.34175	-45.56552	-37.42882	28.47845	3.25468	-32.5468	69.16195	26.85111	91.13104	53.70222	-82.18067	-100.08141	0
338	-22.78276	-48.00653	-36.61515	28.47845	4.06835	-34.98781	63.46626	34.17414	92.75838	52.07488	-80.55333	-103.33609	0
339	-21.15542	-49.63387	-43.93818	26.03744	13.01872	-42.31084	55.32956	43.93818	94.38572	52.07488	-79.73966	-106.59077	0
340	-13.83239	-50.44754	-54.51589	25.22377	25.22377	-50.44754	49.63387	53.70222	97.6404	56.9569	-82.99434	-112.28646	0
341	-4.06835	-52.88855	-64.27993	26.85111	34.17414	-59.39791	49.63387	61.83892	103.33609	65.0936	-85.43535	-116.35481	0
342	-0.81367	-54.51589	-65.90727	28.47845	34.98781	-65.90727	53.70222	66.72094	111.47279	71.60296	-82.99434	-114.72747	0
343	1.62734	-52.88855	-62.65259	26.85111	32.5468	-65.90727	59.39791	67.53461	121.23683	75.67131	-75.67131	-106.59077	0
344	10.57771	-42.31084	-56.9569	16.2734	34.17414	-58.58424	63.46626	64.27993	126.93252	79.73966	-63.46626	-95.19939	0
345	24.4101	-22.78276	-46.37919	0	34.98781	-46.37919	65.0936	61.02525	125.30518	85.43535	-52.07488	-83.80801	0
346	35.80148	-5.69569	-34.17414	-18.71441	35.80148	-34.98781	64.27993	61.02525	119.60949	89.5037	-47.19286	-78.92599	0
347	43.93818	4.88202	-29.29212	-31.73313	37.42882	-24.4101	62.65259	63.46626	111.47279	88.69003	-44.75185	-77.29865	0
348	48.8202	13.83239	-26.03744	-39.05616	38.24249	-13.83239	62.65259	65.90727	107.40444	87.87636	-40.6835	-73.2303	0
349	49.63387	25.22377	-19.52808	-43.12451	39.05616	-0.81367	61.83892	68.34828	110.65912	93.57205	-32.5468	-64.27993	0
350	48.8202	36.61515	-12.20505	-45.56552	43.93818	9.76404	57.77057	66.72094	118.79582	104.96343	-23.59643	-55.32956	0
351	52.88855	43.12451	-13.01872	-49.63387	50.44754	14.64606	48.8202	53.70222	125.30518	113.10013	-19.52808	-48.8202	0
352	62.65259	47.19286	-19.52808	-56.14323	54.51589	14.64606	31.73313	34.17414	122.86417	111.47279	-21.96909	-51.26121	0
353	69.16195	50.44754	-22.78276	-60.21158	53.70222	14.64606	9.76404	18.71441	113.9138	102.52242	-29.29212	-56.9569	0
354	69.16195	53.70222	-18.71441	-61.83892	47.19286	17.90074	-9.76404	7.32303	104.96343	94.38572	-34.98781	-61.02525	0
355	65.90727	58.58424	-6.50936	-61.83892	37.42882	25.22377	-24.4101	-1.62734	98.45407	89.5037	-38.24249	-56.14323	0
356	58.58424	63.46626	9.76404	-60.21158	23.59643	35.80148	-32.5468	-10.57771	94.38572	87.06269	-39.05616	-45.56552	0
357	48.8202	72.41663	30.10579	-60.21158	8.95037	51.26121	-36.61515	-16.2734	96.82673	88.69003	-36.61515	-35.80148	0
358	41.49717	86.24902	49.63387	-63.46626	-3.25468	68.34828	-37.42882	-17.08707	102.52242	95.19939	-28.47845	-30.10579	0
359	29.29212	95.19939	68.34828	-61.02525	-19.52808	82.18067	-35.80148	-7.32303	109.03178	101.70875	-17.08707	-25.22377	0
360	8.1367	99.26774	90.31737	-52.07488	-40.6835	94.38572	-32.5468	7.32303	112.28646	104.96343	-4.88202	-20.34175	0
361	-8.95037	98.45407	104.96343	-43.12451	-57.77057	101.70875	-26.85111	20.34175	109.03178	106.59077	4.06835	-17.90074	0
362	-14.64606	89.5037	100.08141	-37.42882	-58.58424	96.01306	-21.15542	20.34175	99.26774	104.14976	5.69569	-20.34175	0
363	-0.81367	75.67131	72.41663	-37.42882	-38.24249	80.55333	-17.90074	10.57771	85.43535	95.19939	-0.81367	-27.66478	0
364	24.4101	65.0936	39.05616	-45.56552	-7.32303	69.16195	-17.90074	-0.81367	72.41663	84.62168	-9.76404	-34.17414	0
365	46.37919	65.0936	17.90074	-56.14323	13.01872	59.39791	-16.2734	-13.01872	63.46626	79.73966	-13.83239	-34.17414	0
366	51.26121	74.04397	12.20505	-66.72094	13.83239	48.8202	-12.20505	-23.59643	55.32956	78.92599	-12.20505	-28.47845	0
367	39.86983	84.62168	13.83239	-75.67131	4.88202	37.42882	-12.20505	-30.10579	51.26121	77.29865	-10.57771	-24.4101	0
368	31.73313	86.24902	10.57771	-74.85764	3.25468	26.85111	-17.08707	-32.5468	55.32956	72.41663	-12.20505	-25.22377	0
369	43.12451	74.04397	-2.44101	-65.90727	17.90074	14.64606	-21.15542	-31.73313	63.46626	69.97562	-12.20505	-25.22377	0
370	60.21158	54.51589	-21.15542	-55.32956	37.42882	1.62734	-20.34175	-26.85111	75.67131	73.2303	-9.76404	-22.78276	0
371	60.21158	27.66478	-39.05616	-39.05616	54.51589	-10.57771	-17.08707	-18.71441	88.69003	76.48498	-8.1367	-19.52808	0
372	42.31084	0	-44.75185	-16.2734	61.02525	-19.52808	-12.20505	-10.57771	100.89508	78.11232	-6.50936	-16.2734	0
373	25.22377	-16.2734	-42.31084	-1.62734	57.77057	-23.59643	-5.69569	-2.44101	108.21811	79.73966	-2.44101	-13.01872	0
374	16.2734	-23.59643	-46.37919	1.62734	47.19286	-30.10579	-0.81367	4.88202	104.96343	77.29865	-1.62734	-14.64606	0
375	10.57771	-28.47845	-56.9569	0	34.17414	-39.86983	2.44101	12.20505	87.87636	67.53461	-6.50936	-25.22377	0
376	6.50936	-30.91946	-58.58424	-0.81367	22.78276	-43.93818	7.32303	13.01872	69.16195	55.32956	-12.20505	-39.86983	0
377	4.88202	-38.24249	-52.88855	-2.44101	17.90074	-42.31084	14.64606	8.95037	59.39791	46.37919	-18.71441	-52.88855	0
378	7.32303	-48.8202	-49.63387	-4.06835	19.52808	-40.6835	25.22377	2.44101	61.83892	44.75185	-27.66478	-61.02525	0
379	16.2734	-57.77057	-54.51589	-2.44101	27.66478	-45.56552	35.80148	-2.44101	70.78929	46.37919	-34.17414	-64.27993	0
380	21.15542	-67.53461	-67.53461	0	34.98781	-61.83892	41.49717	-8.95037	77.29865	48.00653	-39.86983	-69.16195	0
381	16.2734	-76.48498	-85.43535	2.44101	40.6835	-83.80801	41.49717	-11.39138	79.73966	48.00653	-43.12451	-73.2303	0
382	18.71441	-84.62168	-106.59077	4.06835	54.51589	-101.70875	38.24249	-10.57771	79.73966	46.37919	-44.75185	-71.60296	0
383	31.73313	-96.01306	-126.93252	6.50936	74.04397	-113.10013	34.17414	-5.69569	78.11232	41.49717	-47.19286	-66.72094	0
384	43.12451	-104.14976	-139.95124	11.39138	88.69003	-119.60949	30.10579	0	74.85764	34.98781	-52.07488	-64.27993	0
385	48.8202	-106.59077	-147.27427	16.2734	98.45407	-123.67784	24.4101	3.25468	68.34828	26.03744	-58.58424	-67.53461	0
386	47.19286	-110.65912	-152.15629	22.78276	103.33609	-124.49151	18.71441	0.81367	56.9569	15.45973	-66.72094	-72.41663	0
387	40.6835	-121.23683	-157.85198	34.98781	104.14976	-122.86417	15.45973	-5.69569	43.93818	5.69569	-78.92599	-74.85764	0
388	32.5468	-130.1872	-160.29299	46.37919	100.08141	-124.49151	16.2734	-13.83239	37.42882	2.44101	-88.69003	-77.29865	0
389	19.52808	-131.81454	-152.15629	56.9569	88.69003	-125.30518	22.78276	-19.52808	43.12451	8.1367	-87.06269	-79.73966	0
390	4.88202	-128.55986	-135.88289	64.27993	71.60296	-125.30518	34.98781	-20.34175	61.02525	22.78276	-73.2303	-77.29865	0
391	-7.32303	-122.0505	-117.98215	67.53461	55.32956	-126.11885	47.19286	-13.83239	83.80801	39.86983	-55.32956	-70.78929	0
392	-17.90074	-120.42316	-106.59077	67.53461	43.12451	-126.93252	51.26121	-3.25468	96.82673	48.00653	-46.37919	-69.16195	0
393	-28.47845	-126.93252	-102.52242	69.16195	35.80148	-127.74619	42.31084	3.25468	94.38572	43.93818	-49.63387	-75.67131	0
394	-33.36047	-133.44188	-102.52242	71.60296	33.36047	-127.74619	25.22377	4.06835	79.73966	32.5468	-59.39791	-86.24902	0
395	-32.5468	-132.62821	-104.14976	73.2303	33.36047	-124.49151	8.1367	0	62.65259	19.52808	-71.60296	-93.57205	0
396	-28.47845	-129.37353	-109.84545	74.04397	35.80148	-122.0505	-0.81367	-9.76404	48.8202	8.1367	-88.69003	-96.01306	0
397	-24.4101	-128.55986	-116.35481	74.04397	39.86983	-122.86417	0	-18.71441	39.86983	1.62734	-102.52242	-100.08141	0
398	-20.34175	-130.1872	-119.60949	74.04397	44.75185	-122.86417	13.83239	-21.15542	36.61515	4.06835	-104.96343	-100.08141	0
399	-17.08707	-131.00087	-116.35481	73.2303	46.37919	-120.42316	31.73313	-16.2734	38.24249	13.83239	-97.6404	-97.6404	0
400	-14.64606	-133.44188	-111.47279	70.78929	48.00653	-115.54114	46.37919	-9.76404	43.93818	23.59643	-87.87636	-96.82673	0
401	-17.08707	-137.51023	-109.03178	69.16195	52.07488	-113.9138	54.51589	-2.44101	52.88855	29.29212	-78.11232	-97.6404	0
402	-21.96909	-144.01959	-113.10013	67.53461	53.70222	-121.23683	56.9569	1.62734	61.83892	30.10579	-70.78929	-98.45407	0
403	-21.15542	-152.15629	-126.11885	65.90727	59.39791	-134.25555	52.88855	1.62734	68.34828	26.85111	-67.53461	-98.45407	0
404	-7.32303	-157.85198	-148.90161	64.27993	74.85764	-151.34262	39.05616	-4.88202	65.90727	19.52808	-67.53461	-95.19939	0
405	11.39138	-162.734	-170.8707	63.46626	92.75838	-166.80235	20.34175	-20.34175	51.26121	6.50936	-69.97562	-93.57205	0
406	26.85111	-165.98868	-179.82107	62.65259	102.52242	-171.68437	1.62734	-39.05616	26.03744	-5.69569	-74.85764	-95.19939	0
407	36.61515	-162.734	-177.38006	57.77057	104.96343	-165.17501	-12.20505	-63.46626	-9.76404	-18.71441	-82.99434	-96.82673	0
408	35.80148	-156.22464	-168.42969	50.44754	100.08141	-156.22464	-23.59643	-104.14976	-63.46626	-37.42882	-98.45407	-96.01306	0
409	17.08707	-152.15629	-152.15629	48.00653	82.99434	-146.4606	-31.73313	-166.80235	-141.57858	-66.72094	-117.98215	-95.19939	0
410	-10.57771	-140.76491	-120.42316	52.88855	52.88855	-126.93252	-40.6835	-247.35568	-241.65999	-101.70875	-128.55986	-83.80801	0
411	-31.73313	-104.96343	-70.78929	50.44754	21.96909	-85.43535	-52.88855	-336.04571	-357.20113	-135.06922	-117.98215	-54.51589	0
412	-37.42882	-45.56552	-11.39138	30.10579	-3.25468	-26.85111	-72.41663	-427.17675	-486.57466	-168.42969	-90.31737	-8.95037	0
413	-26.85111	22.78276	45.56552	-4.06835	-22.78276	34.98781	-100.08141	-520.7488	-623.27122	-202.60383	-54.51589	43.93818	0
414	-7.32303	92.75838	96.82673	-44.75185	-40.6835	94.38572	-133.44188	-620.83021	-759.96778	-236.77797	-17.90074	97.6404	0
415	9.76404	162.734	151.34262	-86.24902	-62.65259	156.22464	-168.42969	-724.97997	-888.52764	-265.25642	17.90074	148.08794	0
416	30.10579	244.101	218.06356	-136.69656	-89.5037	231.08228	-197.72181	-832.38441	-1005.69612	-279.90248	62.65259	204.23117	0
417	52.07488	346.62342	301.0579	-199.34915	-122.0505	323.84066	-228.64127	-950.36656	-1121.23726	-281.52982	125.30518	274.20679	0
418	68.34828	466.23291	403.58032	-266.07009	-166.80235	436.12712	-271.76578	-1096.82716	-1250.61079	-277.46147	200.16282	353.13278	0
419	75.67131	597.23378	525.63082	-334.41837	-224.57292	562.24597	-334.41837	-1278.27557	-1399.5124	-271.76578	278.27514	433.68611	0
420	78.11232	733.11667	655.81802	-402.76665	-289.66652	695.68785	-419.04005	-1480.06573	-1556.55071	-261.18807	348.25076	509.35742	0
421	82.99434	862.4902	776.24118	-470.30126	-347.43709	820.17936	-526.44449	-1658.25946	-1699.75663	-239.21898	404.39399	578.51937	0
422	96.82673	960.1306	858.42185	-528.07183	-381.61123	910.49673	-633.84893	-1772.98693	-1805.53373	-206.67218	450.77318	630.59425	0
423	109.03178	986.16804	871.44057	-547.59991	-382.4249	929.21114	-707.8929	-1827.50282	-1849.47191	-180.63474	468.67392	647.68132	0
424	112.28646	909.68306	793.32825	-510.98476	-340.92773	851.91249	-731.48933	-1818.55245	-1809.60208	-161.92033	435.31345	617.57553	0
425	110.65912	732.303	620.83021	-421.48106	-255.49238	676.15977	-711.14758	-1739.62646	-1689.17892	-156.22464	342.55507	539.46321	0
426	100.89508	478.43796	381.61123	-290.48019	-139.95124	429.61776	-673.71876	-1605.37091	-1527.25859	-184.70309	188.77144	417.41271	0
427	72.41663	192.02612	126.11885	-132.62821	-26.03744	159.47932	-644.42664	-1441.82324	-1377.54331	-275.83413	-9.76404	267.69743	0
428	30.10579	-75.67131	-99.26774	22.78276	65.0936	-87.06269	-628.96691	-1285.5986	-1285.5986	-440.19547	-225.38659	115.54114	0
429	-9.76404	-289.66652	-275.83413	151.34262	132.62821	-281.52982	-627.33957	-1150.52938	-1251.42446	-650.12233	-414.15803	-14.64606	0
430	-34.17414	-438.56813	-402.76665	239.21898	179.82107	-419.85372	-633.84893	-1029.29255	-1244.10143	-848.65781	-541.90422	-110.65912	0
431	-43.12451	-529.69917	-490.64301	290.48019	210.74053	-510.17109	-630.59425	-906.42838	-1222.94601	-985.35437	-606.18415	-167.61602	0
432	-44.75185	-572.01001	-542.71789	313.26295	229.45494	-558.17762	-603.74314	-768.91815	-1157.03874	-1034.17457	-614.32085	-188.77144	0
433	-46.37919	-579.33304	-558.99129	318.14497	235.15063	-568.75533	-548.41358	-611.06617	-1034.98824	-995.93208	-579.33304	-184.70309	0
434	-49.63387	-567.12799	-545.1589	312.44928	228.64127	-554.92294	-468.67392	-444.26382	-873.88158	-898.29168	-520.7488	-169.24336	0
435	-57.77057	-550.04092	-511.79843	306.75359	213.99521	-529.69917	-377.54288	-292.9212	-705.45189	-774.61384	-462.16456	-153.78363	0
436	-60.21158	-537.83587	-475.18328	304.31258	196.90814	-504.4754	-289.66652	-174.93905	-553.2956	-652.56334	-415.78537	-148.90161	0
437	-47.19286	-522.37614	-445.07749	298.61689	182.26208	-481.69264	-214.80888	-95.19939	-427.99042	-542.71789	-381.61123	-154.5973	0
438	-34.17414	-487.38833	-417.41271	276.6478	176.56639	-450.77318	-158.66565	-44.75185	-324.65433	-445.07749	-351.50544	-159.47932	0
439	-31.73313	-439.3818	-393.00261	241.65999	176.56639	-414.15803	-121.23683	-15.45973	-237.59164	-358.0148	-317.3313	-157.85198	0
440	-26.85111	-398.6983	-371.84719	214.80888	174.12538	-384.05224	-99.26774	-1.62734	-165.98868	-284.7845	-274.20679	-148.08794	0
441	-17.08707	-371.03352	-348.25076	200.16282	166.80235	-358.82847	-83.80801	3.25468	-105.7771	-222.13191	-226.20026	-134.25555	0
442	-10.57771	-344.99608	-323.02699	186.33043	161.92033	-333.6047	-68.34828	6.50936	-57.77057	-169.24336	-183.07575	-118.79582	0
443	-3.25468	-318.14497	-301.0579	167.61602	158.66565	-310.00827	-50.44754	13.01872	-21.96909	-127.74619	-151.34262	-108.21811	0
444	2.44101	-290.48019	-275.02046	148.90161	152.15629	-288.03918	-26.85111	30.91946	6.50936	-95.19939	-132.62821	-99.26774	0
445	8.95037	-259.56073	-245.72834	133.44188	138.3239	-259.56073	2.44101	63.46626	38.24249	-63.46626	-120.42316	-84.62168	0
446	16.2734	-222.13191	-214.80888	122.0505	122.0505	-224.57292	32.5468	101.70875	74.85764	-30.10579	-106.59077	-71.60296	0
447	13.83239	-186.33043	-181.44841	111.47279	100.89508	-187.1441	52.07488	131.00087	111.47279	0	-93.57205	-66.72094	0
448	0	-164.36134	-152.15629	98.45407	77.29865	-159.47932	62.65259	146.4606	139.95124	18.71441	-89.5037	-71.60296	0
449	-12.20505	-152.96996	-134.25555	88.69003	60.21158	-143.20592	73.2303	155.41097	161.10666	31.73313	-90.31737	-81.367	0
450	-15.45973	-140.76491	-123.67784	78.92599	55.32956	-131.00087	82.99434	165.98868	179.82107	48.00653	-86.24902	-84.62168	0
451	-12.20505	-126.11885	-117.98215	67.53461	59.39791	-119.60949	96.01306	177.38006	193.65346	69.16195	-73.2303	-74.85764	0
452	-5.69569	-114.72747	-117.98215	58.58424	65.0936	-113.10013	110.65912	187.1441	204.23117	85.43535	-52.88855	-59.39791	0
453	0	-107.40444	-120.42316	52.07488	67.53461	-110.65912	122.86417	188.77144	208.29952	94.38572	-30.91946	-44.75185	0
454	7.32303	-100.08141	-122.86417	49.63387	69.97562	-110.65912	127.74619	180.63474	206.67218	95.19939	-16.2734	-34.98781	0
455	19.52808	-91.94471	-131.00087	48.8202	74.85764	-113.10013	125.30518	165.98868	198.53548	89.5037	-17.08707	-32.5468	0
456	26.03744	-87.87636	-145.64693	48.8202	76.48498	-118.79582	118.79582	147.27427	191.21245	80.55333	-31.73313	-35.80148	0
457	26.03744	-89.5037	-154.5973	49.63387	77.29865	-124.49151	111.47279	134.25555	191.21245	76.48498	-49.63387	-42.31084	0
458	18.71441	-94.38572	-149.71528	55.32956	72.41663	-126.93252	105.7771	135.06922	199.34915	78.92599	-61.83892	-50.44754	0
459	6.50936	-100.89508	-133.44188	64.27993	60.21158	-123.67784	102.52242	152.15629	210.74053	87.87636	-63.46626	-58.58424	0
460	-0.81367	-108.21811	-117.16848	70.78929	48.8202	-117.16848	101.70875	174.93905	225.38659	98.45407	-54.51589	-62.65259	0
461	-5.69569	-115.54114	-109.03178	74.04397	41.49717	-114.72747	104.14976	195.2808	240.84632	110.65912	-34.17414	-56.14323	0
462	-11.39138	-118.79582	-103.33609	73.2303	38.24249	-111.47279	109.03178	209.11319	253.86504	122.86417	-5.69569	-39.86983	0
463	-16.2734	-114.72747	-95.19939	69.16195	34.98781	-104.14976	115.54114	216.43622	260.3744	129.37353	18.71441	-20.34175	0
464	-21.96909	-106.59077	-82.18067	65.0936	29.29212	-92.75838	119.60949	216.43622	262.81541	124.49151	26.03744	-10.57771	0
465	-28.47845	-93.57205	-68.34828	56.9569	20.34175	-80.55333	119.60949	208.29952	259.56073	111.47279	15.45973	-12.20505	0
466	-33.36047	-77.29865	-59.39791	43.93818	11.39138	-67.53461	115.54114	195.2808	252.2377	98.45407	-7.32303	-21.96909	0
467	-32.5468	-63.46626	-54.51589	32.5468	6.50936	-62.65259	107.40444	183.07575	243.28733	90.31737	-34.17414	-35.80148	0
468	-21.15542	-54.51589	-56.9569	26.03744	6.50936	-68.34828	100.89508	177.38006	239.21898	90.31737	-51.26121	-46.37919	0
469	-11.39138	-51.26121	-64.27993	23.59643	13.83239	-74.04397	103.33609	183.07575	243.28733	100.89508	-51.26121	-48.8202	0
470	-7.32303	-55.32956	-69.16195	21.15542	25.22377	-77.29865	117.98215	199.34915	253.86504	118.79582	-29.29212	-39.05616	0
471	-4.88202	-64.27993	-68.34828	19.52808	35.80148	-79.73966	136.69656	219.6909	269.32477	134.25555	5.69569	-21.96909	0
472	-3.25468	-74.85764	-65.0936	24.4101	41.49717	-81.367	149.71528	235.9643	281.52982	144.83326	37.42882	-6.50936	0
473	-4.06835	-86.24902	-65.90727	34.98781	41.49717	-82.99434	150.52895	240.84632	280.71615	148.90161	52.88855	0	0
474	-5.69569	-94.38572	-69.16195	42.31084	36.61515	-85.43535	144.01959	233.52329	270.13844	142.39225	48.8202	0	0
475	-8.95037	-91.94471	-65.0936	43.12451	30.10579	-81.367	135.06922	218.06356	253.86504	128.55986	26.85111	-0.81367	0
476	-8.95037	-82.18067	-56.9569	39.86983	24.4101	-70.78929	123.67784	198.53548	239.21898	112.28646	-7.32303	-4.88202	0
477	-4.06835	-68.34828	-50.44754	33.36047	22.78276	-60.21158	113.9138	183.07575	231.89595	101.70875	-39.05616	-13.01872	0
478	3.25468	-52.88855	-48.00653	23.59643	25.22377	-49.63387	110.65912	183.07575	240.84632	104.96343	-52.07488	-17.90074	0
479	17.90074	-34.17414	-48.00653	9.76404	32.5468	-44.75185	114.72747	199.34915	259.56073	118.79582	-46.37919	-13.83239	0
480	35.80148	-17.90074	-53.70222	-4.88202	43.93818	-48.8202	118.79582	221.31824	274.20679	133.44188	-30.91946	-4.88202	0
481	39.86983	-21.15542	-64.27993	-5.69569	56.9569	-60.21158	120.42316	240.03265	279.08881	139.95124	-7.32303	0.81367	0
482	21.96909	-42.31084	-74.04397	12.20505	64.27993	-70.78929	124.49151	253.86504	282.34349	137.51023	19.52808	7.32303	0
483	-1.62734	-61.02525	-77.29865	31.73313	63.46626	-72.41663	131.81454	264.44275	286.41184	133.44188	43.12451	19.52808	0
484	-13.01872	-65.0936	-73.2303	39.05616	54.51589	-63.46626	139.13757	268.5111	288.85285	129.37353	58.58424	34.98781	0
485	-11.39138	-61.02525	-63.46626	35.80148	43.93818	-48.8202	144.01959	263.62908	286.41184	126.11885	56.9569	39.86983	0
486	-2.44101	-44.75185	-56.14323	25.22377	34.98781	-35.80148	142.39225	250.61036	275.83413	120.42316	39.86983	31.73313	0
487	8.1367	-20.34175	-55.32956	13.01872	30.10579	-26.03744	135.88289	240.03265	264.44275	112.28646	12.20505	19.52808	0
488	18.71441	-3.25468	-55.32956	3.25468	30.10579	-21.15542	124.49151	236.77797	255.49238	106.59077	-15.45973	5.69569	0
489	21.15542	-1.62734	-51.26121	1.62734	28.47845	-21.96909	112.28646	242.47366	253.86504	105.7771	-29.29212	-4.88202	0
490	8.1367	-11.39138	-45.56552	11.39138	17.08707	-22.78276	105.7771	254.67871	262.00174	112.28646	-23.59643	-9.76404	0
491	-12.20505	-21.15542	-41.49717	25.22377	0.81367	-20.34175	108.21811	271.76578	279.90248	124.49151	-0.81367	-4.06835	0
492	-29.29212	-31.73313	-37.42882	39.86983	-10.57771	-20.34175	116.35481	288.85285	299.43056	139.13757	32.5468	16.2734	0
493	-39.05616	-46.37919	-34.98781	51.26121	-14.64606	-29.29212	125.30518	301.87157	315.70396	150.52895	61.02525	40.6835	0
494	-35.80148	-52.07488	-33.36047	49.63387	-13.83239	-35.80148	130.1872	308.38093	322.21332	152.96996	69.97562	57.77057	0
495	-18.71441	-37.42882	-31.73313	33.36047	-10.57771	-30.91946	129.37353	309.1946	316.51763	147.27427	56.9569	62.65259	0
496	-8.95037	-12.20505	-24.4101	17.08707	-4.88202	-16.2734	123.67784	309.1946	303.49891	135.06922	27.66478	55.32956	0
497	-10.57771	5.69569	-5.69569	4.06835	-4.88202	0	118.79582	308.38093	287.22551	122.0505	-6.50936	39.05616	0
498	-16.2734	17.90074	19.52808	-9.76404	-17.08707	18.71441	118.79582	306.75359	273.39312	111.47279	-32.5468	25.22377	0
499	-17.90074	32.5468	44.75185	-21.96909	-30.10579	39.05616	127.74619	306.75359	265.25642	107.40444	-32.5468	21.15542	0
500	-17.08707	51.26121	61.02525	-31.73313	-34.98781	56.9569	144.01959	312.44928	266.88376	107.40444	-5.69569	29.29212	0
501	-9.76404	63.46626	65.90727	-39.86983	-33.36047	65.90727	155.41097	321.39965	279.90248	113.10013	34.98781	43.12451	0
502	0.81367	65.90727	64.27993	-46.37919	-31.73313	65.90727	154.5973	328.72268	296.98955	122.0505	74.04397	58.58424	0
503	10.57771	65.90727	61.83892	-50.44754	-29.29212	65.90727	143.20592	340.92773	312.44928	133.44188	102.52242	74.85764	0
504	13.83239	64.27993	62.65259	-49.63387	-28.47845	69.97562	125.30518	356.38746	321.39965	144.01959	113.10013	87.06269	0
505	8.95037	60.21158	65.90727	-43.12451	-30.91946	78.92599	103.33609	363.71049	323.84066	150.52895	96.82673	92.75838	0
506	9.76404	63.46626	69.97562	-42.31084	-30.91946	89.5037	86.24902	365.33783	323.02699	150.52895	61.02525	91.94471	0
507	19.52808	82.18067	71.60296	-57.77057	-20.34175	97.6404	82.99434	364.52416	319.77231	145.64693	24.4101	85.43535	0
508	29.29212	107.40444	65.90727	-83.80801	-2.44101	100.89508	91.13104	365.33783	317.3313	139.13757	0.81367	74.85764	0
509	37.42882	124.49151	61.83892	-101.70875	7.32303	101.70875	105.7771	367.77884	320.58598	136.69656	-4.06835	65.0936	0
510	43.12451	131.00087	68.34828	-108.21811	3.25468	106.59077	121.23683	375.10187	332.79103	138.3239	13.83239	58.58424	0
511	42.31084	129.37353	84.62168	-105.7771	-8.1367	116.35481	135.88289	386.49325	348.25076	144.01959	56.9569	62.65259	0
512	32.5468	131.00087	101.70875	-96.82673	-22.78276	125.30518	141.57858	398.6983	355.57379	152.96996	104.96343	81.367	0
513	18.71441	136.69656	113.9138	-82.99434	-37.42882	127.74619	138.3239	406.835	351.50544	155.41097	133.44188	103.33609	0
514	13.01872	142.39225	123.67784	-75.67131	-46.37919	127.74619	131.00087	406.835	340.92773	149.71528	135.06922	114.72747	0
515	18.71441	161.10666	131.81454	-81.367	-48.8202	136.69656	120.42316	403.58032	324.65433	144.01959	120.42316	117.98215	0
516	29.29212	196.90814	138.3239	-96.01306	-51.26121	157.03831	111.47279	402.76665	306.75359	139.13757	90.31737	117.98215	0
517	40.6835	229.45494	148.90161	-114.72747	-55.32956	181.44841	106.59077	402.76665	287.22551	132.62821	52.88855	114.72747	0
518	42.31084	241.65999	165.98868	-131.00087	-65.0936	199.34915	100.89508	401.13931	270.13844	123.67784	21.15542	109.03178	0
519	32.5468	244.101	190.39878	-144.83326	-82.18067	215.62255	96.82673	403.58032	262.81541	117.16848	13.01872	106.59077	0
520	21.15542	257.93339	222.13191	-157.85198	-100.89508	240.84632	98.45407	412.53069	267.69743	113.9138	33.36047	117.98215	0
521	12.20505	280.71615	253.05137	-167.61602	-117.16848	268.5111	106.59077	421.48106	275.83413	117.98215	74.85764	142.39225	0
522	7.32303	301.87157	278.27514	-172.49804	-130.1872	291.29386	114.72747	419.04005	275.83413	126.11885	124.49151	171.68437	0
523	0.81367	312.44928	298.61689	-169.24336	-144.01959	306.75359	115.54114	404.39399	264.44275	131.00087	164.36134	196.90814	0
524	-4.88202	317.3313	310.82194	-160.29299	-154.5973	312.44928	107.40444	382.4249	240.03265	124.49151	174.12538	209.11319	0
525	-6.50936	317.3313	315.70396	-151.34262	-156.22464	307.56726	90.31737	358.82847	209.11319	105.7771	147.27427	200.97649	0
526	-2.44101	314.07662	320.58598	-149.71528	-148.90161	299.43056	69.97562	334.41837	179.0074	82.99434	94.38572	176.56639	0
527	2.44101	319.77231	324.65433	-160.29299	-140.76491	302.68524	55.32956	315.70396	152.96996	60.21158	39.05616	148.08794	0
528	7.32303	338.48672	331.16369	-177.38006	-139.95124	319.77231	48.8202	307.56726	135.06922	44.75185	5.69569	128.55986	0
529	13.83239	362.89682	338.48672	-192.83979	-147.27427	341.7414	50.44754	309.1946	128.55986	39.86983	0	123.67784	0
530	21.15542	379.98389	339.30039	-201.79016	-156.22464	353.94645	55.32956	318.95864	127.74619	43.12451	19.52808	131.81454	0
531	30.91946	384.86591	334.41837	-205.04484	-162.734	355.57379	57.77057	331.16369	121.23683	48.8202	61.02525	148.90161	0
532	42.31084	384.05224	326.28167	-209.11319	-167.61602	353.13278	56.14323	332.79103	103.33609	51.26121	113.10013	174.93905	0
533	44.75185	379.17022	323.84066	-208.29952	-168.42969	350.69177	47.19286	317.3313	76.48498	48.00653	154.5973	204.23117	0
534	29.29212	372.66086	331.97736	-200.97649	-165.98868	352.31911	26.03744	283.15716	39.86983	31.73313	164.36134	220.50457	0
535	8.95037	368.59251	345.80975	-196.09447	-165.17501	355.57379	0	238.40531	0	2.44101	137.51023	217.24989	0
536	1.62734	365.33783	360.45581	-195.2808	-165.17501	356.38746	-24.4101	195.2808	-34.98781	-31.73313	87.06269	196.90814	0
537	10.57771	372.66086	371.03352	-196.90814	-161.92033	362.89682	-37.42882	160.29299	-61.02525	-64.27993	27.66478	168.42969	0
538	27.66478	391.37527	375.10187	-198.53548	-158.66565	375.91554	-39.05616	137.51023	-79.73966	-87.06269	-20.34175	142.39225	0
539	37.42882	408.46234	377.54288	-200.16282	-161.10666	388.12059	-34.17414	126.11885	-95.19939	-98.45407	-38.24249	126.11885	0
540	30.91946	417.41271	383.23857	-199.34915	-171.68437	395.44362	-26.85111	122.86417	-103.33609	-97.6404	-20.34175	129.37353	0
541	15.45973	418.22638	395.44362	-196.90814	-187.95777	402.76665	-20.34175	120.42316	-102.52242	-87.06269	24.4101	155.41097	0
542	2.44101	415.78537	405.20766	-197.72181	-201.79016	409.27601	-17.08707	113.10013	-98.45407	-73.2303	82.99434	192.83979	0
543	-2.44101	411.71702	407.64867	-200.16282	-206.67218	410.08968	-17.90074	100.89508	-99.26774	-63.46626	131.81454	228.64127	0
544	-3.25468	404.39399	403.58032	-199.34915	-205.04484	405.20766	-25.22377	86.24902	-109.84545	-67.53461	146.4606	246.54201	0
545	-3.25468	393.81628	401.13931	-196.09447	-203.4175	399.51197	-35.80148	66.72094	-132.62821	-87.06269	121.23683	240.84632	0
546	-4.06835	379.17022	400.32564	-189.58511	-205.04484	396.25729	-42.31084	43.12451	-162.734	-116.35481	69.16195	214.80888	0
547	-11.39138	364.52416	399.51197	-178.19373	-209.11319	393.81628	-43.93818	17.08707	-194.46713	-144.83326	6.50936	180.63474	0
548	-24.4101	353.13278	398.6983	-165.17501	-211.5542	388.93426	-43.93818	-8.1367	-222.13191	-163.54767	-43.93818	151.34262	0
549	-37.42882	346.62342	396.25729	-153.78363	-208.29952	382.4249	-42.31084	-32.5468	-244.101	-171.68437	-65.0936	135.06922	0
550	-39.86983	347.43709	389.74793	-152.96996	-203.4175	375.91554	-38.24249	-52.88855	-258.74706	-170.8707	-49.63387	135.06922	0
551	-30.91946	351.50544	376.72921	-159.47932	-200.16282	367.77884	-34.17414	-69.97562	-266.07009	-161.10666	-3.25468	151.34262	0
552	-19.52808	336.04571	358.0148	-151.34262	-198.53548	348.25076	-35.80148	-85.43535	-267.69743	-151.34262	48.00653	171.68437	0
553	-13.01872	296.17588	336.04571	-127.74619	-198.53548	315.70396	-43.93818	-98.45407	-265.25642	-148.08794	80.55333	186.33043	0
554	-12.20505	259.56073	313.26295	-113.9138	-192.02612	285.59817	-52.88855	-105.7771	-262.00174	-150.52895	85.43535	190.39878	0
555	-8.1367	244.91467	291.29386	-112.28646	-172.49804	267.69743	-60.21158	-109.84545	-260.3744	-156.22464	60.21158	179.82107	0
556	2.44101	244.91467	270.13844	-112.28646	-147.27427	257.93339	-61.83892	-111.47279	-253.86504	-163.54767	7.32303	156.22464	0
557	10.57771	242.47366	249.79669	-110.65912	-126.11885	246.54201	-58.58424	-109.84545	-240.03265	-165.98868	-55.32956	124.49151	0
558	7.32303	226.20026	227.8276	-102.52242	-110.65912	227.8276	-54.51589	-107.40444	-224.57292	-163.54767	-106.59077	91.94471	0
559	-4.06835	196.09447	203.4175	-84.62168	-100.08141	200.97649	-50.44754	-104.96343	-209.92686	-156.22464	-129.37353	62.65259	0
560	-17.90074	161.92033	179.0074	-63.46626	-94.38572	171.68437	-40.6835	-98.45407	-196.09447	-142.39225	-116.35481	46.37919	0
561	-20.34175	142.39225	158.66565	-48.00653	-87.87636	151.34262	-31.73313	-89.5037	-181.44841	-122.86417	-65.90727	54.51589	0
562	-13.83239	136.69656	144.83326	-36.61515	-81.367	140.76491	-23.59643	-82.18067	-169.24336	-104.14976	2.44101	83.80801	0
563	-10.57771	125.30518	133.44188	-26.03744	-76.48498	129.37353	-17.90074	-77.29865	-159.47932	-84.62168	56.14323	114.72747	0
564	-9.76404	100.89508	117.98215	-17.90074	-71.60296	109.03178	-14.64606	-72.41663	-153.78363	-66.72094	73.2303	132.62821	0
565	-14.64606	72.41663	97.6404	-14.64606	-66.72094	85.43535	-12.20505	-65.90727	-146.4606	-57.77057	52.88855	131.81454	0
566	-23.59643	50.44754	78.11232	-13.83239	-62.65259	65.0936	-7.32303	-59.39791	-131.81454	-56.9569	4.06835	113.10013	0
567	-29.29212	36.61515	64.27993	-6.50936	-56.9569	50.44754	-2.44101	-58.58424	-114.72747	-61.02525	-56.14323	78.92599	0
568	-33.36047	25.22377	59.39791	1.62734	-55.32956	43.12451	-2.44101	-62.65259	-102.52242	-64.27993	-108.21811	40.6835	0
569	-32.5468	15.45973	61.02525	5.69569	-56.9569	40.6835	-3.25468	-62.65259	-95.19939	-57.77057	-127.74619	11.39138	0
570	-28.47845	8.95037	61.02525	4.88202	-54.51589	40.6835	-0.81367	-50.44754	-88.69003	-43.12451	-102.52242	4.06835	0
571	-21.96909	7.32303	52.88855	2.44101	-43.93818	36.61515	2.44101	-29.29212	-79.73966	-22.78276	-40.6835	18.71441	0
572	-11.39138	8.95037	34.98781	-2.44101	-27.66478	27.66478	6.50936	-11.39138	-69.97562	-2.44101	27.66478	45.56552	0
573	-0.81367	13.01872	20.34175	-8.95037	-13.01872	20.34175	8.95037	-7.32303	-61.83892	11.39138	78.11232	72.41663	0
574	-1.62734	6.50936	10.57771	-4.06835	-6.50936	10.57771	8.95037	-19.52808	-55.32956	16.2734	90.31737	86.24902	0
575	-11.39138	-11.39138	-0.81367	11.39138	-4.88202	-5.69569	8.95037	-41.49717	-47.19286	11.39138	59.39791	80.55333	0
576	-17.90074	-25.22377	-13.01872	23.59643	-1.62734	-22.78276	9.76404	-63.46626	-33.36047	0	-4.88202	53.70222	0
577	-19.52808	-30.10579	-20.34175	27.66478	-0.81367	-34.98781	8.95037	-71.60296	-17.90074	-13.01872	-79.73966	15.45973	0
578	-17.08707	-33.36047	-26.03744	28.47845	0.81367	-41.49717	8.1367	-63.46626	-1.62734	-22.78276	-138.3239	-20.34175	0
579	-20.34175	-39.05616	-31.73313	30.91946	2.44101	-45.56552	6.50936	-48.00653	11.39138	-22.78276	-161.92033	-47.19286	0
580	-30.91946	-48.00653	-34.98781	35.80148	-0.81367	-50.44754	6.50936	-30.91946	25.22377	-10.57771	-138.3239	-51.26121	-1250	T-0
581	-36.61515	-56.9569	-35.80148	42.31084	-4.88202	-55.32956	6.50936	-13.83239	39.86983	10.57771	-70.78929	-24.4101	0
582	-33.36047	-62.65259	-34.17414	43.93818	-5.69569	-52.88855	8.1367	0	53.70222	34.17414	17.08707	23.59643	0
583	-27.66478	-61.83892	-28.47845	35.80148	-3.25468	-42.31084	8.95037	11.39138	62.65259	52.88855	88.69003	72.41663	0
584	-21.96909	-55.32956	-23.59643	25.22377	0	-31.73313	6.50936	16.2734	65.90727	63.46626	115.54114	102.52242	0
585	-16.2734	-51.26121	-26.03744	16.2734	7.32303	-30.91946	4.06835	11.39138	63.46626	62.65259	91.13104	104.14976	0
586	-10.57771	-55.32956	-36.61515	10.57771	15.45973	-39.86983	2.44101	-3.25468	58.58424	51.26121	25.22377	82.18067	0
587	-2.44101	-60.21158	-50.44754	8.95037	26.85111	-52.07488	0	-21.15542	57.77057	34.98781	-53.70222	47.19286	0
588	8.1367	-65.0936	-66.72094	12.20505	39.05616	-64.27993	0	-30.10579	63.46626	26.03744	-114.72747	11.39138	0
589	18.71441	-78.11232	-82.18067	17.08707	51.26121	-74.85764	5.69569	-23.59643	73.2303	30.91946	-131.81454	-13.01872	0
590	26.85111	-96.01306	-91.13104	22.78276	58.58424	-87.87636	15.45973	-4.06835	89.5037	43.12451	-112.28646	-21.96909	0
591	27.66478	-111.47279	-91.94471	32.5468	57.77057	-104.14976	24.4101	12.20505	101.70875	52.88855	-90.31737	-24.4101	0
592	17.08707	-117.16848	-94.38572	43.12451	53.70222	-117.16848	27.66478	21.96909	106.59077	51.26121	-77.29865	-33.36047	0
593	3.25468	-110.65912	-100.89508	49.63387	47.19286	-122.86417	23.59643	26.03744	106.59077	40.6835	-57.77057	-47.19286	0
594	-7.32303	-105.7771	-102.52242	55.32956	39.05616	-122.0505	15.45973	22.78276	102.52242	31.73313	-42.31084	-56.14323	0
595	-16.2734	-107.40444	-98.45407	64.27993	31.73313	-114.72747	5.69569	18.71441	99.26774	32.5468	-25.22377	-48.8202	0
596	-22.78276	-110.65912	-90.31737	70.78929	26.03744	-104.14976	-0.81367	20.34175	103.33609	44.75185	14.64606	-19.52808	0
597	-27.66478	-114.72747	-80.55333	71.60296	21.96909	-93.57205	0	26.03744	113.10013	61.02525	69.16195	25.22377	0
598	-31.73313	-118.79582	-70.78929	71.60296	16.2734	-86.24902	5.69569	29.29212	120.42316	70.78929	112.28646	69.97562	0
599	-29.29212	-123.67784	-62.65259	68.34828	9.76404	-82.18067	15.45973	31.73313	127.74619	75.67131	118.79582	93.57205	0
600	-21.96909	-126.11885	-59.39791	60.21158	9.76404	-78.92599	23.59643	33.36047	132.62821	73.2303	80.55333	89.5037	0
601	-16.2734	-124.49151	-59.39791	58.58424	16.2734	-77.29865	24.4101	26.85111	126.93252	56.9569	7.32303	58.58424	0
602	-14.64606	-119.60949	-57.77057	65.90727	21.96909	-78.11232	18.71441	12.20505	110.65912	30.91946	-75.67131	11.39138	0
603	-17.08707	-113.10013	-56.14323	70.78929	24.4101	-78.11232	15.45973	2.44101	96.82673	10.57771	-137.51023	-30.91946	0
604	-22.78276	-104.96343	-61.02525	69.16195	27.66478	-80.55333	21.15542	7.32303	99.26774	9.76404	-148.08794	-49.63387	0
605	-30.10579	-97.6404	-68.34828	62.65259	30.91946	-82.18067	32.5468	26.85111	117.16848	28.47845	-106.59077	-39.86983	0
606	-38.24249	-97.6404	-69.97562	61.02525	28.47845	-82.99434	43.12451	49.63387	135.06922	50.44754	-36.61515	-12.20505	0
607	-39.86983	-98.45407	-69.97562	61.83892	25.22377	-84.62168	48.00653	69.16195	145.64693	66.72094	32.5468	13.01872	0
608	-23.59643	-88.69003	-73.2303	51.26121	30.10579	-84.62168	48.00653	83.80801	151.34262	77.29865	82.99434	31.73313	0
609	4.06835	-70.78929	-80.55333	31.73313	44.75185	-87.87636	41.49717	88.69003	152.96996	80.55333	92.75838	43.93818	0
610	29.29212	-61.83892	-94.38572	17.90074	62.65259	-93.57205	27.66478	76.48498	146.4606	69.16195	57.77057	41.49717	0
611	41.49717	-69.97562	-113.9138	17.90074	77.29865	-102.52242	8.1367	53.70222	135.06922	43.93818	-13.83239	13.83239	0
612	34.98781	-87.06269	-131.00087	30.91946	82.18067	-110.65912	-7.32303	34.98781	126.11885	13.01872	-101.70875	-29.29212	0
613	14.64606	-100.89508	-134.25555	50.44754	73.2303	-116.35481	-11.39138	21.96909	120.42316	-8.1367	-167.61602	-68.34828	0
614	-8.1367	-105.7771	-117.98215	65.90727	54.51589	-116.35481	1.62734	19.52808	121.23683	-8.1367	-182.26208	-85.43535	0
615	-30.10579	-105.7771	-90.31737	74.85764	30.10579	-110.65912	28.47845	27.66478	129.37353	9.76404	-143.20592	-76.48498	0
616	-47.19286	-102.52242	-72.41663	74.04397	8.95037	-104.14976	54.51589	37.42882	137.51023	34.98781	-71.60296	-49.63387	0
617	-51.26121	-96.82673	-72.41663	59.39791	-4.06835	-100.89508	74.04397	43.93818	143.20592	57.77057	8.1367	-21.96909	0
618	-41.49717	-96.01306	-78.92599	48.8202	-9.76404	-102.52242	81.367	50.44754	148.90161	73.2303	68.34828	-10.57771	0
619	-39.05616	-111.47279	-85.43535	59.39791	-7.32303	-111.47279	70.78929	48.8202	147.27427	69.97562	78.92599	-13.01872	0
620	-48.8202	-138.3239	-93.57205	85.43535	-1.62734	-124.49151	48.8202	37.42882	133.44188	48.8202	34.98781	-27.66478	0
621	-59.39791	-156.22464	-97.6404	105.7771	4.88202	-131.00087	27.66478	26.85111	117.16848	25.22377	-35.80148	-51.26121	0
622	-61.83892	-155.41097	-95.19939	109.84545	8.95037	-128.55986	14.64606	21.15542	107.40444	7.32303	-108.21811	-77.29865	0
623	-50.44754	-141.57858	-87.87636	95.19939	16.2734	-117.98215	14.64606	17.08707	109.03178	2.44101	-154.5973	-95.19939	0
624	-29.29212	-125.30518	-79.73966	69.97562	25.22377	-100.89508	26.85111	19.52808	123.67784	14.64606	-156.22464	-98.45407	0
625	-12.20505	-110.65912	-74.85764	51.26121	32.5468	-87.06269	44.75185	31.73313	146.4606	40.6835	-113.10013	-83.80801	0
626	-5.69569	-100.08141	-72.41663	43.12451	34.98781	-79.73966	63.46626	56.9569	174.12538	71.60296	-40.6835	-56.14323	0
627	-8.1367	-93.57205	-70.78929	44.75185	33.36047	-78.11232	75.67131	88.69003	199.34915	100.08141	32.5468	-26.85111	0
628	-12.20505	-91.94471	-75.67131	51.26121	30.10579	-82.99434	76.48498	110.65912	213.99521	116.35481	84.62168	-8.1367	0
629	-5.69569	-95.19939	-91.94471	53.70222	30.10579	-95.19939	66.72094	114.72747	214.80888	116.35481	96.82673	2.44101	0
630	7.32303	-101.70875	-110.65912	51.26121	35.80148	-105.7771	49.63387	104.96343	205.85851	103.33609	67.53461	3.25468	0
631	17.90074	-109.84545	-118.79582	43.93818	43.12451	-107.40444	34.17414	87.87636	191.21245	81.367	9.76404	-13.01872	0
632	16.2734	-117.16848	-112.28646	39.86983	45.56552	-101.70875	23.59643	73.2303	178.19373	61.02525	-56.9569	-43.12451	0
633	0	-120.42316	-96.82673	46.37919	37.42882	-94.38572	17.90074	65.0936	169.24336	47.19286	-110.65912	-76.48498	0
634	-21.96909	-119.60949	-82.18067	61.83892	24.4101	-91.13104	17.08707	59.39791	161.92033	39.05616	-129.37353	-100.08141	0
635	-39.86983	-117.16848	-74.04397	76.48498	15.45973	-92.75838	22.78276	57.77057	160.29299	39.05616	-107.40444	-104.96343	0
636	-49.63387	-114.72747	-69.97562	84.62168	10.57771	-95.19939	37.42882	65.0936	164.36134	52.88855	-53.70222	-87.06269	0
637	-45.56552	-111.47279	-71.60296	82.18067	14.64606	-95.19939	57.77057	82.99434	170.8707	74.04397	11.39138	-60.21158	0
638	-30.10579	-107.40444	-81.367	72.41663	26.85111	-96.82673	76.48498	100.89508	179.82107	92.75838	61.83892	-40.6835	0
639	-14.64606	-108.21811	-96.01306	65.0936	41.49717	-102.52242	85.43535	109.84545	184.70309	99.26774	76.48498	-28.47845	0
640	-11.39138	-113.9138	-107.40444	68.34828	48.00653	-111.47279	84.62168	106.59077	180.63474	89.5037	48.8202	-26.85111	0
641	-19.52808	-123.67784	-112.28646	78.92599	46.37919	-119.60949	78.92599	94.38572	170.8707	69.16195	-7.32303	-41.49717	0
642	-27.66478	-133.44188	-112.28646	85.43535	41.49717	-122.86417	74.04397	74.85764	161.92033	47.19286	-70.78929	-66.72094	0
643	-31.73313	-135.06922	-105.7771	83.80801	35.80148	-122.0505	70.78929	57.77057	156.22464	31.73313	-115.54114	-89.5037	0
644	-32.5468	-128.55986	-97.6404	78.11232	33.36047	-116.35481	66.72094	52.07488	151.34262	26.85111	-126.11885	-103.33609	0
645	-32.5468	-119.60949	-91.94471	70.78929	33.36047	-109.03178	60.21158	58.58424	145.64693	30.91946	-103.33609	-104.14976	0
646	-31.73313	-113.9138	-90.31737	64.27993	36.61515	-103.33609	51.26121	67.53461	136.69656	37.42882	-60.21158	-95.19939	0
647	-31.73313	-117.16848	-91.94471	60.21158	39.86983	-104.96343	43.93818	68.34828	127.74619	43.93818	-12.20505	-78.11232	0
648	-26.85111	-131.00087	-99.26774	57.77057	43.12451	-114.72747	43.12451	65.0936	126.11885	49.63387	27.66478	-54.51589	0
649	-22.78276	-139.95124	-109.03178	57.77057	48.00653	-122.86417	50.44754	62.65259	136.69656	52.88855	46.37919	-35.80148	0
650	-21.96909	-134.25555	-114.72747	56.14323	54.51589	-123.67784	61.83892	63.46626	154.5973	59.39791	33.36047	-31.73313	0
651	-17.90074	-123.67784	-116.35481	53.70222	60.21158	-120.42316	72.41663	63.46626	168.42969	65.90727	-4.88202	-42.31084	0
652	-7.32303	-113.9138	-114.72747	50.44754	64.27993	-117.16848	78.11232	63.46626	176.56639	65.90727	-54.51589	-64.27993	0
653	2.44101	-104.96343	-111.47279	45.56552	65.90727	-112.28646	79.73966	65.0936	180.63474	59.39791	-95.19939	-87.06269	0
654	9.76404	-96.82673	-108.21811	41.49717	65.0936	-105.7771	76.48498	65.90727	179.82107	52.07488	-109.84545	-104.14976	0
655	15.45973	-90.31737	-104.14976	37.42882	63.46626	-98.45407	69.97562	62.65259	175.75272	49.63387	-93.57205	-108.21811	0
656	17.90074	-86.24902	-100.08141	34.17414	61.02525	-93.57205	62.65259	61.83892	170.05703	53.70222	-51.26121	-96.01306	0
657	14.64606	-86.24902	-94.38572	35.80148	56.9569	-91.13104	60.21158	68.34828	163.54767	67.53461	3.25468	-65.90727	0
658	8.95037	-88.69003	-90.31737	39.86983	52.07488	-91.94471	61.02525	78.11232	159.47932	82.99434	49.63387	-29.29212	0
659	5.69569	-88.69003	-95.19939	43.12451	49.63387	-97.6404	60.21158	82.18067	152.15629	87.87636	65.90727	-4.88202	0
660	5.69569	-89.5037	-110.65912	45.56552	52.07488	-106.59077	53.70222	73.2303	134.25555	77.29865	43.93818	-6.50936	0
661	7.32303	-92.75838	-124.49151	47.19286	56.9569	-117.16848	43.93818	51.26121	109.03178	52.88855	-6.50936	-31.73313	0
662	7.32303	-95.19939	-125.30518	46.37919	58.58424	-123.67784	35.80148	26.03744	91.13104	26.03744	-64.27993	-65.0936	0
663	4.06835	-95.19939	-117.16848	45.56552	55.32956	-124.49151	33.36047	8.1367	80.55333	8.95037	-105.7771	-93.57205	0
664	-5.69569	-99.26774	-104.14976	52.07488	46.37919	-118.79582	34.98781	3.25468	80.55333	10.57771	-113.9138	-109.03178	0
665	-26.85111	-110.65912	-87.06269	68.34828	31.73313	-110.65912	42.31084	8.95037	96.82673	30.10579	-85.43535	-104.96343	0
666	-52.07488	-126.93252	-69.97562	88.69003	17.08707	-103.33609	56.14323	22.78276	121.23683	61.02525	-32.5468	-83.80801	0
667	-73.2303	-144.01959	-59.39791	107.40444	7.32303	-100.08141	69.97562	40.6835	139.95124	92.75838	25.22377	-51.26121	0
668	-84.62168	-157.03831	-57.77057	120.42316	0.81367	-101.70875	78.92599	56.9569	152.96996	115.54114	65.90727	-19.52808	0
669	-85.43535	-161.10666	-64.27993	124.49151	0	-106.59077	81.367	65.90727	157.03831	123.67784	73.2303	-2.44101	0
670	-67.53461	-148.90161	-74.04397	110.65912	8.1367	-106.59077	81.367	64.27993	157.03831	120.42316	52.88855	-3.25468	0
671	-36.61515	-123.67784	-83.80801	83.80801	23.59643	-100.89508	80.55333	59.39791	157.85198	110.65912	14.64606	-17.08707	0
672	-13.01872	-102.52242	-88.69003	61.83892	33.36047	-94.38572	78.92599	55.32956	159.47932	100.08141	-33.36047	-43.93818	0
673	-4.06835	-90.31737	-87.06269	49.63387	38.24249	-88.69003	77.29865	48.8202	157.03831	96.01306	-74.04397	-72.41663	0
674	-5.69569	-83.80801	-78.11232	44.75185	37.42882	-80.55333	75.67131	48.00653	157.03831	94.38572	-85.43535	-87.06269	0
675	-11.39138	-80.55333	-65.90727	43.93818	30.10579	-70.78929	75.67131	59.39791	165.98868	99.26774	-64.27993	-82.18067	0
676	-17.08707	-78.11232	-53.70222	44.75185	19.52808	-62.65259	78.11232	71.60296	178.19373	113.9138	-21.15542	-60.21158	0
677	-22.78276	-74.04397	-40.6835	46.37919	11.39138	-54.51589	82.18067	78.11232	187.1441	133.44188	30.10579	-34.98781	0
678	-26.03744	-67.53461	-30.10579	47.19286	6.50936	-46.37919	88.69003	80.55333	192.83979	149.71528	72.41663	-21.15542	0
679	-25.22377	-60.21158	-26.85111	45.56552	6.50936	-42.31084	91.13104	75.67131	192.02612	152.15629	83.80801	-14.64606	0
680	-17.08707	-52.07488	-30.10579	39.05616	9.76404	-43.12451	87.06269	60.21158	180.63474	139.13757	58.58424	-13.01872	0
681	-8.95037	-43.93818	-37.42882	30.91946	13.83239	-46.37919	82.99434	43.93818	165.17501	116.35481	9.76404	-22.78276	0
682	-4.88202	-39.05616	-43.12451	25.22377	16.2734	-48.8202	80.55333	37.42882	153.78363	91.13104	-41.49717	-40.6835	0
683	-3.25468	-33.36047	-41.49717	17.08707	16.2734	-44.75185	78.92599	37.42882	144.01959	74.85764	-76.48498	-55.32956	0
684	-0.81367	-18.71441	-35.80148	2.44101	13.83239	-36.61515	78.92599	39.86983	138.3239	74.04397	-77.29865	-57.77057	0
685	1.62734	-0.81367	-29.29212	-9.76404	12.20505	-25.22377	78.92599	39.86983	138.3239	85.43535	-52.07488	-48.8202	0
686	0	10.57771	-21.96909	-11.39138	12.20505	-12.20505	75.67131	37.42882	140.76491	100.08141	-13.83239	-34.17414	0
687	-5.69569	14.64606	-10.57771	-3.25468	10.57771	-1.62734	70.78929	36.61515	142.39225	113.10013	24.4101	-16.2734	0
688	-6.50936	11.39138	0.81367	4.06835	9.76404	0.81367	65.90727	39.86983	144.01959	124.49151	54.51589	4.88202	0
689	-0.81367	8.1367	6.50936	4.88202	9.76404	1.62734	61.83892	43.12451	148.90161	132.62821	66.72094	20.34175	0
690	8.1367	15.45973	10.57771	-3.25468	9.76404	8.1367	54.51589	37.42882	151.34262	135.88289	53.70222	22.78276	0
691	19.52808	29.29212	17.90074	-17.08707	6.50936	22.78276	41.49717	20.34175	143.20592	129.37353	21.15542	10.57771	0
692	30.91946	43.12451	25.22377	-33.36047	4.88202	39.05616	23.59643	0	124.49151	120.42316	-17.90074	-8.1367	0
693	43.93818	56.14323	26.85111	-48.8202	8.95037	48.8202	8.1367	-13.83239	105.7771	113.10013	-48.00653	-26.03744	0
694	56.9569	65.90727	22.78276	-61.02525	15.45973	50.44754	-4.06835	-23.59643	96.01306	107.40444	-55.32956	-38.24249	0
695	69.16195	73.2303	20.34175	-69.16195	19.52808	51.26121	-16.2734	-29.29212	100.08141	104.14976	-36.61515	-39.05616	0
696	73.2303	78.92599	21.15542	-73.2303	20.34175	51.26121	-26.03744	-25.22377	114.72747	108.21811	0	-24.4101	0
697	60.21158	76.48498	23.59643	-66.72094	17.90074	50.44754	-30.10579	-15.45973	135.06922	115.54114	46.37919	1.62734	0
698	29.29212	62.65259	23.59643	-40.6835	13.01872	48.00653	-31.73313	-8.1367	151.34262	117.98215	82.99434	29.29212	0
699	0	45.56552	23.59643	-9.76404	8.1367	39.86983	-30.91946	-3.25468	157.03831	117.98215	94.38572	44.75185	0
700	-10.57771	30.91946	25.22377	6.50936	5.69569	28.47845	-26.03744	0.81367	154.5973	118.79582	79.73966	43.93818	0
701	-6.50936	19.52808	25.22377	4.88202	5.69569	15.45973	-17.08707	1.62734	145.64693	117.98215	47.19286	31.73313	0
702	10.57771	13.83239	23.59643	-13.83239	7.32303	6.50936	-5.69569	0	132.62821	109.03178	7.32303	13.01872	0
703	32.5468	13.83239	16.2734	-36.61515	15.45973	4.88202	2.44101	-1.62734	117.98215	95.19939	-26.85111	-6.50936	0
704	54.51589	17.90074	-0.81367	-52.88855	26.03744	3.25468	6.50936	-5.69569	104.96343	82.99434	-43.93818	-23.59643	0
705	73.2303	21.96909	-23.59643	-60.21158	34.98781	-1.62734	4.06835	-9.76404	92.75838	82.18067	-37.42882	-30.91946	0
706	77.29865	17.08707	-42.31084	-55.32956	40.6835	-11.39138	-2.44101	-8.1367	82.99434	89.5037	-13.01872	-24.4101	0
707	65.0936	0	-56.14323	-36.61515	44.75185	-22.78276	-7.32303	-2.44101	78.11232	96.82673	18.71441	-7.32303	0
708	50.44754	-22.78276	-68.34828	-14.64606	50.44754	-34.98781	-9.76404	0	82.99434	101.70875	48.00653	13.01872	0
709	39.05616	-43.12451	-79.73966	3.25468	58.58424	-48.00653	-8.1367	0.81367	95.19939	106.59077	61.02525	27.66478	0
710	26.85111	-57.77057	-89.5037	15.45973	65.0936	-60.21158	-4.06835	-3.25468	106.59077	109.03178	52.07488	26.85111	0
711	17.90074	-68.34828	-96.01306	19.52808	66.72094	-70.78929	4.88202	-9.76404	109.03178	100.89508	21.96909	10.57771	0
712	18.71441	-68.34828	-99.26774	15.45973	67.53461	-76.48498	19.52808	-11.39138	105.7771	90.31737	-14.64606	-9.76404	0
713	17.08707	-65.0936	-98.45407	15.45973	59.39791	-74.85764	33.36047	-11.39138	105.7771	84.62168	-43.93818	-29.29212	0
714	-1.62734	-71.60296	-92.75838	30.10579	43.12451	-71.60296	43.12451	-5.69569	109.03178	82.99434	-54.51589	-42.31084	0
715	-28.47845	-90.31737	-84.62168	56.14323	28.47845	-75.67131	51.26121	4.88202	112.28646	82.18067	-47.19286	-48.00653	0
716	-48.00653	-112.28646	-80.55333	78.92599	21.96909	-87.06269	52.88855	11.39138	110.65912	81.367	-29.29212	-48.00653	0
717	-56.14323	-131.00087	-83.80801	93.57205	19.52808	-100.89508	52.07488	11.39138	106.59077	82.99434	-6.50936	-48.8202	0
718	-55.32956	-143.20592	-91.94471	100.08141	22.78276	-112.28646	51.26121	9.76404	101.70875	83.80801	11.39138	-57.77057	0
719	-47.19286	-148.90161	-102.52242	100.89508	30.10579	-121.23683	48.00653	5.69569	93.57205	78.92599	11.39138	-65.90727	0
720	-35.80148	-149.71528	-110.65912	100.08141	38.24249	-126.11885	39.05616	-2.44101	78.92599	65.0936	-6.50936	-71.60296	0
721	-30.91946	-148.90161	-111.47279	98.45407	40.6835	-126.11885	27.66478	-9.76404	61.83892	48.00653	-35.80148	-78.11232	0
722	-30.91946	-146.4606	-109.03178	95.19939	38.24249	-122.86417	18.71441	-12.20505	51.26121	35.80148	-65.90727	-85.43535	0
723	-25.22377	-137.51023	-107.40444	90.31737	40.6835	-118.79582	14.64606	-12.20505	43.93818	32.5468	-87.06269	-91.94471	0
724	-8.1367	-123.67784	-113.10013	84.62168	52.07488	-116.35481	12.20505	-11.39138	39.86983	34.17414	-91.94471	-97.6404	0
725	6.50936	-119.60949	-125.30518	78.92599	66.72094	-120.42316	10.57771	-8.95037	41.49717	36.61515	-82.18067	-100.08141	0
726	13.83239	-126.11885	-139.13757	74.04397	77.29865	-131.00087	13.01872	-2.44101	45.56552	43.12451	-61.02525	-96.82673	0
727	15.45973	-132.62821	-148.08794	69.16195	82.99434	-139.95124	21.15542	6.50936	50.44754	50.44754	-29.29212	-82.18067	0
728	15.45973	-136.69656	-152.96996	65.90727	85.43535	-144.01959	28.47845	13.83239	57.77057	49.63387	-1.62734	-64.27993	0
729	15.45973	-139.13757	-155.41097	64.27993	85.43535	-146.4606	34.98781	11.39138	60.21158	43.93818	5.69569	-56.14323	0
730	13.01872	-140.76491	-151.34262	64.27993	82.18067	-144.01959	41.49717	1.62734	54.51589	38.24249	-4.88202	-60.21158	0
731	8.95037	-143.20592	-141.57858	62.65259	76.48498	-136.69656	45.56552	-10.57771	45.56552	32.5468	-26.85111	-69.97562	0
732	0.81367	-145.64693	-128.55986	65.0936	69.16195	-130.1872	49.63387	-21.15542	39.86983	26.85111	-53.70222	-84.62168	0
733	-12.20505	-144.83326	-115.54114	70.78929	61.83892	-123.67784	52.07488	-25.22377	42.31084	22.78276	-75.67131	-97.6404	0
734	-22.78276	-140.76491	-104.96343	75.67131	54.51589	-118.79582	52.88855	-22.78276	52.88855	26.03744	-79.73966	-105.7771	0
735	-26.85111	-134.25555	-99.26774	77.29865	47.19286	-113.9138	50.44754	-15.45973	62.65259	35.80148	-64.27993	-106.59077	0
736	-27.66478	-131.00087	-98.45407	77.29865	43.12451	-113.10013	46.37919	-3.25468	68.34828	47.19286	-39.05616	-99.26774	0
737	-26.03744	-135.06922	-107.40444	79.73966	44.75185	-120.42316	41.49717	10.57771	68.34828	54.51589	-10.57771	-86.24902	0
738	-21.15542	-144.83326	-123.67784	85.43535	52.88855	-134.25555	39.05616	24.4101	63.46626	55.32956	11.39138	-71.60296	0
739	-12.20505	-154.5973	-134.25555	87.06269	61.02525	-146.4606	39.05616	31.73313	53.70222	55.32956	19.52808	-62.65259	0
740	-8.1367	-161.10666	-132.62821	82.18067	58.58424	-152.96996	40.6835	26.85111	40.6835	54.51589	9.76404	-62.65259	0
741	-15.45973	-164.36134	-131.81454	82.99434	48.8202	-151.34262	40.6835	4.88202	21.96909	47.19286	-13.01872	-72.41663	0
742	-34.17414	-171.68437	-133.44188	95.19939	37.42882	-151.34262	36.61515	-32.5468	-1.62734	30.91946	-44.75185	-88.69003	0
743	-54.51589	-183.07575	-131.81454	113.10013	28.47845	-154.5973	30.91946	-78.92599	-32.5468	10.57771	-74.04397	-104.14976	0
744	-73.2303	-190.39878	-122.0505	128.55986	18.71441	-153.78363	24.4101	-126.11885	-70.78929	-8.1367	-87.87636	-113.10013	0
745	-83.80801	-190.39878	-109.84545	135.88289	9.76404	-147.27427	12.20505	-174.12538	-122.0505	-28.47845	-87.06269	-113.10013	0
746	-77.29865	-174.93905	-99.26774	126.11885	5.69569	-135.06922	-10.57771	-231.89595	-198.53548	-56.9569	-78.92599	-104.96343	0
747	-55.32956	-138.3239	-82.99434	96.82673	1.62734	-109.84545	-42.31084	-306.75359	-301.87157	-93.57205	-80.55333	-87.06269	0
748	-28.47845	-79.73966	-52.07488	54.51589	-4.06835	-65.0936	-77.29865	-394.62995	-425.54941	-134.25555	-92.75838	-55.32956	0
749	0	-12.20505	-13.01872	8.1367	-7.32303	-12.20505	-111.47279	-489.01567	-554.92294	-175.75272	-89.5037	-16.2734	0
750	26.85111	49.63387	18.71441	-36.61515	-3.25468	34.98781	-147.27427	-581.77405	-680.22812	-216.43622	-63.46626	26.03744	0
751	46.37919	104.14976	47.19286	-75.67131	0	75.67131	-186.33043	-673.71876	-795.76926	-252.2377	-7.32303	80.55333	0
752	61.02525	160.29299	87.06269	-111.47279	-10.57771	123.67784	-227.01393	-770.54549	-903.98737	-277.46147	76.48498	147.27427	0
753	74.04397	235.15063	156.22464	-152.96996	-40.6835	195.2808	-261.18807	-876.32259	-1011.39181	-288.03918	154.5973	215.62255	0
754	84.62168	341.7414	259.56073	-209.92686	-88.69003	301.0579	-289.66652	-998.37309	-1130.18763	-288.85285	223.75925	285.59817	0
755	91.94471	475.99695	388.93426	-280.71615	-149.71528	432.87244	-320.58598	-1144.83369	-1272.57988	-288.03918	296.17588	360.45581	0
756	96.82673	618.3892	527.25816	-355.57379	-216.43622	573.63735	-368.59251	-1311.63604	-1436.94122	-284.7845	369.40618	436.94079	0
757	101.70875	742.06704	659.88637	-419.04005	-278.27514	695.68785	-445.07749	-1484.13408	-1599.67522	-270.95211	444.26382	495.52503	0
758	115.54114	835.63909	772.9865	-467.86025	-327.90901	786.81889	-541.90422	-1637.10404	-1728.23508	-247.35568	515.86678	530.51284	0
759	128.55986	903.1737	842.14845	-504.4754	-356.38746	849.47148	-633.03526	-1743.69481	-1800.65171	-229.45494	550.85459	557.36395	0
760	122.86417	903.1737	836.45276	-502.03439	-356.38746	851.09882	-692.43317	-1781.9373	-1807.16107	-217.24989	519.93513	559.80496	0
761	98.45407	797.3966	733.93034	-439.3818	-316.51763	753.45842	-711.14758	-1742.06747	-1743.69481	-208.29952	423.1084	512.6121	0
762	74.85764	601.30213	541.90422	-332.79103	-233.52329	565.50065	-698.12886	-1641.17239	-1633.84936	-220.50457	272.57945	418.22638	0
763	59.39791	354.76012	297.80322	-204.23117	-118.79582	323.84066	-670.46408	-1506.91684	-1515.86721	-279.08881	84.62168	290.48019	0
764	37.42882	94.38572	52.88855	-65.90727	-7.32303	74.04397	-645.24031	-1365.33826	-1424.73617	-402.76665	-116.35481	158.66565	0
765	8.95037	-146.4606	-152.96996	71.60296	77.29865	-148.08794	-627.33957	-1231.08271	-1377.54331	-583.40139	-306.75359	48.00653	0
766	-10.57771	-339.30039	-309.1946	185.51676	138.3239	-322.21332	-616.76186	-1102.52285	-1351.50587	-780.30953	-455.6552	-43.93818	0
767	-26.03744	-466.23291	-419.04005	256.30605	179.82107	-441.00914	-612.69351	-969.08097	-1315.70439	-940.60252	-557.36395	-124.49151	0
768	-41.49717	-536.20853	-493.08402	289.66652	205.04484	-510.98476	-606.18415	-828.31606	-1249.79712	-1029.29255	-614.32085	-185.51676	0
769	-52.07488	-571.19634	-532.95385	305.93992	219.6909	-541.90422	-580.96038	-680.22812	-1147.2747	-1038.24292	-617.57553	-218.06356	0
770	-59.39791	-585.02873	-541.90422	316.51763	226.20026	-550.85459	-533.76752	-532.95385	-1014.64649	-979.65868	-575.26469	-230.26861	0
771	-61.83892	-575.26469	-527.25816	315.70396	223.75925	-541.09055	-465.41924	-397.88463	-868.18589	-877.13626	-514.23944	-233.52329	0
772	-56.9569	-545.1589	-498.77971	299.43056	217.24989	-515.05311	-384.86591	-284.7845	-720.91162	-755.89943	-450.77318	-228.64127	0
773	-46.37919	-506.91641	-467.04658	275.83413	209.11319	-483.31998	-305.12625	-196.09447	-580.96038	-633.84893	-391.37527	-219.6909	0
774	-34.98781	-467.86025	-442.63648	247.35568	202.60383	-453.21419	-235.9643	-126.11885	-452.40052	-521.56247	-331.97736	-210.74053	0
775	-24.4101	-427.17675	-425.54941	217.24989	196.09447	-425.54941	-183.88942	-69.16195	-336.85938	-418.22638	-273.39312	-198.53548	0
776	-7.32303	-393.81628	-408.46234	198.53548	191.21245	-401.13931	-148.90161	-26.85111	-238.40531	-327.09534	-218.87723	-183.07575	0
777	8.95037	-375.91554	-388.93426	193.65346	184.70309	-382.4249	-127.74619	-2.44101	-159.47932	-251.42403	-184.70309	-166.80235	0
778	12.20505	-364.52416	-371.84719	188.77144	179.82107	-367.77884	-113.9138	8.95037	-98.45407	-191.21245	-174.12538	-152.96996	0
779	4.88202	-342.55507	-353.13278	174.12538	176.56639	-347.43709	-96.01306	19.52808	-47.19286	-141.57858	-158.66565	-142.39225	0
780	-2.44101	-310.82194	-323.02699	155.41097	165.17501	-316.51763	-70.78929	38.24249	-0.81367	-99.26774	-127.74619	-135.88289	0
781	-13.83239	-273.39312	-274.20679	140.76491	144.01959	-273.39312	-40.6835	65.90727	39.86983	-62.65259	-93.57205	-129.37353	0
782	-26.85111	-230.26861	-219.6909	126.11885	121.23683	-222.94558	-12.20505	94.38572	74.85764	-32.5468	-66.72094	-122.0505	0
783	-28.47845	-183.88942	-178.19373	104.14976	99.26774	-174.93905	8.95037	117.16848	102.52242	-8.95037	-48.8202	-114.72747	0
784	-16.2734	-140.76491	-152.15629	78.11232	82.18067	-140.76491	27.66478	135.88289	128.55986	12.20505	-30.10579	-107.40444	0
785	-4.88202	-112.28646	-137.51023	60.21158	69.97562	-122.0505	43.93818	151.34262	152.15629	35.80148	-8.1367	-100.08141	0
786	0	-100.89508	-127.74619	53.70222	61.02525	-113.9138	57.77057	163.54767	173.31171	55.32956	10.57771	-93.57205	0
787	-3.25468	-101.70875	-120.42316	55.32956	52.88855	-109.84545	68.34828	172.49804	188.77144	70.78929	28.47845	-87.06269	0
788	-12.20505	-108.21811	-117.16848	62.65259	44.75185	-107.40444	78.92599	174.93905	196.90814	84.62168	45.56552	-78.92599	0
789	-23.59643	-117.98215	-116.35481	73.2303	41.49717	-106.59077	87.06269	177.38006	203.4175	93.57205	53.70222	-71.60296	0
790	-27.66478	-127.74619	-116.35481	80.55333	42.31084	-108.21811	91.13104	181.44841	209.11319	96.82673	50.44754	-68.34828	0
791	-26.03744	-133.44188	-118.79582	82.99434	46.37919	-113.10013	88.69003	184.70309	210.74053	92.75838	39.05616	-69.97562	0
792	-27.66478	-138.3239	-120.42316	85.43535	45.56552	-118.79582	81.367	187.1441	205.85851	87.87636	19.52808	-78.11232	0
793	-34.17414	-141.57858	-118.79582	88.69003	38.24249	-121.23683	72.41663	189.58511	195.2808	86.24902	-0.81367	-87.87636	0
794	-32.5468	-134.25555	-112.28646	82.99434	34.98781	-115.54114	66.72094	187.1441	186.33043	85.43535	-6.50936	-96.01306	0
795	-15.45973	-116.35481	-104.96343	64.27993	40.6835	-104.14976	65.90727	181.44841	185.51676	84.62168	2.44101	-97.6404	0
796	5.69569	-100.89508	-101.70875	42.31084	52.07488	-91.13104	66.72094	176.56639	192.02612	84.62168	17.08707	-95.19939	0
797	23.59643	-89.5037	-105.7771	27.66478	65.0936	-82.18067	67.53461	170.8707	200.16282	80.55333	30.91946	-92.75838	0
798	32.5468	-80.55333	-110.65912	22.78276	72.41663	-81.367	69.16195	165.98868	206.67218	73.2303	41.49717	-92.75838	0
799	26.85111	-78.11232	-105.7771	27.66478	66.72094	-81.367	71.60296	166.80235	213.99521	69.97562	44.75185	-93.57205	0
800	8.95037	-86.24902	-92.75838	40.6835	53.70222	-81.367	77.29865	174.93905	219.6909	70.78929	40.6835	-95.19939	0
801	-13.01872	-100.08141	-82.99434	56.9569	41.49717	-85.43535	85.43535	183.88942	220.50457	74.04397	33.36047	-96.82673	0
802	-29.29212	-110.65912	-78.92599	67.53461	33.36047	-91.13104	94.38572	192.83979	217.24989	79.73966	24.4101	-98.45407	0
803	-33.36047	-115.54114	-80.55333	69.97562	30.10579	-94.38572	101.70875	200.16282	213.18154	85.43535	17.08707	-96.82673	0
804	-26.85111	-112.28646	-83.80801	65.90727	33.36047	-93.57205	108.21811	203.4175	209.92686	93.57205	19.52808	-91.94471	0
805	-11.39138	-104.14976	-84.62168	54.51589	41.49717	-91.13104	113.9138	200.16282	212.36787	104.14976	32.5468	-84.62168	0
806	1.62734	-94.38572	-82.99434	41.49717	47.19286	-88.69003	119.60949	192.83979	221.31824	114.72747	47.19286	-75.67131	0
807	7.32303	-87.87636	-82.18067	34.98781	48.00653	-86.24902	123.67784	183.88942	235.9643	124.49151	61.83892	-67.53461	0
808	8.95037	-91.13104	-86.24902	34.17414	48.00653	-89.5037	122.0505	174.93905	247.35568	130.1872	73.2303	-63.46626	0
809	7.32303	-108.21811	-97.6404	38.24249	48.00653	-103.33609	111.47279	172.49804	247.35568	126.11885	71.60296	-67.53461	0
810	3.25468	-121.23683	-107.40444	44.75185	48.00653	-113.9138	100.08141	179.0074	242.47366	117.98215	62.65259	-74.04397	0
811	0	-110.65912	-104.14976	42.31084	48.00653	-106.59077	96.01306	192.83979	240.84632	113.9138	57.77057	-75.67131	0
812	-0.81367	-82.99434	-91.13104	28.47845	48.00653	-86.24902	100.08141	207.48585	244.101	117.16848	52.07488	-74.04397	0
813	2.44101	-53.70222	-74.85764	12.20505	43.93818	-66.72094	103.33609	214.80888	247.35568	122.86417	40.6835	-73.2303	0
814	15.45973	-31.73313	-60.21158	-1.62734	35.80148	-53.70222	103.33609	209.11319	245.72834	124.49151	33.36047	-74.04397	0
815	30.91946	-17.08707	-49.63387	-11.39138	27.66478	-46.37919	101.70875	201.79016	243.28733	125.30518	35.80148	-72.41663	0
816	42.31084	-8.1367	-43.93818	-18.71441	20.34175	-38.24249	100.89508	208.29952	249.79669	130.1872	45.56552	-64.27993	0
817	47.19286	-0.81367	-40.6835	-22.78276	19.52808	-30.10579	98.45407	226.20026	264.44275	136.69656	59.39791	-53.70222	0
818	41.49717	0.81367	-42.31084	-24.4101	23.59643	-25.22377	95.19939	241.65999	275.83413	135.88289	71.60296	-48.8202	0
819	25.22377	-0.81367	-50.44754	-23.59643	26.85111	-26.85111	94.38572	248.98302	279.90248	128.55986	71.60296	-49.63387	0
820	10.57771	-5.69569	-61.83892	-21.96909	29.29212	-32.5468	97.6404	248.98302	279.08881	117.16848	63.46626	-51.26121	0
821	0	-10.57771	-71.60296	-21.15542	30.10579	-39.05616	99.26774	245.72834	273.39312	107.40444	52.88855	-51.26121	0
822	-4.88202	-16.2734	-71.60296	-15.45973	27.66478	-42.31084	96.01306	239.21898	263.62908	101.70875	39.05616	-48.8202	0
823	-10.57771	-25.22377	-59.39791	-1.62734	20.34175	-41.49717	91.13104	232.70962	253.86504	98.45407	26.03744	-44.75185	0
824	-16.2734	-33.36047	-41.49717	12.20505	10.57771	-35.80148	87.87636	230.26861	251.42403	100.08141	23.59643	-42.31084	0
825	-20.34175	-37.42882	-22.78276	21.15542	0	-26.85111	90.31737	237.59164	261.18807	108.21811	36.61515	-36.61515	0
826	-24.4101	-37.42882	-7.32303	26.85111	-7.32303	-17.08707	102.52242	256.30605	281.52982	122.0505	56.14323	-26.03744	0
827	-26.85111	-34.17414	0.81367	26.85111	-13.01872	-11.39138	118.79582	277.46147	301.87157	135.06922	78.11232	-15.45973	0
828	-26.85111	-28.47845	4.06835	19.52808	-12.20505	-11.39138	131.00087	288.85285	313.26295	142.39225	97.6404	-7.32303	0
829	-22.78276	-21.15542	0	9.76404	-5.69569	-13.83239	135.88289	290.48019	314.07662	143.20592	104.14976	-4.06835	0
830	-14.64606	-10.57771	0	2.44101	-1.62734	-8.95037	131.00087	288.03918	310.00827	139.13757	97.6404	-5.69569	0
831	0.81367	6.50936	4.88202	-6.50936	0	2.44101	118.79582	287.22551	305.12625	131.81454	86.24902	-8.95037	0
832	21.96909	30.91946	11.39138	-24.4101	2.44101	19.52808	105.7771	288.03918	301.87157	124.49151	69.16195	-9.76404	0
833	41.49717	52.88855	15.45973	-44.75185	9.76404	33.36047	96.01306	290.48019	301.0579	122.86417	50.44754	-8.95037	0
834	58.58424	69.97562	12.20505	-61.83892	20.34175	39.86983	91.13104	292.9212	299.43056	122.0505	43.12451	-10.57771	0
835	60.21158	80.55333	6.50936	-72.41663	24.4101	36.61515	89.5037	295.36221	297.80322	119.60949	46.37919	-13.01872	0
836	45.56552	86.24902	6.50936	-75.67131	18.71441	27.66478	92.75838	304.31258	301.87157	117.98215	53.70222	-15.45973	0
837	29.29212	87.87636	13.83239	-74.04397	9.76404	25.22377	100.89508	323.02699	315.70396	122.86417	69.16195	-21.96909	0
838	13.83239	83.80801	24.4101	-69.16195	0.81367	31.73313	111.47279	341.7414	329.53635	129.37353	90.31737	-39.05616	0
839	1.62734	67.53461	29.29212	-62.65259	-4.88202	33.36047	115.54114	344.99608	331.16369	126.93252	94.38572	-52.07488	0
840	-4.06835	51.26121	32.5468	-56.9569	-11.39138	34.17414	115.54114	334.41837	320.58598	113.9138	79.73966	-52.88855	0
841	-4.88202	50.44754	43.12451	-52.07488	-19.52808	44.75185	117.16848	323.84066	310.00827	103.33609	65.90727	-43.12451	0
842	-1.62734	65.0936	62.65259	-51.26121	-30.91946	65.0936	120.42316	323.84066	306.75359	100.89508	57.77057	-24.4101	0
843	0.81367	84.62168	82.18067	-53.70222	-39.86983	85.43535	124.49151	336.85938	306.75359	101.70875	52.07488	-6.50936	0
844	2.44101	100.89508	99.26774	-56.9569	-48.8202	102.52242	127.74619	359.64214	310.00827	109.03178	57.77057	6.50936	0
845	3.25468	113.10013	111.47279	-58.58424	-53.70222	113.10013	130.1872	384.86591	317.3313	122.0505	74.85764	18.71441	0
846	8.1367	121.23683	118.79582	-61.83892	-52.88855	118.79582	132.62821	401.13931	321.39965	131.00087	90.31737	27.66478	0
847	15.45973	126.93252	118.79582	-64.27993	-48.00653	120.42316	135.88289	404.39399	318.95864	134.25555	100.89508	30.91946	0
848	17.90074	132.62821	119.60949	-65.90727	-47.19286	124.49151	140.76491	400.32564	314.89029	134.25555	109.84545	30.91946	0
849	13.01872	136.69656	126.93252	-65.90727	-54.51589	131.00087	146.4606	393.81628	309.1946	131.00087	112.28646	29.29212	0
850	7.32303	139.13757	135.88289	-66.72094	-61.83892	136.69656	145.64693	386.49325	299.43056	122.86417	104.96343	26.03744	0
851	9.76404	144.01959	140.76491	-71.60296	-61.02525	139.13757	138.3239	379.98389	288.03918	109.03178	96.01306	24.4101	0
852	20.34175	156.22464	143.20592	-87.06269	-53.70222	144.01959	129.37353	376.72921	275.83413	98.45407	82.18067	25.22377	0
853	31.73313	176.56639	145.64693	-108.21811	-45.56552	155.41097	122.0505	375.10187	263.62908	92.75838	62.65259	25.22377	0
854	42.31084	197.72181	152.15629	-126.11885	-44.75185	170.8707	115.54114	375.10187	252.2377	89.5037	51.26121	26.03744	0
855	49.63387	217.24989	167.61602	-136.69656	-54.51589	190.39878	111.47279	376.72921	243.28733	88.69003	59.39791	33.36047	0
856	49.63387	235.9643	188.77144	-142.39225	-68.34828	211.5542	109.84545	379.98389	239.21898	92.75838	78.92599	48.00653	0
857	43.93818	252.2377	208.29952	-148.08794	-79.73966	229.45494	109.03178	386.49325	240.03265	98.45407	105.7771	63.46626	0
858	37.42882	265.25642	224.57292	-152.15629	-87.87636	244.91467	110.65912	392.18894	242.47366	101.70875	131.00087	74.04397	0
859	37.42882	276.6478	235.9643	-153.78363	-92.75838	257.11972	109.84545	390.5616	239.21898	97.6404	139.13757	75.67131	0
860	43.93818	289.66652	243.28733	-155.41097	-95.19939	268.5111	103.33609	380.79756	227.8276	87.06269	131.81454	73.2303	0
861	51.26121	302.68524	253.05137	-158.66565	-100.08141	279.08881	91.94471	364.52416	208.29952	73.2303	120.42316	71.60296	0
862	56.14323	312.44928	266.07009	-165.17501	-109.84545	290.48019	81.367	348.25076	179.0074	54.51589	103.33609	71.60296	0
863	57.77057	323.84066	283.15716	-174.93905	-118.79582	302.68524	74.04397	337.67305	148.90161	33.36047	82.18067	71.60296	0
864	56.14323	333.6047	299.43056	-182.26208	-126.11885	313.26295	69.16195	330.35002	126.93252	18.71441	73.2303	73.2303	0
865	51.26121	339.30039	311.63561	-186.33043	-132.62821	325.468	66.72094	320.58598	114.72747	13.01872	78.92599	78.11232	0
866	42.31084	340.11406	315.70396	-185.51676	-137.51023	336.85938	65.90727	306.75359	108.21811	8.95037	86.24902	82.99434	0
867	27.66478	336.85938	320.58598	-179.82107	-145.64693	343.36874	66.72094	291.29386	100.89508	3.25468	95.19939	87.06269	0
868	12.20505	344.99608	337.67305	-177.38006	-161.10666	353.94645	69.97562	279.08881	91.94471	0	110.65912	95.19939	0
869	0	362.08315	364.52416	-179.82107	-180.63474	370.21985	73.2303	269.32477	78.11232	-6.50936	118.79582	101.70875	0
870	-10.57771	376.72921	388.12059	-183.07575	-199.34915	380.79756	69.16195	255.49238	56.9569	-20.34175	111.47279	102.52242	0
871	-20.34175	384.86591	402.76665	-185.51676	-210.74053	385.67958	61.02525	238.40531	30.91946	-39.05616	96.82673	99.26774	0
872	-25.22377	389.74793	408.46234	-187.95777	-216.43622	388.93426	49.63387	221.31824	0	-59.39791	75.67131	96.01306	0
873	-21.96909	392.18894	410.08968	-193.65346	-218.87723	389.74793	39.05616	204.23117	-31.73313	-80.55333	50.44754	92.75838	0
874	-11.39138	391.37527	408.46234	-200.97649	-216.43622	391.37527	30.10579	186.33043	-56.14323	-97.6404	36.61515	87.87636	0
875	-3.25468	392.18894	401.95298	-203.4175	-207.48585	394.62995	21.96909	165.17501	-78.92599	-107.40444	37.42882	86.24902	0
876	4.88202	397.07096	395.44362	-206.67218	-198.53548	397.88463	13.01872	138.3239	-100.89508	-112.28646	44.75185	89.5037	0
877	16.2734	404.39399	388.93426	-213.18154	-194.46713	399.51197	1.62734	111.47279	-117.98215	-115.54114	57.77057	95.19939	0
878	25.22377	408.46234	384.05224	-217.24989	-190.39878	399.51197	-10.57771	91.13104	-134.25555	-119.60949	74.04397	99.26774	0
879	26.85111	414.9717	388.12059	-219.6909	-189.58511	404.39399	-20.34175	79.73966	-152.15629	-125.30518	81.367	102.52242	0
880	26.85111	423.92207	397.88463	-223.75925	-192.02612	414.15803	-22.78276	70.78929	-168.42969	-131.00087	77.29865	104.96343	0
881	29.29212	432.87244	405.20766	-230.26861	-192.83979	422.29473	-18.71441	57.77057	-182.26208	-137.51023	68.34828	106.59077	0
882	32.5468	441.00914	410.08968	-236.77797	-192.83979	428.80409	-13.83239	38.24249	-196.09447	-148.08794	65.0936	106.59077	0
883	26.03744	437.75446	413.34436	-232.70962	-193.65346	427.99042	-17.08707	15.45973	-209.92686	-164.36134	71.60296	109.03178	0
884	8.95037	415.78537	406.835	-218.87723	-195.2808	412.53069	-29.29212	-5.69569	-222.94558	-181.44841	65.0936	113.10013	0
885	-9.76404	382.4249	392.18894	-202.60383	-196.90814	388.12059	-43.93818	-29.29212	-239.21898	-192.83979	43.93818	105.7771	0
886	-21.15542	358.0148	379.98389	-187.95777	-196.90814	365.33783	-53.70222	-50.44754	-256.30605	-197.72181	23.59643	90.31737	0
887	-21.15542	348.25076	370.21985	-179.82107	-192.83979	348.25076	-58.58424	-62.65259	-269.32477	-195.2808	16.2734	78.11232	0
888	-13.83239	338.48672	359.64214	-169.24336	-187.95777	335.23204	-61.02525	-70.78929	-278.27514	-189.58511	21.96909	69.16195	0
889	-4.06835	323.02699	347.43709	-152.96996	-185.51676	323.84066	-58.58424	-80.55333	-283.15716	-183.07575	24.4101	63.46626	0
890	4.06835	308.38093	329.53635	-143.20592	-177.38006	313.26295	-49.63387	-95.19939	-282.34349	-175.75272	19.52808	61.83892	0
891	7.32303	293.73487	306.75359	-137.51023	-163.54767	297.80322	-43.12451	-115.54114	-276.6478	-170.05703	12.20505	59.39791	0
892	3.25468	271.76578	283.15716	-126.93252	-150.52895	277.46147	-39.86983	-135.88289	-266.07009	-171.68437	13.01872	52.07488	0
893	0	242.47366	257.93339	-112.28646	-139.13757	251.42403	-39.86983	-147.27427	-257.11972	-178.19373	26.03744	39.05616	0
894	-2.44101	219.6909	235.9643	-103.33609	-127.74619	228.64127	-42.31084	-143.20592	-246.54201	-177.38006	30.10579	26.85111	0
895	-2.44101	207.48585	218.87723	-100.89508	-116.35481	213.99521	-44.75185	-129.37353	-231.89595	-166.80235	21.15542	22.78276	0
896	0	191.21245	201.79016	-92.75838	-105.7771	196.90814	-48.00653	-117.98215	-221.31824	-156.22464	6.50936	22.78276	0
897	-1.62734	164.36134	183.07575	-74.85764	-99.26774	173.31171	-53.70222	-114.72747	-218.06356	-152.15629	-17.90074	17.90074	0
898	-8.95037	145.64693	168.42969	-61.83892	-93.57205	157.03831	-56.14323	-110.65912	-214.80888	-150.52895	-46.37919	13.01872	0
899	-13.01872	138.3239	154.5973	-58.58424	-86.24902	148.90161	-46.37919	-100.08141	-201.79016	-145.64693	-55.32956	13.01872	0
900	-12.20505	136.69656	141.57858	-58.58424	-82.18067	145.64693	-29.29212	-87.87636	-181.44841	-130.1872	-43.12451	16.2734	0
901	-8.95037	137.51023	135.06922	-59.39791	-82.18067	144.01959	-17.90074	-84.62168	-161.10666	-109.84545	-26.03744	17.08707	0
902	-3.25468	132.62821	128.55986	-59.39791	-80.55333	137.51023	-22.78276	-91.13104	-149.71528	-99.26774	-8.1367	9.76404	0
903	0	116.35481	117.16848	-52.88855	-74.85764	121.23683	-39.05616	-100.08141	-143.20592	-100.89508	9.76404	2.44101	0
904	0.81367	91.13104	104.14976	-36.61515	-70.78929	100.08141	-55.32956	-103.33609	-136.69656	-105.7771	12.20505	0.81367	0
905	-6.50936	69.16195	91.13104	-22.78276	-64.27993	80.55333	-64.27993	-102.52242	-128.55986	-106.59077	-1.62734	-5.69569	0
906	-22.78276	55.32956	79.73966	-15.45973	-56.9569	66.72094	-61.83892	-98.45407	-117.98215	-102.52242	-16.2734	-20.34175	0
907	-35.80148	41.49717	72.41663	-10.57771	-53.70222	56.14323	-48.8202	-92.75838	-108.21811	-90.31737	-34.98781	-32.5468	0
908	-36.61515	21.96909	65.0936	-5.69569	-53.70222	43.12451	-29.29212	-86.24902	-100.89508	-71.60296	-57.77057	-39.05616	0
909	-31.73313	3.25468	52.07488	0	-48.8202	27.66478	-13.01872	-74.04397	-90.31737	-54.51589	-65.0936	-43.12451	0
910	-24.4101	-5.69569	33.36047	4.88202	-35.80148	14.64606	-2.44101	-60.21158	-72.41663	-41.49717	-54.51589	-45.56552	0
911	-14.64606	-8.1367	15.45973	6.50936	-20.34175	4.88202	5.69569	-45.56552	-49.63387	-26.03744	-34.17414	-43.12451	0
912	-4.88202	-7.32303	1.62734	4.06835	-5.69569	-0.81367	13.01872	-30.91946	-25.22377	-7.32303	-4.88202	-37.42882	0
913	-4.06835	-8.95037	-3.25468	5.69569	2.44101	-5.69569	13.83239	-21.15542	-0.81367	8.1367	26.03744	-28.47845	0
914	-17.90074	-18.71441	-1.62734	17.90074	5.69569	-9.76404	7.32303	-16.2734	17.90074	17.90074	40.6835	-19.52808	0
915	-32.5468	-33.36047	-2.44101	33.36047	4.88202	-17.90074	-3.25468	-14.64606	27.66478	17.90074	32.5468	-21.96909	0
916	-33.36047	-49.63387	-16.2734	42.31084	8.1367	-33.36047	-13.83239	-18.71441	26.03744	11.39138	14.64606	-37.42882	0
917	-22.78276	-59.39791	-40.6835	39.86983	17.90074	-50.44754	-17.90074	-26.85111	17.08707	0	-12.20505	-56.14323	0
918	-10.57771	-61.02525	-63.46626	30.10579	26.03744	-62.65259	-17.90074	-35.80148	6.50936	-13.83239	-43.93818	-69.97562	0
919	-2.44101	-59.39791	-74.85764	22.78276	29.29212	-66.72094	-13.83239	-40.6835	0	-21.96909	-60.21158	-78.11232	0
920	3.25468	-55.32956	-68.34828	22.78276	30.91946	-61.02525	-7.32303	-37.42882	3.25468	-19.52808	-55.32956	-78.92599	0
921	4.06835	-50.44754	-50.44754	29.29212	28.47845	-47.19286	-1.62734	-27.66478	12.20505	-11.39138	-41.49717	-75.67131	0
922	0	-43.12451	-35.80148	37.42882	19.52808	-32.5468	-0.81367	-17.90074	23.59643	-0.81367	-37.42882	-71.60296	0
923	-3.25468	-35.80148	-29.29212	44.75185	12.20505	-23.59643	-4.88202	-13.01872	32.5468	9.76404	-46.37919	-68.34828	0
924	-6.50936	-39.05616	-27.66478	51.26121	6.50936	-26.03744	-10.57771	-11.39138	33.36047	16.2734	-50.44754	-70.78929	0
925	-9.76404	-49.63387	-29.29212	55.32956	2.44101	-34.98781	-15.45973	-8.1367	30.91946	21.15542	-40.6835	-70.78929	0
926	-12.20505	-56.9569	-30.91946	54.51589	-0.81367	-42.31084	-15.45973	-4.88202	31.73313	26.85111	-24.4101	-62.65259	0
927	-14.64606	-58.58424	-31.73313	48.8202	-4.06835	-44.75185	-12.20505	-8.95037	35.80148	34.98781	0	-52.07488	0
928	-16.2734	-54.51589	-29.29212	41.49717	-4.06835	-42.31084	-10.57771	-16.2734	41.49717	39.86983	27.66478	-43.93818	0
929	-15.45973	-43.93818	-26.03744	30.10579	1.62734	-34.17414	-8.1367	-25.22377	46.37919	39.05616	39.05616	-41.49717	0
930	-13.83239	-29.29212	-26.85111	15.45973	8.1367	-26.85111	-5.69569	-37.42882	48.8202	30.91946	27.66478	-44.75185	0
931	-8.1367	-19.52808	-31.73313	4.88202	12.20505	-24.4101	-5.69569	-41.49717	51.26121	21.15542	10.57771	-50.44754	0
932	0	-20.34175	-35.80148	4.06835	13.83239	-26.85111	-5.69569	-33.36047	54.51589	13.83239	3.25468	-54.51589	0
933	6.50936	-27.66478	-39.05616	7.32303	17.08707	-32.5468	-4.88202	-19.52808	56.14323	10.57771	8.1367	-51.26121	0
934	8.95037	-33.36047	-48.8202	8.1367	26.03744	-40.6835	-4.88202	-11.39138	51.26121	6.50936	7.32303	-43.12451	0
935	8.1367	-35.80148	-61.02525	7.32303	40.6835	-48.00653	-4.06835	-10.57771	43.93818	2.44101	-3.25468	-43.12451	0
936	4.06835	-39.86983	-65.90727	13.01872	48.8202	-52.88855	-4.06835	-10.57771	41.49717	0	-15.45973	-53.70222	0
937	0	-49.63387	-65.90727	22.78276	47.19286	-56.9569	-4.88202	-10.57771	43.12451	2.44101	-31.73313	-61.83892	0
938	-3.25468	-63.46626	-62.65259	30.10579	40.6835	-58.58424	-6.50936	-9.76404	48.00653	12.20505	-52.07488	-65.90727	0
939	-7.32303	-77.29865	-62.65259	39.05616	34.98781	-62.65259	-10.57771	-3.25468	56.9569	21.15542	-60.21158	-69.16195	0
940	-8.1367	-86.24902	-69.16195	44.75185	34.17414	-70.78929	-17.90074	5.69569	66.72094	26.85111	-52.07488	-74.04397	0
941	-4.88202	-89.5037	-78.11232	46.37919	36.61515	-78.92599	-21.15542	8.95037	67.53461	26.85111	-43.12451	-81.367	0
942	-6.50936	-91.94471	-88.69003	47.19286	34.17414	-87.06269	-18.71441	0	59.39791	25.22377	-48.8202	-89.5037	0
943	-16.2734	-91.94471	-92.75838	48.00653	28.47845	-94.38572	-14.64606	-9.76404	52.88855	28.47845	-66.72094	-94.38572	0
944	-25.22377	-91.94471	-88.69003	49.63387	22.78276	-95.19939	-6.50936	-9.76404	56.14323	34.98781	-70.78929	-93.57205	0
945	-29.29212	-90.31737	-78.92599	52.88855	17.90074	-89.5037	8.1367	0.81367	69.97562	40.6835	-55.32956	-84.62168	0
946	-23.59643	-84.62168	-68.34828	50.44754	19.52808	-81.367	23.59643	18.71441	87.87636	43.93818	-33.36047	-72.41663	0
947	-8.1367	-73.2303	-60.21158	39.86983	29.29212	-74.04397	35.80148	35.80148	104.96343	41.49717	-4.88202	-61.83892	0
948	8.95037	-59.39791	-57.77057	25.22377	39.86983	-65.90727	39.86983	48.00653	115.54114	34.17414	23.59643	-56.9569	0
949	24.4101	-48.8202	-56.14323	10.57771	46.37919	-59.39791	39.86983	55.32956	118.79582	28.47845	36.61515	-55.32956	0
950	34.98781	-43.12451	-50.44754	-2.44101	43.93818	-56.14323	35.80148	55.32956	116.35481	26.85111	29.29212	-56.9569	0
951	35.80148	-43.12451	-46.37919	-5.69569	34.98781	-56.9569	26.03744	50.44754	109.84545	23.59643	10.57771	-65.0936	0
952	28.47845	-46.37919	-47.19286	0.81367	28.47845	-58.58424	14.64606	44.75185	101.70875	18.71441	-2.44101	-74.85764	0
953	18.71441	-52.07488	-52.07488	8.95037	26.85111	-61.02525	9.76404	44.75185	98.45407	15.45973	-4.06835	-82.18067	0
954	10.57771	-57.77057	-58.58424	16.2734	27.66478	-65.0936	9.76404	51.26121	100.08141	17.90074	-5.69569	-89.5037	0
955	4.88202	-61.02525	-65.0936	21.96909	30.10579	-68.34828	12.20505	56.14323	103.33609	23.59643	-14.64606	-92.75838	0
956	0	-67.53461	-70.78929	30.91946	30.91946	-70.78929	12.20505	54.51589	106.59077	26.85111	-24.4101	-90.31737	0
957	-10.57771	-78.11232	-74.04397	43.12451	30.10579	-74.85764	15.45973	45.56552	105.7771	27.66478	-37.42882	-80.55333	0
958	-19.52808	-91.94471	-77.29865	56.14323	29.29212	-82.18067	20.34175	35.80148	101.70875	25.22377	-52.07488	-65.0936	0
959	-23.59643	-105.7771	-82.18067	65.0936	30.91946	-94.38572	20.34175	33.36047	100.89508	28.47845	-53.70222	-53.70222	0
960	-22.78276	-121.23683	-89.5037	69.97562	34.98781	-112.28646	13.01872	37.42882	102.52242	34.98781	-43.12451	-53.70222	0
961	-19.52808	-131.00087	-98.45407	70.78929	39.86983	-124.49151	4.06835	43.93818	108.21811	39.86983	-34.17414	-61.02525	0
962	-17.08707	-126.11885	-99.26774	67.53461	40.6835	-121.23683	1.62734	50.44754	120.42316	45.56552	-21.96909	-69.16195	0
963	-15.45973	-110.65912	-88.69003	59.39791	35.80148	-106.59077	8.1367	56.9569	133.44188	52.07488	-5.69569	-76.48498	0
964	-15.45973	-94.38572	-74.85764	52.07488	28.47845	-90.31737	21.15542	65.0936	144.01959	56.9569	1.62734	-82.18067	0
965	-14.64606	-80.55333	-65.90727	44.75185	27.66478	-75.67131	36.61515	71.60296	148.90161	56.9569	-0.81367	-82.99434	0
966	-10.57771	-70.78929	-65.90727	39.05616	35.80148	-65.0936	47.19286	70.78929	143.20592	52.88855	-9.76404	-78.92599	0
967	-4.06835	-62.65259	-68.34828	33.36047	39.86983	-57.77057	51.26121	65.90727	128.55986	46.37919	-8.95037	-72.41663	0
968	-0.81367	-59.39791	-69.16195	31.73313	39.86983	-56.14323	48.8202	61.83892	114.72747	43.12451	4.88202	-65.0936	0
969	-5.69569	-61.02525	-69.97562	39.05616	34.17414	-61.02525	38.24249	56.9569	109.84545	39.86983	8.95037	-61.83892	0
970	-17.90074	-68.34828	-65.90727	51.26121	24.4101	-69.97562	26.85111	51.26121	112.28646	34.98781	-3.25468	-63.46626	0
971	-33.36047	-81.367	-60.21158	63.46626	13.01872	-80.55333	21.96909	52.88855	112.28646	32.5468	-18.71441	-64.27993	0
972	-53.70222	-96.82673	-59.39791	82.99434	1.62734	-89.5037	24.4101	61.02525	111.47279	34.17414	-23.59643	-65.0936	0
973	-68.34828	-103.33609	-61.83892	98.45407	-4.06835	-96.01306	31.73313	68.34828	114.72747	40.6835	-14.64606	-68.34828	0
974	-60.21158	-97.6404	-69.16195	93.57205	3.25468	-97.6404	40.6835	74.04397	120.42316	48.00653	-5.69569	-70.78929	0
975	-33.36047	-87.06269	-80.55333	70.78929	22.78276	-94.38572	44.75185	78.11232	125.30518	51.26121	-4.88202	-69.16195	0
976	-7.32303	-79.73966	-87.87636	51.26121	43.12451	-91.13104	43.93818	76.48498	132.62821	51.26121	-7.32303	-62.65259	0
977	8.95037	-78.92599	-87.06269	43.12451	55.32956	-86.24902	36.61515	69.16195	139.95124	44.75185	-16.2734	-56.14323	0
978	14.64606	-80.55333	-81.367	39.86983	56.9569	-83.80801	27.66478	60.21158	144.83326	34.17414	-32.5468	-49.63387	0
979	9.76404	-83.80801	-78.11232	38.24249	51.26121	-85.43535	22.78276	57.77057	143.20592	26.85111	-42.31084	-45.56552	0
980	3.25468	-87.06269	-78.92599	39.05616	45.56552	-87.87636	23.59643	62.65259	138.3239	24.4101	-41.49717	-43.12451	0
981	0	-88.69003	-82.18067	39.86983	43.12451	-87.87636	30.10579	69.97562	132.62821	22.78276	-40.6835	-43.12451	0
982	0	-91.13104	-84.62168	39.86983	42.31084	-87.06269	39.05616	78.11232	128.55986	23.59643	-35.80148	-44.75185	0
983	-0.81367	-95.19939	-79.73966	41.49717	41.49717	-83.80801	47.19286	85.43535	126.93252	24.4101	-24.4101	-42.31084	0
984	-6.50936	-98.45407	-66.72094	47.19286	38.24249	-78.92599	50.44754	86.24902	126.93252	25.22377	-17.08707	-37.42882	0
985	-14.64606	-101.70875	-56.9569	55.32956	32.5468	-77.29865	44.75185	78.92599	126.11885	25.22377	-22.78276	-42.31084	0
986	-15.45973	-104.14976	-62.65259	59.39791	32.5468	-82.99434	34.17414	69.16195	125.30518	24.4101	-34.17414	-54.51589	0
987	-10.57771	-104.96343	-77.29865	57.77057	39.05616	-91.13104	28.47845	65.90727	125.30518	21.96909	-49.63387	-63.46626	0
988	-1.62734	-100.89508	-89.5037	50.44754	47.19286	-95.19939	27.66478	65.0936	125.30518	15.45973	-68.34828	-65.0936	0
989	8.1367	-93.57205	-98.45407	40.6835	54.51589	-96.01306	29.29212	60.21158	118.79582	12.20505	-77.29865	-62.65259	0
990	17.08707	-87.06269	-106.59077	33.36047	61.83892	-96.01306	28.47845	51.26121	104.14976	12.20505	-74.04397	-61.83892	0
991	25.22377	-81.367	-113.10013	28.47845	68.34828	-98.45407	26.03744	43.12451	91.94471	14.64606	-69.97562	-65.0936	0
992	30.10579	-76.48498	-114.72747	24.4101	71.60296	-102.52242	24.4101	43.12451	91.94471	19.52808	-62.65259	-66.72094	0
993	26.85111	-78.11232	-110.65912	26.03744	67.53461	-104.14976	26.85111	47.19286	100.89508	27.66478	-48.00653	-69.97562	0
994	13.01872	-86.24902	-104.96343	36.61515	58.58424	-102.52242	28.47845	48.8202	108.21811	34.17414	-36.61515	-76.48498	0
995	-0.81367	-95.19939	-96.82673	48.8202	48.00653	-100.08141	26.03744	40.6835	109.84545	37.42882	-35.80148	-82.18067	0
996	-11.39138	-97.6404	-86.24902	56.14323	37.42882	-96.82673	17.08707	26.03744	101.70875	37.42882	-39.86983	-83.80801	0
997	-19.52808	-96.01306	-74.85764	59.39791	27.66478	-90.31737	3.25468	13.01872	88.69003	32.5468	-49.63387	-84.62168	0
998	-25.22377	-95.19939	-68.34828	62.65259	21.96909	-86.24902	-8.1367	9.76404	78.92599	26.85111	-63.46626	-82.18067	0
999	-26.03744	-94.38572	-71.60296	64.27993	23.59643	-87.06269	-14.64606	17.08707	78.92599	26.03744	-66.72094	-75.67131	0
1000	-25.22377	-93.57205	-75.67131	64.27993	25.22377	-87.87636	-12.20505	30.91946	87.87636	31.73313	-59.39791	-68.34828	0
1001	-26.85111	-95.19939	-71.60296	62.65259	21.96909	-86.24902	-1.62734	43.93818	100.89508	38.24249	-49.63387	-62.65259	0
1002	-29.29212	-97.6404	-61.02525	59.39791	15.45973	-82.99434	14.64606	50.44754	109.84545	46.37919	-36.61515	-57.77057	0
1003	-36.61515	-100.89508	-50.44754	60.21158	6.50936	-79.73966	30.91946	44.75185	113.10013	52.07488	-22.78276	-51.26121	0
1004	-43.93818	-103.33609	-48.00653	65.90727	0.81367	-78.11232	37.42882	26.03744	109.84545	49.63387	-18.71441	-41.49717	0
1005	-42.31084	-105.7771	-56.14323	69.16195	5.69569	-82.99434	39.05616	8.1367	98.45407	44.75185	-23.59643	-37.42882	0
1006	-32.5468	-106.59077	-69.97562	68.34828	18.71441	-88.69003	41.49717	4.06835	85.43535	43.12451	-26.03744	-39.86983	0
1007	-21.96909	-100.89508	-81.367	61.83892	34.17414	-89.5037	44.75185	11.39138	77.29865	49.63387	-29.29212	-38.24249	0
1008	-10.57771	-89.5037	-84.62168	51.26121	43.12451	-84.62168	46.37919	19.52808	72.41663	64.27993	-35.80148	-30.10579	0
1009	-4.88202	-79.73966	-83.80801	43.93818	43.93818	-76.48498	47.19286	28.47845	74.85764	78.11232	-34.98781	-21.96909	0
1010	-2.44101	-73.2303	-85.43535	39.86983	39.86983	-71.60296	44.75185	37.42882	82.18067	83.80801	-26.03744	-18.71441	0
1011	-4.88202	-77.29865	-91.13104	42.31084	38.24249	-69.97562	32.5468	40.6835	91.94471	80.55333	-23.59643	-23.59643	0
1012	-9.76404	-91.94471	-96.01306	51.26121	37.42882	-69.97562	13.01872	35.80148	105.7771	72.41663	-24.4101	-34.17414	0
1013	-13.83239	-104.96343	-99.26774	58.58424	39.05616	-70.78929	0	31.73313	117.98215	69.16195	-18.71441	-44.75185	0
1014	-13.83239	-109.84545	-100.08141	61.02525	39.86983	-69.16195	0	32.5468	123.67784	69.97562	-12.20505	-52.07488	0
1015	-10.57771	-99.26774	-96.01306	52.07488	40.6835	-65.0936	8.1367	33.36047	118.79582	67.53461	-14.64606	-56.9569	0
1016	-2.44101	-71.60296	-88.69003	28.47845	41.49717	-56.9569	20.34175	30.10579	103.33609	60.21158	-17.90074	-60.21158	0
1017	11.39138	-39.05616	-77.29865	1.62734	43.93818	-45.56552	33.36047	24.4101	84.62168	51.26121	-23.59643	-56.9569	0
1018	21.96909	-15.45973	-57.77057	-12.20505	39.86983	-30.91946	45.56552	17.08707	70.78929	43.93818	-32.5468	-46.37919	0
1019	20.34175	-2.44101	-30.91946	-14.64606	28.47845	-19.52808	52.07488	13.83239	67.53461	44.75185	-34.98781	-37.42882	0
1020	13.01872	-1.62734	-8.1367	-8.1367	17.90074	-18.71441	49.63387	17.08707	74.85764	51.26121	-30.10579	-34.98781	0
1021	4.88202	-8.95037	0	1.62734	11.39138	-25.22377	45.56552	26.03744	88.69003	61.83892	-26.03744	-35.80148	0
1022	4.06835	-16.2734	-6.50936	11.39138	13.01872	-34.17414	46.37919	42.31084	101.70875	74.85764	-19.52808	-35.80148	0
1023	12.20505	-20.34175	-23.59643	20.34175	21.96909	-42.31084	49.63387	57.77057	105.7771	84.62168	-11.39138	-43.12451	0
1024	16.2734	-30.10579	-42.31084	28.47845	30.91946	-46.37919	53.70222	64.27993	100.89508	86.24902	-11.39138	-55.32956	0
1025	10.57771	-44.75185	-54.51589	34.98781	32.5468	-48.00653	60.21158	60.21158	93.57205	83.80801	-13.83239	-61.02525	0
1026	2.44101	-53.70222	-55.32956	38.24249	27.66478	-45.56552	68.34828	52.07488	91.13104	82.99434	-8.95037	-53.70222	0
1027	-4.06835	-51.26121	-43.12451	35.80148	16.2734	-37.42882	76.48498	41.49717	96.01306	86.24902	-2.44101	-38.24249	0
1028	-7.32303	-39.86983	-23.59643	30.10579	3.25468	-24.4101	79.73966	34.98781	104.96343	91.94471	0	-24.4101	0
1029	-4.88202	-18.71441	-6.50936	17.08707	-5.69569	-6.50936	79.73966	37.42882	113.10013	97.6404	6.50936	-10.57771	0
1030	2.44101	6.50936	0	-0.81367	-8.1367	12.20505	78.92599	47.19286	119.60949	105.7771	19.52808	0.81367	0
1031	16.2734	26.85111	-2.44101	-19.52808	-0.81367	24.4101	74.85764	58.58424	121.23683	114.72747	27.66478	7.32303	0
1032	30.91946	38.24249	-6.50936	-31.73313	9.76404	30.91946	61.83892	63.46626	120.42316	121.23683	31.73313	4.06835	0
1033	45.56552	43.12451	-8.1367	-40.6835	21.15542	33.36047	40.6835	62.65259	120.42316	125.30518	35.80148	0	0
1034	53.70222	43.12451	-5.69569	-49.63387	26.03744	34.17414	16.2734	56.14323	117.98215	124.49151	34.17414	0	0
1035	48.00653	41.49717	4.06835	-57.77057	19.52808	34.98781	-5.69569	39.86983	110.65912	117.98215	25.22377	0	0
1036	32.5468	41.49717	16.2734	-62.65259	8.95037	36.61515	-26.03744	13.01872	98.45407	107.40444	17.90074	-4.06835	0
1037	17.90074	48.00653	17.90074	-59.39791	9.76404	36.61515	-42.31084	-17.90074	82.99434	96.01306	8.95037	-7.32303	0
1038	7.32303	57.77057	12.20505	-50.44754	18.71441	35.80148	-49.63387	-45.56552	68.34828	84.62168	-0.81367	-5.69569	0
1039	3.25468	62.65259	13.83239	-43.12451	19.52808	38.24249	-52.07488	-59.39791	60.21158	81.367	-3.25468	-1.62734	0
1040	1.62734	65.0936	26.03744	-36.61515	6.50936	46.37919	-52.07488	-57.77057	60.21158	84.62168	1.62734	0.81367	0
1041	0	62.65259	36.61515	-30.91946	-6.50936	50.44754	-46.37919	-47.19286	60.21158	89.5037	4.06835	0.81367	0
1042	0	56.14323	41.49717	-26.85111	-15.45973	48.00653	-35.80148	-34.98781	56.9569	91.94471	5.69569	-3.25468	0
1043	0.81367	48.8202	43.12451	-23.59643	-20.34175	42.31084	-24.4101	-25.22377	56.14323	93.57205	9.76404	-12.20505	0
1044	3.25468	43.93818	39.86983	-20.34175	-19.52808	35.80148	-13.83239	-16.2734	61.02525	93.57205	12.20505	-21.96909	0
1045	12.20505	44.75185	33.36047	-19.52808	-12.20505	33.36047	-3.25468	-9.76404	67.53461	90.31737	13.01872	-26.03744	0
1046	20.34175	48.8202	30.91946	-26.03744	-6.50936	35.80148	0.81367	-11.39138	71.60296	89.5037	17.90074	-21.15542	0
1047	28.47845	52.88855	27.66478	-39.05616	-5.69569	38.24249	-0.81367	-22.78276	75.67131	87.87636	21.15542	-8.95037	0
1048	37.42882	58.58424	22.78276	-54.51589	-6.50936	38.24249	-8.1367	-34.98781	78.92599	82.18067	17.90074	5.69569	0
1049	43.93818	56.9569	16.2734	-61.02525	-2.44101	32.5468	-19.52808	-45.56552	76.48498	77.29865	15.45973	17.90074	0
1050	48.00653	43.12451	8.95037	-49.63387	12.20505	21.96909	-28.47845	-48.8202	69.97562	76.48498	17.08707	22.78276	0
1051	48.8202	26.03744	-1.62734	-34.17414	32.5468	8.95037	-30.91946	-39.86983	64.27993	79.73966	11.39138	18.71441	0
1052	48.8202	12.20505	-14.64606	-25.22377	48.8202	-4.88202	-26.03744	-29.29212	61.83892	85.43535	1.62734	4.88202	0
1053	48.8202	-0.81367	-23.59643	-19.52808	56.9569	-19.52808	-17.90074	-27.66478	62.65259	92.75838	-0.81367	-13.83239	0
1054	41.49717	-15.45973	-30.91946	-6.50936	55.32956	-29.29212	-12.20505	-34.17414	61.83892	99.26774	-2.44101	-30.91946	0
1055	26.85111	-31.73313	-34.98781	10.57771	43.93818	-33.36047	-9.76404	-39.05616	61.02525	103.33609	-2.44101	-37.42882	0
1056	5.69569	-44.75185	-32.5468	20.34175	25.22377	-32.5468	-4.88202	-30.10579	71.60296	109.03178	9.76404	-27.66478	0
1057	-2.44101	-49.63387	-34.98781	24.4101	17.90074	-36.61515	2.44101	-6.50936	89.5037	113.9138	39.86983	-9.76404	0
1058	10.57771	-48.00653	-52.88855	25.22377	31.73313	-45.56552	12.20505	17.90074	106.59077	113.9138	78.92599	6.50936	0
1059	30.91946	-47.19286	-75.67131	21.15542	52.88855	-57.77057	21.96909	34.17414	112.28646	105.7771	91.13104	17.08707	0
1060	39.05616	-60.21158	-99.26774	22.78276	68.34828	-76.48498	26.03744	30.91946	104.14976	87.06269	65.90727	12.20505	0
1061	33.36047	-83.80801	-121.23683	33.36047	75.67131	-100.08141	21.15542	12.20505	86.24902	63.46626	21.15542	-7.32303	0
1062	25.22377	-106.59077	-135.88289	45.56552	77.29865	-119.60949	14.64606	-11.39138	69.97562	43.12451	-21.15542	-36.61515	0
1063	17.90074	-123.67784	-144.01959	54.51589	77.29865	-132.62821	10.57771	-28.47845	63.46626	30.91946	-48.8202	-68.34828	0
1064	10.57771	-134.25555	-147.27427	61.02525	75.67131	-139.13757	7.32303	-30.91946	61.02525	23.59643	-64.27993	-95.19939	0
1065	2.44101	-140.76491	-144.83326	68.34828	70.78929	-142.39225	2.44101	-24.4101	56.14323	17.90074	-72.41663	-107.40444	0
1066	-7.32303	-146.4606	-137.51023	77.29865	62.65259	-142.39225	0	-18.71441	48.8202	13.83239	-67.53461	-104.14976	0
1067	-18.71441	-148.90161	-127.74619	84.62168	52.88855	-139.13757	-3.25468	-17.90074	38.24249	13.83239	-56.14323	-89.5037	0
1068	-29.29212	-148.90161	-119.60949	91.13104	43.93818	-135.88289	-6.50936	-23.59643	26.85111	17.08707	-49.63387	-73.2303	0
1069	-35.80148	-144.83326	-115.54114	96.01306	39.86983	-134.25555	-6.50936	-26.85111	22.78276	19.52808	-43.93818	-61.02525	0
1070	-37.42882	-140.76491	-111.47279	94.38572	36.61515	-129.37353	0	-19.52808	30.91946	25.22377	-36.61515	-50.44754	0
1071	-38.24249	-143.20592	-108.21811	92.75838	34.17414	-125.30518	10.57771	-5.69569	50.44754	30.10579	-36.61515	-46.37919	0
1072	-41.49717	-148.90161	-107.40444	95.19939	32.5468	-126.11885	21.15542	8.95037	71.60296	34.17414	-42.31084	-52.88855	0
1073	-47.19286	-155.41097	-110.65912	101.70875	30.10579	-131.81454	30.10579	24.4101	83.80801	39.86983	-44.75185	-69.16195	0
1074	-48.00653	-161.92033	-117.16848	105.7771	33.36047	-139.95124	34.17414	31.73313	93.57205	44.75185	-46.37919	-85.43535	0
1075	-41.49717	-165.98868	-124.49151	103.33609	39.86983	-144.83326	34.17414	33.36047	101.70875	48.8202	-43.93818	-87.87636	0
1076	-33.36047	-164.36134	-126.11885	97.6404	46.37919	-144.01959	33.36047	34.98781	100.89508	52.07488	-31.73313	-76.48498	0
1077	-32.5468	-157.03831	-122.0505	91.94471	47.19286	-138.3239	32.5468	34.17414	88.69003	51.26121	-18.71441	-61.02525	0
1078	-36.61515	-148.90161	-117.98215	86.24902	43.93818	-133.44188	29.29212	28.47845	72.41663	46.37919	-12.20505	-48.00653	0
1079	-40.6835	-144.83326	-119.60949	84.62168	42.31084	-131.81454	28.47845	17.08707	61.83892	43.12451	-7.32303	-38.24249	0
1080	-40.6835	-144.83326	-123.67784	85.43535	47.19286	-135.06922	30.10579	7.32303	60.21158	45.56552	-3.25468	-33.36047	0
1081	-36.61515	-149.71528	-126.11885	81.367	54.51589	-139.13757	32.5468	8.1367	72.41663	51.26121	-7.32303	-34.17414	0
1082	-38.24249	-157.03831	-128.55986	84.62168	56.9569	-140.76491	33.36047	13.83239	89.5037	52.07488	-17.90074	-46.37919	0
1083	-45.56552	-167.61602	-131.81454	96.01306	54.51589	-144.01959	31.73313	17.08707	100.89508	43.12451	-29.29212	-62.65259	0
1084	-51.26121	-178.19373	-133.44188	107.40444	48.8202	-150.52895	26.85111	15.45973	101.70875	32.5468	-45.56552	-74.04397	0
1085	-54.51589	-185.51676	-134.25555	117.16848	43.93818	-155.41097	20.34175	9.76404	92.75838	26.03744	-60.21158	-83.80801	0
1086	-57.77057	-188.77144	-131.00087	118.79582	37.42882	-157.85198	16.2734	0.81367	72.41663	21.15542	-62.65259	-91.94471	0
1087	-60.21158	-187.95777	-126.11885	113.10013	31.73313	-157.03831	12.20505	-12.20505	43.12451	17.08707	-60.21158	-92.75838	0
1088	-62.65259	-187.1441	-122.0505	109.84545	28.47845	-155.41097	6.50936	-34.98781	7.32303	12.20505	-61.83892	-87.06269	0
1089	-63.46626	-180.63474	-114.72747	109.84545	24.4101	-148.08794	1.62734	-68.34828	-35.80148	0.81367	-64.27993	-80.55333	0
1090	-61.83892	-165.17501	-100.89508	105.7771	18.71441	-132.62821	-0.81367	-112.28646	-92.75838	-17.08707	-69.16195	-74.04397	0
1091	-57.77057	-145.64693	-87.87636	99.26774	13.01872	-115.54114	-9.76404	-174.12538	-168.42969	-46.37919	-87.87636	-71.60296	0
1092	-49.63387	-122.0505	-72.41663	86.24902	9.76404	-96.01306	-26.03744	-259.56073	-263.62908	-87.87636	-127.74619	-62.65259	0
1093	-36.61515	-82.99434	-47.19286	60.21158	3.25468	-63.46626	-48.00653	-360.45581	-373.47453	-135.88289	-170.05703	-38.24249	0
1094	-23.59643	-26.85111	-3.25468	26.03744	-11.39138	-14.64606	-75.67131	-463.7919	-493.08402	-180.63474	-178.19373	-8.95037	0
1095	-16.2734	35.80148	52.07488	-8.1367	-35.80148	43.93818	-113.9138	-567.12799	-624.08489	-221.31824	-139.95124	23.59643	0
1096	-13.83239	97.6404	112.28646	-39.05616	-64.27993	104.14976	-157.85198	-669.65041	-758.34044	-255.49238	-70.78929	70.78929	0
1097	-8.1367	164.36134	174.12538	-75.67131	-91.94471	168.42969	-196.09447	-769.73182	-883.64562	-281.52982	30.91946	135.06922	0
1098	4.88202	249.79669	247.35568	-126.11885	-121.23683	247.35568	-229.45494	-880.39094	-1004.06878	-298.61689	155.41097	213.99521	0
1099	23.59643	362.08315	339.30039	-192.83979	-157.03831	350.69177	-272.57945	-1026.03787	-1140.76534	-305.12625	259.56073	298.61689	0
1100	49.63387	502.84806	451.58685	-276.6478	-200.16282	478.43796	-337.67305	-1215.62298	-1308.38136	-306.75359	325.468	382.4249	0
1101	80.55333	661.51371	578.51937	-371.03352	-248.16935	621.64388	-431.2451	-1435.31388	-1503.66216	-308.38093	364.52416	460.53722	0
1102	104.96343	802.27862	694.87418	-453.21419	-295.36221	750.20374	-556.55028	-1663.95515	-1699.75663	-305.12625	382.4249	527.25816	0
1103	121.23683	898.29168	777.05485	-509.35742	-328.72268	838.89377	-686.73748	-1867.37265	-1862.49063	-288.85285	388.93426	580.14671	0
1104	131.00087	954.43491	823.43404	-541.90422	-348.25076	890.15498	-785.19155	-2010.57857	-1962.57204	-262.00174	401.95298	611.06617	0
1105	132.62821	947.92555	815.29734	-538.64954	-343.36874	882.01828	-847.03047	-2061.83978	-1972.33608	-232.70962	411.71702	615.13452	0
1106	123.67784	845.40313	721.72529	-482.50631	-300.24423	782.75054	-872.25424	-2008.95123	-1882.01871	-205.85851	394.62995	586.65607	0
1107	100.89508	646.86765	547.59991	-371.84719	-224.57292	596.42011	-856.79451	-1862.49063	-1713.58902	-183.88942	351.50544	522.37614	0
1108	65.90727	383.23857	318.14497	-223.75925	-126.11885	349.8781	-808.78798	-1653.37744	-1522.37657	-196.09447	269.32477	424.73574	0
1109	31.73313	88.69003	66.72094	-55.32956	-21.15542	77.29865	-751.83108	-1433.68654	-1370.22028	-282.34349	117.16848	299.43056	0
1110	8.95037	-189.58511	-170.8707	103.33609	76.48498	-179.82107	-705.45189	-1247.35611	-1279.90291	-453.21419	-93.57205	161.92033	0
1111	-9.76404	-404.39399	-368.59251	220.50457	165.17501	-384.86591	-672.90509	-1104.96386	-1232.71005	-668.83674	-312.44928	34.98781	0
1112	-29.29212	-538.64954	-509.35742	285.59817	237.59164	-522.37614	-645.24031	-989.42272	-1212.3683	-868.99956	-504.4754	-66.72094	0
1113	-34.98781	-608.62516	-593.16543	313.26295	286.41184	-598.86112	-610.2525	-873.06791	-1187.14453	-1004.88245	-644.42664	-135.06922	0
1114	-26.03744	-636.28994	-634.6626	320.58598	312.44928	-633.03526	-560.61863	-734.74401	-1118.79625	-1048.82063	-697.31519	-164.36134	0
1115	-13.01872	-639.54462	-647.68132	318.95864	323.02699	-641.98563	-490.64301	-568.75533	-994.30474	-1001.62777	-658.25903	-170.8707	0
1116	-3.25468	-625.71223	-635.47627	310.82194	318.95864	-629.78058	-407.64867	-393.81628	-828.31606	-890.15498	-561.4323	-161.92033	0
1117	1.62734	-597.23378	-604.55681	298.61689	303.49891	-601.30213	-324.65433	-244.91467	-653.37701	-751.01741	-451.58685	-143.20592	0
1118	8.1367	-558.99129	-567.94166	281.52982	288.03918	-564.68698	-254.67871	-140.76491	-496.3387	-612.69351	-360.45581	-120.42316	0
1119	11.39138	-522.37614	-532.14018	263.62908	271.76578	-527.25816	-205.85851	-80.55333	-371.84719	-494.71136	-292.10753	-104.14976	0
1120	8.1367	-493.08402	-495.52503	252.2377	248.98302	-493.89769	-175.75272	-52.88855	-281.52982	-402.76665	-248.16935	-100.89508	0
1121	2.44101	-471.11493	-458.09621	247.35568	222.94558	-463.7919	-156.22464	-39.05616	-219.6909	-336.04571	-233.52329	-110.65912	0
1122	-4.06835	-450.77318	-426.36308	240.84632	203.4175	-436.94079	-143.20592	-25.22377	-172.49804	-289.66652	-250.61036	-129.37353	0
1123	-3.25468	-420.66739	-399.51197	222.13191	191.21245	-408.46234	-127.74619	-9.76404	-127.74619	-253.05137	-281.52982	-149.71528	0
1124	6.50936	-376.72921	-373.47453	190.39878	183.88942	-374.2882	-101.70875	8.95037	-77.29865	-211.5542	-283.15716	-162.734	0
1125	17.90074	-327.90901	-340.92773	157.85198	175.75272	-334.41837	-62.65259	39.86983	-21.15542	-160.29299	-240.03265	-157.03831	0
1126	21.96909	-278.27514	-297.80322	130.1872	157.85198	-288.85285	-15.45973	78.92599	39.86983	-102.52242	-165.17501	-129.37353	0
1127	13.83239	-231.08228	-244.101	109.84545	127.74619	-238.40531	30.91946	119.60949	100.08141	-41.49717	-85.43535	-87.06269	0
1128	0	-194.46713	-189.58511	96.01306	94.38572	-191.21245	68.34828	151.34262	152.15629	11.39138	-28.47845	-41.49717	0
1129	-13.83239	-172.49804	-148.08794	87.87636	67.53461	-157.03831	92.75838	172.49804	191.21245	48.00653	4.88202	-8.95037	0
1130	-25.22377	-163.54767	-126.93252	87.87636	52.07488	-141.57858	102.52242	185.51676	216.43622	62.65259	16.2734	0.81367	0
1131	-32.5468	-165.98868	-123.67784	94.38572	46.37919	-144.01959	104.14976	193.65346	227.8276	65.0936	0.81367	-8.1367	0
1132	-34.98781	-170.05703	-131.81454	97.6404	50.44754	-151.34262	108.21811	200.97649	233.52329	62.65259	-26.03744	-33.36047	0
1133	-34.17414	-163.54767	-137.51023	90.31737	58.58424	-151.34262	117.16848	208.29952	236.77797	61.02525	-48.8202	-65.90727	0
1134	-30.10579	-147.27427	-135.88289	79.73966	59.39791	-142.39225	126.11885	210.74053	237.59164	59.39791	-64.27993	-93.57205	0
1135	-29.29212	-132.62821	-128.55986	74.85764	50.44754	-132.62821	132.62821	207.48585	236.77797	61.02525	-64.27993	-103.33609	0
1136	-28.47845	-123.67784	-119.60949	74.04397	39.05616	-124.49151	132.62821	205.04484	234.33696	69.97562	-37.42882	-90.31737	0
1137	-30.10579	-122.86417	-109.84545	76.48498	26.85111	-117.16848	128.55986	203.4175	226.20026	80.55333	-0.81367	-62.65259	0
1138	-38.24249	-128.55986	-101.70875	82.99434	17.08707	-112.28646	120.42316	199.34915	217.24989	86.24902	26.03744	-34.17414	0
1139	-53.70222	-136.69656	-96.01306	91.13104	13.83239	-113.10013	113.9138	194.46713	210.74053	89.5037	43.12451	-13.83239	0
1140	-68.34828	-145.64693	-91.94471	100.89508	17.08707	-117.98215	114.72747	192.02612	205.85851	92.75838	44.75185	-4.88202	0
1141	-68.34828	-152.15629	-95.19939	104.96343	24.4101	-122.86417	122.0505	196.09447	207.48585	93.57205	25.22377	-11.39138	0
1142	-54.51589	-148.08794	-100.89508	98.45407	33.36047	-124.49151	131.00087	205.04484	217.24989	87.87636	-3.25468	-30.91946	0
1143	-32.5468	-135.06922	-104.96343	82.18067	43.12451	-122.0505	138.3239	215.62255	228.64127	75.67131	-26.03744	-52.88855	0
1144	-11.39138	-116.35481	-106.59077	62.65259	52.07488	-119.60949	141.57858	220.50457	238.40531	67.53461	-40.6835	-65.90727	0
1145	1.62734	-99.26774	-109.84545	45.56552	58.58424	-115.54114	139.95124	217.24989	247.35568	67.53461	-40.6835	-71.60296	0
1146	8.1367	-87.87636	-112.28646	32.5468	60.21158	-109.84545	132.62821	212.36787	255.49238	75.67131	-14.64606	-69.16195	0
1147	10.57771	-81.367	-109.84545	24.4101	56.9569	-102.52242	120.42316	209.11319	260.3744	91.94471	21.96909	-52.88855	0
1148	11.39138	-79.73966	-100.08141	21.15542	53.70222	-94.38572	107.40444	204.23117	258.74706	110.65912	52.07488	-28.47845	0
1149	11.39138	-78.11232	-87.06269	22.78276	51.26121	-84.62168	99.26774	203.4175	257.93339	125.30518	72.41663	-6.50936	0
1150	9.76404	-75.67131	-78.92599	26.85111	48.8202	-75.67131	96.82673	205.85851	258.74706	130.1872	75.67131	2.44101	0
1151	4.06835	-77.29865	-79.73966	32.5468	44.75185	-74.85764	99.26774	204.23117	257.11972	125.30518	49.63387	-4.88202	0
1152	1.62734	-82.18067	-84.62168	34.17414	41.49717	-80.55333	103.33609	196.90814	252.2377	115.54114	8.1367	-31.73313	0
1153	6.50936	-82.99434	-88.69003	31.73313	39.86983	-87.87636	108.21811	191.21245	248.98302	107.40444	-25.22377	-62.65259	0
1154	11.39138	-82.18067	-91.94471	30.10579	41.49717	-91.94471	115.54114	192.83979	251.42403	102.52242	-47.19286	-82.18067	0
1155	13.01872	-77.29865	-87.87636	29.29212	43.12451	-89.5037	122.86417	199.34915	257.93339	99.26774	-50.44754	-89.5037	0
1156	13.01872	-69.97562	-76.48498	28.47845	40.6835	-82.99434	126.93252	205.85851	263.62908	99.26774	-28.47845	-87.06269	0
1157	12.20505	-62.65259	-63.46626	24.4101	35.80148	-73.2303	129.37353	216.43622	267.69743	108.21811	6.50936	-69.97562	0
1158	10.57771	-54.51589	-54.51589	21.15542	31.73313	-62.65259	133.44188	231.89595	273.39312	125.30518	38.24249	-40.6835	0
1159	9.76404	-47.19286	-48.8202	17.08707	31.73313	-52.07488	137.51023	245.72834	278.27514	143.20592	62.65259	-12.20505	0
1160	10.57771	-41.49717	-43.93818	13.83239	32.5468	-45.56552	140.76491	251.42403	281.52982	152.96996	70.78929	3.25468	0
1161	15.45973	-37.42882	-38.24249	11.39138	31.73313	-43.12451	141.57858	246.54201	283.15716	150.52895	46.37919	0	0
1162	21.96909	-31.73313	-38.24249	5.69569	29.29212	-43.12451	143.20592	230.26861	282.34349	139.95124	6.50936	-26.85111	0
1163	21.96909	-30.91946	-43.93818	5.69569	26.85111	-48.00653	143.20592	209.92686	277.46147	126.93252	-29.29212	-61.83892	0
1164	9.76404	-39.86983	-50.44754	15.45973	23.59643	-56.14323	139.13757	199.34915	274.20679	111.47279	-56.14323	-80.55333	0
1165	-5.69569	-45.56552	-49.63387	25.22377	16.2734	-54.51589	139.13757	214.80888	279.90248	105.7771	-57.77057	-82.18067	0
1166	-20.34175	-43.12451	-47.19286	34.17414	8.1367	-44.75185	145.64693	251.42403	290.48019	114.72747	-19.52808	-71.60296	0
1167	-27.66478	-33.36047	-46.37919	41.49717	4.06835	-32.5468	154.5973	294.54854	297.80322	127.74619	33.36047	-47.19286	0
1168	-28.47845	-22.78276	-43.12451	43.93818	7.32303	-23.59643	162.734	327.09534	301.0579	138.3239	77.29865	-14.64606	0
1169	-22.78276	-15.45973	-39.86983	39.86983	17.08707	-19.52808	165.17501	335.23204	305.93992	146.4606	104.96343	14.64606	0
1170	-12.20505	-13.83239	-39.05616	25.22377	26.03744	-22.78276	158.66565	315.70396	310.00827	148.08794	108.21811	26.03744	0
1171	-0.81367	-17.08707	-40.6835	5.69569	27.66478	-32.5468	148.08794	283.15716	312.44928	138.3239	73.2303	11.39138	0
1172	8.95037	-24.4101	-42.31084	-8.1367	26.03744	-40.6835	143.20592	257.93339	318.95864	118.79582	18.71441	-23.59643	0
1173	18.71441	-26.85111	-40.6835	-16.2734	24.4101	-40.6835	141.57858	257.93339	324.65433	100.89508	-20.34175	-63.46626	0
1174	26.85111	-13.01872	-30.91946	-22.78276	22.78276	-30.91946	147.27427	279.90248	330.35002	96.82673	-40.6835	-91.13104	0
1175	36.61515	13.01872	-14.64606	-34.17414	20.34175	-16.2734	158.66565	309.1946	335.23204	107.40444	-32.5468	-93.57205	0
1176	44.75185	34.17414	4.06835	-38.24249	17.90074	0	168.42969	333.6047	338.48672	124.49151	9.76404	-71.60296	0
1177	44.75185	33.36047	21.96909	-24.4101	15.45973	12.20505	171.68437	352.31911	339.30039	136.69656	62.65259	-35.80148	0
1178	34.17414	21.96909	29.29212	-7.32303	6.50936	15.45973	169.24336	365.33783	340.11406	142.39225	101.70875	1.62734	0
1179	24.4101	12.20505	21.15542	-0.81367	-4.06835	12.20505	159.47932	369.40618	339.30039	144.83326	121.23683	27.66478	0
1180	17.08707	8.1367	11.39138	-1.62734	-11.39138	8.95037	147.27427	361.26948	331.97736	143.20592	116.35481	33.36047	0
1181	9.76404	11.39138	9.76404	-3.25468	-14.64606	12.20505	138.3239	345.80975	320.58598	135.88289	78.11232	17.90074	0
1182	4.88202	17.08707	13.83239	-4.06835	-15.45973	17.90074	134.25555	329.53635	309.1946	125.30518	26.85111	-14.64606	0
1183	0	18.71441	17.90074	-3.25468	-16.2734	21.15542	135.06922	320.58598	305.93992	118.79582	-11.39138	-54.51589	0
1184	-4.88202	19.52808	22.78276	-2.44101	-17.08707	22.78276	138.3239	327.09534	312.44928	116.35481	-31.73313	-84.62168	0
1185	-2.44101	30.10579	29.29212	-9.76404	-17.90074	30.91946	143.20592	349.06443	328.72268	121.23683	-23.59643	-88.69003	0
1186	6.50936	49.63387	38.24249	-25.22377	-17.08707	45.56552	148.90161	377.54288	348.25076	135.06922	20.34175	-65.0936	0
1187	15.45973	70.78929	50.44754	-41.49717	-18.71441	61.83892	152.15629	401.13931	362.08315	152.15629	78.11232	-24.4101	0
1188	27.66478	88.69003	63.46626	-61.83892	-21.96909	76.48498	152.96996	413.34436	367.77884	164.36134	119.60949	16.2734	0
1189	41.49717	100.08141	74.85764	-84.62168	-26.03744	88.69003	152.96996	414.15803	366.96517	163.54767	138.3239	44.75185	0
1190	46.37919	116.35481	87.06269	-102.52242	-29.29212	102.52242	157.03831	410.90335	364.52416	152.96996	134.25555	56.14323	0
1191	44.75185	137.51023	100.89508	-113.10013	-29.29212	119.60949	161.92033	409.27601	362.89682	139.13757	101.70875	48.8202	0
1192	43.12451	151.34262	115.54114	-112.28646	-32.5468	131.00087	164.36134	414.15803	360.45581	123.67784	54.51589	26.85111	0
1193	36.61515	152.96996	126.93252	-101.70875	-39.86983	135.88289	161.10666	422.29473	355.57379	106.59077	14.64606	4.06835	0
1194	26.03744	150.52895	134.25555	-89.5037	-49.63387	139.13757	154.5973	427.99042	348.25076	94.38572	-9.76404	-7.32303	0
1195	16.2734	152.15629	141.57858	-80.55333	-59.39791	144.01959	149.71528	427.99042	334.41837	90.31737	-8.95037	-10.57771	0
1196	11.39138	158.66565	150.52895	-78.11232	-68.34828	152.96996	147.27427	427.17675	321.39965	98.45407	31.73313	0	0
1197	8.95037	168.42969	163.54767	-80.55333	-77.29865	164.36134	144.01959	427.17675	312.44928	112.28646	93.57205	30.10579	0
1198	8.95037	180.63474	183.07575	-83.80801	-91.13104	180.63474	140.76491	422.29473	305.12625	122.0505	144.01959	68.34828	0
1199	11.39138	195.2808	205.04484	-90.31737	-104.96343	200.16282	135.06922	417.41271	300.24423	126.93252	174.12538	97.6404	0
1200	16.2734	214.80888	220.50457	-103.33609	-109.84545	218.87723	126.11885	410.90335	298.61689	127.74619	174.12538	109.03178	0
1201	21.96909	230.26861	226.20026	-117.16848	-106.59077	228.64127	116.35481	400.32564	292.10753	119.60949	161.10666	96.82673	0
1202	26.03744	235.15063	227.8276	-126.11885	-100.89508	231.08228	109.84545	389.74793	280.71615	106.59077	161.92033	74.04397	0
1203	30.91946	238.40531	228.64127	-135.88289	-96.82673	235.15063	108.21811	390.5616	274.20679	96.01306	171.68437	65.90727	0
1204	31.73313	244.101	231.89595	-142.39225	-96.82673	240.84632	109.84545	396.25729	270.13844	87.87636	182.26208	76.48498	0
1205	25.22377	253.86504	240.84632	-143.20592	-104.14976	249.79669	108.21811	395.44362	259.56073	76.48498	170.05703	90.31737	0
1206	21.96909	271.76578	257.11972	-148.08794	-110.65912	266.07009	106.59077	388.93426	242.47366	61.02525	124.49151	91.13104	0
1207	26.03744	296.98955	272.57945	-161.92033	-114.72747	284.7845	104.96343	379.98389	220.50457	42.31084	68.34828	74.04397	0
1208	31.73313	319.77231	283.97083	-178.19373	-116.35481	301.0579	96.01306	364.52416	187.95777	23.59643	23.59643	47.19286	0
1209	37.42882	338.48672	292.9212	-192.02612	-118.79582	315.70396	78.11232	343.36874	148.08794	9.76404	-1.62734	23.59643	0
1210	40.6835	356.38746	307.56726	-201.79016	-126.93252	331.97736	61.83892	330.35002	117.16848	0.81367	2.44101	20.34175	0
1211	40.6835	375.10187	333.6047	-206.67218	-145.64693	354.76012	57.77057	335.23204	104.96343	1.62734	44.75185	44.75185	0
1212	38.24249	388.93426	363.71049	-205.85851	-170.8707	377.54288	64.27993	347.43709	105.7771	14.64606	107.40444	87.06269	0
1213	34.17414	397.07096	386.49325	-205.04484	-187.95777	393.81628	74.04397	352.31911	106.59077	27.66478	157.85198	126.93252	0
1214	32.5468	399.51197	393.81628	-209.11319	-190.39878	401.13931	79.73966	344.18241	100.89508	29.29212	179.0074	149.71528	0
1215	34.17414	401.13931	386.49325	-216.43622	-183.88942	398.6983	74.04397	320.58598	84.62168	16.2734	162.734	152.15629	0
1216	38.24249	405.20766	371.84719	-223.75925	-174.93905	391.37527	58.58424	283.97083	61.02525	-9.76404	108.21811	132.62821	0
1217	42.31084	410.08968	359.64214	-231.08228	-166.80235	383.23857	39.86983	244.91467	32.5468	-43.12451	39.86983	99.26774	0
1218	42.31084	414.15803	358.82847	-235.15063	-163.54767	382.4249	25.22377	213.18154	2.44101	-70.78929	-8.1367	66.72094	0
1219	35.80148	418.22638	369.40618	-235.9643	-168.42969	390.5616	22.78276	195.2808	-22.78276	-88.69003	-26.85111	48.00653	0
1220	27.66478	425.54941	388.12059	-233.52329	-179.0074	404.39399	29.29212	185.51676	-40.6835	-94.38572	-8.95037	49.63387	0
1221	18.71441	433.68611	409.27601	-230.26861	-194.46713	421.48106	37.42882	174.12538	-51.26121	-86.24902	41.49717	72.41663	0
1222	10.57771	440.19547	427.17675	-226.20026	-208.29952	434.49978	40.6835	154.5973	-63.46626	-75.67131	100.08141	106.59077	0
1223	3.25468	436.94079	433.68611	-219.6909	-215.62255	436.94079	34.98781	131.81454	-82.18067	-75.67131	136.69656	137.51023	0
1224	3.25468	427.17675	424.73574	-213.99521	-210.74053	427.17675	20.34175	110.65912	-107.40444	-87.87636	145.64693	152.15629	0
1225	12.20505	418.22638	407.64867	-212.36787	-197.72181	412.53069	0.81367	87.06269	-138.3239	-109.84545	122.86417	151.34262	0
1226	24.4101	414.15803	390.5616	-215.62255	-183.07575	401.95298	-17.90074	52.88855	-174.12538	-139.13757	69.97562	135.06922	0
1227	32.5468	410.08968	379.17022	-218.87723	-173.31171	396.25729	-36.61515	12.20505	-209.92686	-168.42969	6.50936	107.40444	0
1228	27.66478	401.13931	374.2882	-213.18154	-172.49804	394.62995	-48.8202	-21.15542	-238.40531	-186.33043	-38.24249	74.85764	0
1229	13.83239	389.74793	376.72921	-200.97649	-179.82107	393.00261	-52.88855	-39.05616	-253.05137	-187.95777	-56.14323	52.07488	0
1230	-1.62734	377.54288	379.17022	-187.95777	-188.77144	388.12059	-48.8202	-42.31084	-253.86504	-174.93905	-43.12451	50.44754	0
1231	-12.20505	364.52416	376.72921	-175.75272	-193.65346	377.54288	-39.05616	-39.05616	-244.101	-150.52895	0	72.41663	0
1232	-17.90074	353.94645	367.77884	-169.24336	-191.21245	365.33783	-26.03744	-33.36047	-230.26861	-125.30518	55.32956	109.03178	0
1233	-21.96909	344.18241	354.76012	-166.80235	-182.26208	351.50544	-17.08707	-34.17414	-223.75925	-109.84545	96.01306	139.13757	0
1234	-28.47845	323.84066	336.04571	-161.92033	-174.12538	330.35002	-16.2734	-43.93818	-227.01393	-114.72747	103.33609	144.01959	0
1235	-35.80148	294.54854	314.89029	-157.03831	-167.61602	304.31258	-18.71441	-61.02525	-235.9643	-137.51023	74.85764	124.49151	0
1236	-40.6835	270.95211	297.80322	-148.90161	-161.92033	283.15716	-23.59643	-82.18067	-248.16935	-161.92033	23.59643	91.13104	0
1237	-43.12451	255.49238	288.03918	-134.25555	-159.47932	270.13844	-29.29212	-104.96343	-259.56073	-182.26208	-30.91946	54.51589	0
1238	-43.12451	244.91467	282.34349	-118.79582	-157.85198	262.00174	-33.36047	-122.0505	-264.44275	-194.46713	-73.2303	17.90074	0
1239	-40.6835	238.40531	275.83413	-108.21811	-154.5973	256.30605	-33.36047	-131.00087	-262.00174	-195.2808	-91.94471	-7.32303	0
1240	-35.80148	231.89595	266.07009	-100.89508	-148.08794	248.16935	-29.29212	-131.81454	-250.61036	-180.63474	-83.80801	-17.08707	0
1241	-29.29212	218.06356	247.35568	-95.19939	-138.3239	233.52329	-21.96909	-122.86417	-230.26861	-153.78363	-43.93818	-7.32303	0
1242	-27.66478	196.90814	226.20026	-87.87636	-127.74619	213.18154	-17.90074	-108.21811	-204.23117	-124.49151	8.95037	17.90074	0
1243	-30.10579	176.56639	208.29952	-78.11232	-120.42316	193.65346	-16.2734	-96.01306	-181.44841	-100.08141	53.70222	47.19286	0
1244	-29.29212	161.10666	192.83979	-69.16195	-112.28646	177.38006	-17.08707	-91.13104	-169.24336	-84.62168	75.67131	67.53461	0
1245	-25.22377	144.83326	171.68437	-60.21158	-98.45407	157.85198	-21.96909	-93.57205	-165.17501	-80.55333	67.53461	73.2303	0
1246	-21.15542	124.49151	146.4606	-50.44754	-83.80801	135.06922	-26.85111	-96.82673	-164.36134	-87.06269	26.85111	58.58424	0
1247	-18.71441	105.7771	122.86417	-42.31084	-70.78929	111.47279	-27.66478	-100.08141	-165.17501	-100.08141	-27.66478	28.47845	0
1248	-18.71441	95.19939	98.45407	-41.49717	-59.39791	89.5037	-26.03744	-101.70875	-164.36134	-110.65912	-72.41663	-4.88202	0
1249	-14.64606	89.5037	75.67131	-47.19286	-49.63387	74.04397	-24.4101	-101.70875	-157.85198	-113.10013	-96.01306	-31.73313	0
1250	-6.50936	85.43535	58.58424	-51.26121	-38.24249	65.0936	-22.78276	-99.26774	-141.57858	-103.33609	-93.57205	-45.56552	0
1251	0	80.55333	50.44754	-49.63387	-29.29212	64.27993	-17.90074	-89.5037	-117.98215	-82.99434	-62.65259	-42.31084	0
1252	1.62734	78.92599	45.56552	-45.56552	-21.15542	69.16195	-11.39138	-73.2303	-92.75838	-56.14323	-17.08707	-22.78276	0
1253	3.25468	74.85764	44.75185	-41.49717	-17.08707	71.60296	-4.06835	-53.70222	-69.97562	-32.5468	21.96909	0.81367	0
1254	2.44101	62.65259	42.31084	-31.73313	-15.45973	61.83892	0	-38.24249	-52.07488	-15.45973	44.75185	16.2734	0
1255	-1.62734	38.24249	36.61515	-12.20505	-18.71441	43.93818	0	-33.36047	-42.31084	-7.32303	42.31084	16.2734	0
1256	-8.95037	12.20505	32.5468	8.1367	-27.66478	26.03744	-5.69569	-34.98781	-40.6835	-12.20505	10.57771	1.62734	0
1257	-17.08707	-3.25468	24.4101	19.52808	-31.73313	13.83239	-14.64606	-41.49717	-46.37919	-25.22377	-34.17414	-25.22377	0
1258	-18.71441	-10.57771	11.39138	19.52808	-24.4101	4.88202	-20.34175	-49.63387	-51.26121	-36.61515	-71.60296	-56.14323	0
1259	-16.2734	-14.64606	0	16.2734	-13.01872	-5.69569	-15.45973	-52.88855	-47.19286	-39.86983	-92.75838	-82.99434	0
1260	-15.45973	-21.96909	-10.57771	18.71441	-3.25468	-18.71441	-3.25468	-48.00653	-37.42882	-35.80148	-92.75838	-97.6404	0
1261	-17.08707	-34.17414	-20.34175	26.03744	4.88202	-30.91946	8.1367	-35.80148	-23.59643	-22.78276	-66.72094	-95.19939	0
1262	-30.91946	-45.56552	-23.59643	38.24249	4.88202	-34.17414	17.90074	-21.96909	-9.76404	-5.69569	-24.4101	-78.92599	0
1263	-45.56552	-49.63387	-24.4101	48.00653	-4.06835	-27.66478	24.4101	-10.57771	0	9.76404	12.20505	-53.70222	0
1264	-39.05616	-42.31084	-22.78276	38.24249	-7.32303	-16.2734	25.22377	-3.25468	8.95037	25.22377	39.05616	-26.03744	0
1265	-8.1367	-30.91946	-22.78276	12.20505	4.88202	-4.88202	21.96909	-0.81367	20.34175	39.05616	46.37919	-6.50936	0
1266	26.85111	-17.90074	-29.29212	-10.57771	25.22377	-2.44101	13.83239	-5.69569	31.73313	43.93818	23.59643	-4.06835	0
1267	51.26121	-9.76404	-42.31084	-23.59643	44.75185	-10.57771	4.06835	-16.2734	40.6835	41.49717	-14.64606	-21.96909	0
1268	62.65259	-7.32303	-57.77057	-26.85111	60.21158	-26.03744	-0.81367	-20.34175	52.07488	35.80148	-47.19286	-49.63387	0
1269	59.39791	-12.20505	-71.60296	-22.78276	66.72094	-43.12451	0	-13.83239	67.53461	30.10579	-65.0936	-73.2303	0
1270	40.6835	-24.4101	-72.41663	-13.83239	57.77057	-53.70222	4.06835	-1.62734	82.18067	31.73313	-63.46626	-84.62168	0
1271	15.45973	-34.17414	-58.58424	-2.44101	38.24249	-51.26121	9.76404	11.39138	91.94471	41.49717	-39.86983	-81.367	0
1272	-1.62734	-36.61515	-43.93818	10.57771	22.78276	-43.12451	12.20505	18.71441	93.57205	52.07488	-4.06835	-63.46626	0
1273	-17.90074	-38.24249	-34.17414	22.78276	13.01872	-37.42882	6.50936	16.2734	84.62168	54.51589	23.59643	-41.49717	0
1274	-30.91946	-42.31084	-23.59643	34.98781	1.62734	-34.17414	-1.62734	8.1367	69.16195	49.63387	36.61515	-26.85111	0
1275	-37.42882	-49.63387	-13.01872	47.19286	-11.39138	-31.73313	-8.95037	-0.81367	52.07488	42.31084	32.5468	-22.78276	0
1276	-39.05616	-56.14323	-8.1367	52.07488	-18.71441	-32.5468	-13.83239	-11.39138	36.61515	32.5468	9.76404	-28.47845	0
1277	-34.17414	-60.21158	-9.76404	49.63387	-17.90074	-39.86983	-13.83239	-20.34175	29.29212	22.78276	-21.96909	-43.93818	0
1278	-21.15542	-63.46626	-13.83239	43.93818	-10.57771	-52.07488	-9.76404	-25.22377	32.5468	16.2734	-48.8202	-65.0936	0
1279	-8.1367	-62.65259	-22.78276	35.80148	0	-58.58424	-0.81367	-20.34175	46.37919	18.71441	-61.83892	-81.367	0
1280	0.81367	-55.32956	-32.5468	26.85111	12.20505	-56.14323	11.39138	-5.69569	68.34828	31.73313	-53.70222	-83.80801	0
1281	8.95037	-47.19286	-41.49717	19.52808	21.96909	-51.26121	19.52808	14.64606	92.75838	49.63387	-24.4101	-69.97562	0
1282	14.64606	-43.12451	-51.26121	13.83239	30.91946	-49.63387	22.78276	38.24249	114.72747	66.72094	12.20505	-44.75185	0
1283	14.64606	-48.00653	-59.39791	17.08707	36.61515	-53.70222	20.34175	56.9569	126.93252	78.11232	40.6835	-19.52808	0
1284	0.81367	-66.72094	-67.53461	34.17414	34.17414	-66.72094	8.95037	59.39791	127.74619	78.11232	50.44754	-9.76404	0
1285	-20.34175	-91.13104	-69.97562	58.58424	25.22377	-79.73966	-4.06835	45.56552	122.0505	65.0936	40.6835	-17.08707	0
1286	-40.6835	-107.40444	-62.65259	76.48498	13.01872	-83.80801	-12.20505	26.85111	112.28646	46.37919	13.01872	-35.80148	0
1287	-53.70222	-113.9138	-50.44754	84.62168	0	-79.73966	-8.1367	14.64606	103.33609	29.29212	-22.78276	-59.39791	0
1288	-58.58424	-116.35481	-46.37919	85.43535	-8.95037	-78.11232	0.81367	9.76404	99.26774	15.45973	-55.32956	-83.80801	0
1289	-52.88855	-112.28646	-54.51589	79.73966	-12.20505	-78.92599	10.57771	10.57771	98.45407	5.69569	-75.67131	-99.26774	0
1290	-42.31084	-100.89508	-66.72094	69.97562	-4.88202	-75.67131	13.83239	13.01872	97.6404	1.62734	-74.85764	-100.89508	0
1291	-29.29212	-88.69003	-74.85764	58.58424	13.83239	-72.41663	8.1367	14.64606	93.57205	5.69569	-50.44754	-87.06269	0
1292	-15.45973	-78.11232	-83.80801	46.37919	38.24249	-74.85764	-1.62734	13.83239	86.24902	11.39138	-17.90074	-65.90727	0
1293	-7.32303	-69.16195	-91.13104	33.36047	55.32956	-77.29865	-8.1367	13.83239	81.367	15.45973	7.32303	-44.75185	0
1294	-6.50936	-66.72094	-89.5037	29.29212	60.21158	-78.11232	-8.95037	14.64606	80.55333	20.34175	24.4101	-29.29212	0
1295	-15.45973	-78.92599	-84.62168	42.31084	54.51589	-83.80801	-7.32303	13.83239	82.99434	25.22377	25.22377	-21.15542	0
1296	-33.36047	-106.59077	-85.43535	67.53461	43.12451	-97.6404	-4.88202	13.83239	87.87636	24.4101	2.44101	-24.4101	0
1297	-49.63387	-134.25555	-87.06269	91.94471	30.91946	-113.10013	-3.25468	15.45973	94.38572	17.90074	-30.91946	-35.80148	0
1298	-59.39791	-141.57858	-80.55333	100.89508	19.52808	-113.10013	-1.62734	21.96909	102.52242	12.20505	-53.70222	-52.88855	0
1299	-61.02525	-130.1872	-65.90727	96.01306	10.57771	-100.08141	2.44101	33.36047	113.9138	17.08707	-56.9569	-67.53461	0
1300	-55.32956	-120.42316	-57.77057	88.69003	8.1367	-91.94471	9.76404	44.75185	126.11885	28.47845	-41.49717	-73.2303	0
1301	-46.37919	-113.9138	-62.65259	78.11232	13.01872	-93.57205	17.08707	56.14323	134.25555	38.24249	-13.83239	-71.60296	0
1302	-39.05616	-106.59077	-74.04397	65.0936	20.34175	-98.45407	21.15542	65.0936	131.81454	43.93818	13.01872	-63.46626	0
1303	-34.17414	-100.89508	-82.99434	54.51589	25.22377	-103.33609	23.59643	69.97562	124.49151	43.93818	28.47845	-50.44754	0
1304	-32.5468	-92.75838	-85.43535	44.75185	27.66478	-100.89508	24.4101	69.16195	117.98215	41.49717	32.5468	-39.05616	0
1305	-34.17414	-81.367	-78.92599	37.42882	30.91946	-90.31737	26.03744	63.46626	116.35481	39.05616	28.47845	-31.73313	0
1306	-34.17414	-75.67131	-70.78929	38.24249	34.98781	-79.73966	29.29212	54.51589	116.35481	34.17414	10.57771	-35.80148	0
1307	-34.98781	-82.18067	-64.27993	46.37919	33.36047	-76.48498	31.73313	47.19286	115.54114	27.66478	-16.2734	-52.07488	0
1308	-35.80148	-93.57205	-61.02525	56.14323	27.66478	-76.48498	33.36047	43.12451	113.9138	23.59643	-39.86983	-71.60296	0
1309	-34.98781	-104.96343	-64.27993	64.27993	24.4101	-81.367	34.17414	45.56552	113.10013	22.78276	-52.88855	-87.06269	0
1310	-30.10579	-113.10013	-70.78929	70.78929	23.59643	-88.69003	34.98781	56.14323	116.35481	26.03744	-53.70222	-95.19939	0
1311	-24.4101	-117.16848	-76.48498	74.85764	22.78276	-93.57205	35.80148	72.41663	126.93252	34.17414	-39.05616	-91.94471	0
1312	-14.64606	-116.35481	-82.99434	72.41663	21.96909	-96.82673	39.05616	86.24902	143.20592	44.75185	-14.64606	-75.67131	0
1313	-0.81367	-109.84545	-88.69003	64.27993	20.34175	-97.6404	42.31084	87.87636	153.78363	53.70222	5.69569	-55.32956	0
1314	7.32303	-110.65912	-88.69003	57.77057	15.45973	-98.45407	42.31084	76.48498	149.71528	56.9569	16.2734	-42.31084	0
1315	10.57771	-117.98215	-82.18067	52.88855	8.1367	-99.26774	39.05616	65.0936	131.81454	53.70222	14.64606	-41.49717	0
1316	10.57771	-118.79582	-78.11232	47.19286	8.95037	-96.82673	33.36047	56.14323	111.47279	45.56552	0	-50.44754	0
1317	9.76404	-107.40444	-79.73966	42.31084	21.96909	-91.13104	26.03744	50.44754	97.6404	32.5468	-25.22377	-67.53461	0
1318	5.69569	-92.75838	-83.80801	39.86983	37.42882	-87.06269	18.71441	49.63387	96.82673	23.59643	-47.19286	-86.24902	0
1319	1.62734	-84.62168	-89.5037	40.6835	49.63387	-87.06269	15.45973	51.26121	106.59077	21.96909	-60.21158	-99.26774	0
1320	-4.88202	-90.31737	-93.57205	44.75185	51.26121	-91.94471	12.20505	55.32956	118.79582	25.22377	-63.46626	-103.33609	0
1321	-17.08707	-106.59077	-94.38572	52.07488	42.31084	-100.08141	7.32303	59.39791	130.1872	30.10579	-55.32956	-102.52242	0
1322	-28.47845	-125.30518	-87.06269	65.90727	28.47845	-102.52242	0	61.02525	139.95124	35.80148	-39.86983	-95.19939	0
1323	-36.61515	-140.76491	-73.2303	83.80801	15.45973	-94.38572	-4.06835	58.58424	146.4606	37.42882	-26.85111	-87.06269	0
1324	-43.93818	-149.71528	-61.02525	95.19939	6.50936	-86.24902	-7.32303	53.70222	144.01959	31.73313	-26.03744	-83.80801	0
1325	-52.88855	-150.52895	-55.32956	93.57205	0.81367	-83.80801	-7.32303	48.00653	129.37353	20.34175	-37.42882	-87.06269	0
1326	-60.21158	-146.4606	-55.32956	86.24902	-2.44101	-85.43535	0	42.31084	103.33609	11.39138	-54.51589	-89.5037	0
1327	-62.65259	-137.51023	-57.77057	80.55333	-2.44101	-86.24902	12.20505	35.80148	74.85764	4.88202	-67.53461	-92.75838	0
1328	-54.51589	-128.55986	-64.27993	78.11232	4.06835	-87.87636	21.15542	30.10579	51.26121	0	-74.04397	-100.08141	0
1329	-40.6835	-126.11885	-74.85764	78.11232	16.2734	-96.01306	26.85111	26.85111	35.80148	-4.88202	-79.73966	-110.65912	0
1330	-27.66478	-127.74619	-88.69003	75.67131	30.91946	-105.7771	30.10579	26.03744	31.73313	-8.95037	-78.11232	-119.60949	0
1331	-14.64606	-125.30518	-100.89508	69.16195	43.93818	-111.47279	34.17414	30.91946	41.49717	-4.06835	-63.46626	-117.98215	0
1332	-5.69569	-119.60949	-107.40444	61.83892	49.63387	-112.28646	40.6835	39.05616	59.39791	5.69569	-42.31084	-103.33609	0
1333	0	-111.47279	-108.21811	55.32956	47.19286	-109.03178	48.00653	46.37919	79.73966	19.52808	-19.52808	-80.55333	0
1334	3.25468	-100.08141	-102.52242	48.00653	42.31084	-100.89508	55.32956	44.75185	96.01306	32.5468	0	-61.83892	0
1335	0.81367	-92.75838	-93.57205	46.37919	38.24249	-93.57205	57.77057	34.98781	106.59077	41.49717	5.69569	-56.14323	0
1336	-4.06835	-92.75838	-87.06269	49.63387	34.98781	-90.31737	52.07488	22.78276	109.84545	46.37919	-5.69569	-63.46626	0
1337	-8.95037	-95.19939	-83.80801	53.70222	34.17414	-90.31737	41.49717	15.45973	112.28646	48.00653	-23.59643	-78.92599	0
1338	-11.39138	-100.89508	-82.18067	60.21158	31.73313	-92.75838	29.29212	18.71441	114.72747	45.56552	-39.05616	-96.01306	0
1339	-13.01872	-104.14976	-74.04397	66.72094	23.59643	-90.31737	17.90074	30.91946	117.98215	39.05616	-48.8202	-109.03178	0
1340	-15.45973	-96.01306	-62.65259	69.97562	17.08707	-79.73966	10.57771	43.12451	120.42316	32.5468	-48.8202	-114.72747	0
1341	-21.15542	-77.29865	-52.07488	68.34828	14.64606	-63.46626	6.50936	52.88855	122.0505	30.91946	-32.5468	-108.21811	0
1342	-26.03744	-61.02525	-40.6835	61.83892	11.39138	-49.63387	8.1367	62.65259	122.0505	34.98781	-8.95037	-90.31737	0
1343	-31.73313	-60.21158	-35.80148	60.21158	7.32303	-47.19286	8.95037	69.16195	117.16848	37.42882	5.69569	-75.67131	0
1344	-34.17414	-72.41663	-43.93818	64.27993	9.76404	-57.77057	8.95037	67.53461	105.7771	31.73313	4.88202	-70.78929	0
1345	-28.47845	-86.24902	-65.0936	67.53461	17.90074	-75.67131	10.57771	57.77057	91.94471	23.59643	-4.06835	-75.67131	0
1346	-23.59643	-98.45407	-88.69003	66.72094	25.22377	-93.57205	11.39138	43.12451	82.18067	17.08707	-19.52808	-85.43535	0
1347	-21.96909	-109.03178	-103.33609	65.0936	29.29212	-106.59077	12.20505	28.47845	79.73966	12.20505	-37.42882	-97.6404	0
1348	-22.78276	-115.54114	-101.70875	68.34828	27.66478	-109.84545	13.01872	17.90074	82.99434	10.57771	-51.26121	-107.40444	0
1349	-21.96909	-119.60949	-92.75838	74.85764	22.78276	-107.40444	13.83239	12.20505	89.5037	13.83239	-57.77057	-109.03178	0
1350	-23.59643	-121.23683	-90.31737	75.67131	21.96909	-105.7771	15.45973	12.20505	96.01306	17.90074	-56.14323	-105.7771	0
1351	-26.85111	-117.98215	-93.57205	70.78929	23.59643	-107.40444	17.08707	14.64606	97.6404	19.52808	-48.00653	-100.89508	0
1352	-30.10579	-112.28646	-92.75838	65.90727	24.4101	-109.03178	16.2734	15.45973	91.13104	18.71441	-36.61515	-91.94471	0
1353	-32.5468	-105.7771	-86.24902	65.0936	21.15542	-108.21811	14.64606	16.2734	80.55333	17.08707	-24.4101	-82.18067	0
1354	-34.98781	-99.26774	-75.67131	65.90727	14.64606	-101.70875	16.2734	20.34175	71.60296	20.34175	-12.20505	-70.78929	0
1355	-36.61515	-92.75838	-61.83892	64.27993	7.32303	-89.5037	26.03744	26.03744	66.72094	27.66478	-2.44101	-58.58424	0
1356	-38.24249	-93.57205	-50.44754	64.27993	2.44101	-73.2303	34.98781	29.29212	65.0936	35.80148	-4.88202	-55.32956	0
1357	-39.05616	-99.26774	-52.07488	67.53461	4.06835	-59.39791	37.42882	29.29212	62.65259	40.6835	-20.34175	-63.46626	0
1358	-28.47845	-94.38572	-64.27993	63.46626	13.01872	-52.88855	34.17414	27.66478	63.46626	41.49717	-34.98781	-73.2303	0
1359	-8.1367	-80.55333	-81.367	47.19286	26.85111	-55.32956	29.29212	24.4101	66.72094	39.05616	-41.49717	-80.55333	0
1360	8.1367	-73.2303	-96.82673	33.36047	41.49717	-66.72094	25.22377	21.96909	69.97562	36.61515	-41.49717	-88.69003	0
1361	16.2734	-74.85764	-105.7771	27.66478	52.88855	-81.367	23.59643	21.96909	72.41663	33.36047	-32.5468	-91.13104	0
1362	14.64606	-78.11232	-104.96343	30.91946	55.32956	-94.38572	23.59643	21.15542	73.2303	29.29212	-17.08707	-84.62168	0
1363	2.44101	-83.80801	-97.6404	39.05616	48.00653	-102.52242	20.34175	12.20505	73.2303	25.22377	-4.06835	-77.29865	0
1364	-11.39138	-90.31737	-87.87636	48.00653	38.24249	-103.33609	14.64606	0.81367	73.2303	25.22377	1.62734	-72.41663	0
1365	-17.90074	-91.13104	-83.80801	57.77057	35.80148	-98.45407	10.57771	-4.88202	75.67131	28.47845	0	-69.97562	0
1366	-22.78276	-91.94471	-86.24902	68.34828	40.6835	-92.75838	7.32303	-8.95037	78.11232	30.91946	-13.01872	-74.04397	0
1367	-28.47845	-98.45407	-90.31737	71.60296	42.31084	-87.06269	4.88202	-10.57771	78.11232	28.47845	-29.29212	-85.43535	0
1368	-34.17414	-108.21811	-89.5037	68.34828	37.42882	-85.43535	8.1367	-4.88202	77.29865	26.85111	-39.05616	-96.82673	0
1369	-39.05616	-109.03178	-80.55333	62.65259	28.47845	-82.99434	19.52808	3.25468	77.29865	31.73313	-41.49717	-100.89508	0
1370	-37.42882	-98.45407	-66.72094	56.14323	21.15542	-74.04397	32.5468	9.76404	79.73966	39.86983	-35.80148	-98.45407	0
1371	-30.10579	-83.80801	-54.51589	48.8202	19.52808	-64.27993	39.86983	14.64606	80.55333	45.56552	-24.4101	-92.75838	0
1372	-18.71441	-65.90727	-45.56552	37.42882	20.34175	-56.14323	37.42882	18.71441	82.18067	48.00653	-9.76404	-84.62168	0
1373	-6.50936	-42.31084	-31.73313	23.59643	17.90074	-45.56552	29.29212	21.96909	86.24902	48.8202	0.81367	-74.04397	0
1374	-1.62734	-20.34175	-14.64606	14.64606	8.95037	-30.10579	22.78276	24.4101	93.57205	49.63387	9.76404	-65.0936	0
1375	-4.06835	-10.57771	-6.50936	11.39138	4.06835	-19.52808	21.15542	22.78276	100.89508	50.44754	11.39138	-60.21158	0
1376	-4.88202	-15.45973	-18.71441	10.57771	7.32303	-24.4101	26.03744	21.15542	108.21811	51.26121	4.88202	-58.58424	0
1377	-0.81367	-26.85111	-37.42882	11.39138	9.76404	-36.61515	38.24249	26.85111	115.54114	55.32956	-0.81367	-55.32956	0
1378	-0.81367	-39.86983	-48.00653	14.64606	8.95037	-45.56552	54.51589	35.80148	118.79582	61.83892	0	-52.88855	0
1379	-5.69569	-49.63387	-51.26121	16.2734	10.57771	-51.26121	67.53461	41.49717	111.47279	65.0936	1.62734	-54.51589	0
1380	-7.32303	-52.88855	-50.44754	17.08707	13.01872	-51.26121	71.60296	42.31084	95.19939	62.65259	3.25468	-57.77057	0
1381	-8.1367	-50.44754	-48.00653	19.52808	13.01872	-45.56552	66.72094	37.42882	77.29865	57.77057	5.69569	-62.65259	0
1382	-8.95037	-43.93818	-43.12451	17.08707	7.32303	-32.5468	57.77057	26.85111	65.0936	53.70222	8.95037	-65.90727	0
1383	-7.32303	-33.36047	-32.5468	11.39138	5.69569	-13.83239	49.63387	17.08707	64.27993	52.07488	13.83239	-62.65259	0
1384	-4.06835	-17.08707	-23.59643	7.32303	8.1367	-1.62734	43.12451	8.95037	74.04397	53.70222	17.90074	-56.9569	0
1385	-1.62734	-6.50936	-21.15542	6.50936	4.88202	0	39.05616	6.50936	87.87636	56.14323	18.71441	-52.07488	0
1386	-3.25468	-5.69569	-14.64606	8.95037	-2.44101	-2.44101	37.42882	13.83239	102.52242	59.39791	14.64606	-50.44754	0
1387	-8.1367	-4.88202	-2.44101	11.39138	-10.57771	-0.81367	35.80148	28.47845	112.28646	61.83892	6.50936	-52.88855	0
1388	-8.95037	-1.62734	4.88202	8.95037	-12.20505	0.81367	34.17414	39.86983	115.54114	62.65259	-1.62734	-60.21158	0
1389	-5.69569	0	4.06835	4.06835	-6.50936	0	31.73313	42.31084	115.54114	65.0936	-9.76404	-67.53461	0
1390	10.57771	6.50936	-4.06835	-7.32303	2.44101	0	29.29212	36.61515	113.10013	73.2303	-10.57771	-66.72094	0
1391	43.12451	19.52808	-13.83239	-28.47845	14.64606	0.81367	27.66478	27.66478	110.65912	87.87636	2.44101	-52.88855	0
1392	73.2303	31.73313	-15.45973	-43.93818	26.03744	4.88202	24.4101	12.20505	109.03178	103.33609	21.96909	-32.5468	0
1393	81.367	39.86983	-6.50936	-48.8202	28.47845	16.2734	12.20505	-4.88202	109.03178	110.65912	34.17414	-19.52808	0
1394	69.16195	47.19286	6.50936	-48.00653	20.34175	33.36047	-6.50936	-18.71441	107.40444	107.40444	35.80148	-17.08707	0
1395	50.44754	59.39791	24.4101	-47.19286	4.06835	46.37919	-28.47845	-26.03744	102.52242	99.26774	32.5468	-21.15542	0
1396	35.80148	76.48498	46.37919	-50.44754	-12.20505	52.88855	-43.93818	-28.47845	96.82673	93.57205	28.47845	-22.78276	0
1397	28.47845	89.5037	61.83892	-55.32956	-25.22377	56.9569	-52.07488	-29.29212	91.94471	92.75838	26.03744	-21.96909	0
1398	30.91946	92.75838	63.46626	-61.02525	-28.47845	56.14323	-52.88855	-30.10579	87.87636	91.94471	22.78276	-24.4101	0
1399	33.36047	83.80801	55.32956	-58.58424	-21.96909	49.63387	-49.63387	-30.10579	87.87636	90.31737	19.52808	-29.29212	0
1400	26.85111	62.65259	41.49717	-43.12451	-13.83239	35.80148	-44.75185	-28.47845	91.13104	87.06269	17.08707	-34.98781	0
1401	9.76404	40.6835	28.47845	-20.34175	-11.39138	20.34175	-41.49717	-23.59643	96.01306	82.99434	18.71441	-40.6835	0
1402	-5.69569	23.59643	21.96909	-2.44101	-14.64606	13.01872	-36.61515	-16.2734	101.70875	79.73966	24.4101	-41.49717	0
1403	-7.32303	17.90074	19.52808	0	-13.01872	13.01872	-28.47845	-9.76404	108.21811	81.367	29.29212	-34.98781	0
1404	7.32303	25.22377	13.83239	-12.20505	-1.62734	16.2734	-18.71441	-4.06835	116.35481	85.43535	34.17414	-23.59643	0
1405	30.91946	37.42882	5.69569	-30.91946	13.01872	19.52808	-10.57771	0	124.49151	87.87636	36.61515	-15.45973	0
1406	52.88855	47.19286	-4.06835	-48.00653	28.47845	21.15542	-2.44101	4.06835	131.81454	87.87636	33.36047	-13.01872	0
1407	67.53461	48.00653	-16.2734	-56.14323	41.49717	18.71441	8.95037	7.32303	135.88289	87.06269	29.29212	-15.45973	0
1408	64.27993	39.05616	-28.47845	-47.19286	46.37919	10.57771	20.34175	10.57771	135.88289	84.62168	25.22377	-21.15542	0
1409	45.56552	25.22377	-39.05616	-25.22377	43.12451	-7.32303	26.03744	9.76404	128.55986	78.11232	19.52808	-28.47845	0
1410	25.22377	4.06835	-48.00653	-1.62734	37.42882	-32.5468	26.03744	4.06835	115.54114	66.72094	11.39138	-36.61515	0
1411	12.20505	-26.03744	-59.39791	17.90074	35.80148	-56.14323	20.34175	0	96.01306	52.07488	0	-46.37919	0
1412	5.69569	-54.51589	-69.16195	32.5468	34.98781	-73.2303	9.76404	-3.25468	74.04397	39.05616	-8.95037	-56.14323	0
1413	2.44101	-74.85764	-76.48498	41.49717	36.61515	-82.99434	0.81367	-2.44101	56.14323	30.10579	-13.83239	-60.21158	0
1414	0.81367	-86.24902	-81.367	44.75185	38.24249	-88.69003	0.81367	0	47.19286	27.66478	-13.01872	-58.58424	0
1415	1.62734	-87.06269	-82.99434	42.31084	40.6835	-87.06269	7.32303	0	46.37919	30.91946	-8.95037	-52.07488	0
1416	3.25468	-81.367	-82.18067	36.61515	43.12451	-82.18067	13.01872	-3.25468	49.63387	36.61515	-4.88202	-49.63387	0
1417	6.50936	-78.11232	-83.80801	32.5468	46.37919	-80.55333	16.2734	-10.57771	54.51589	39.86983	-5.69569	-52.07488	0
1418	4.06835	-86.24902	-91.13104	39.05616	49.63387	-86.24902	17.08707	-17.08707	58.58424	37.42882	-15.45973	-56.14323	0
1419	-4.06835	-105.7771	-102.52242	52.88855	51.26121	-96.82673	18.71441	-17.90074	62.65259	33.36047	-28.47845	-60.21158	0
1420	-10.57771	-126.11885	-116.35481	67.53461	54.51589	-111.47279	20.34175	-11.39138	66.72094	30.91946	-39.05616	-65.0936	0
1421	-17.90074	-139.95124	-129.37353	78.92599	59.39791	-126.93252	22.78276	-1.62734	64.27993	26.03744	-45.56552	-66.72094	0
1422	-27.66478	-143.20592	-138.3239	84.62168	65.0936	-135.88289	26.03744	5.69569	54.51589	20.34175	-46.37919	-65.0936	0
1423	-29.29212	-137.51023	-137.51023	82.99434	66.72094	-136.69656	27.66478	13.01872	46.37919	16.2734	-43.12451	-63.46626	0
1424	-14.64606	-126.93252	-134.25555	70.78929	69.97562	-131.81454	28.47845	18.71441	47.19286	14.64606	-39.05616	-61.83892	0
1425	5.69569	-113.10013	-133.44188	52.07488	78.11232	-124.49151	29.29212	17.90074	55.32956	15.45973	-35.80148	-61.83892	0
1426	24.4101	-100.08141	-135.06922	34.17414	87.06269	-117.98215	31.73313	9.76404	65.0936	17.08707	-37.42882	-64.27993	0
1427	36.61515	-92.75838	-136.69656	23.59643	91.94471	-114.72747	34.17414	0.81367	72.41663	20.34175	-41.49717	-69.97562	0
1428	35.80148	-95.19939	-136.69656	26.03744	90.31737	-116.35481	32.5468	-5.69569	74.85764	21.96909	-46.37919	-75.67131	0
1429	18.71441	-110.65912	-133.44188	38.24249	78.92599	-122.86417	24.4101	-11.39138	74.04397	18.71441	-53.70222	-85.43535	0
1430	-10.57771	-131.81454	-129.37353	54.51589	57.77057	-132.62821	15.45973	-13.83239	69.97562	13.83239	-59.39791	-94.38572	0
1431	-38.24249	-144.83326	-126.11885	69.97562	34.17414	-144.01959	15.45973	-8.1367	69.97562	13.01872	-61.83892	-98.45407	0
1432	-52.07488	-146.4606	-120.42316	81.367	20.34175	-152.96996	22.78276	4.06835	75.67131	18.71441	-61.83892	-100.08141	0
1433	-53.70222	-147.27427	-117.16848	87.06269	21.15542	-155.41097	29.29212	15.45973	80.55333	24.4101	-56.14323	-96.01306	0
1434	-47.19286	-144.83326	-119.60949	89.5037	34.17414	-152.15629	31.73313	19.52808	82.18067	26.85111	-45.56552	-87.06269	0
1435	-33.36047	-144.83326	-127.74619	93.57205	49.63387	-148.90161	28.47845	12.20505	75.67131	23.59643	-39.05616	-81.367	0
1436	-23.59643	-148.90161	-136.69656	96.82673	61.83892	-148.90161	17.08707	-2.44101	62.65259	16.2734	-43.93818	-84.62168	0
1437	-21.96909	-151.34262	-140.76491	95.19939	67.53461	-148.08794	3.25468	-17.08707	51.26121	12.20505	-52.88855	-95.19939	0
1438	-21.96909	-153.78363	-142.39225	96.01306	69.97562	-148.08794	-2.44101	-26.85111	44.75185	9.76404	-58.58424	-104.14976	0
1439	-16.2734	-146.4606	-144.83326	94.38572	74.04397	-144.83326	2.44101	-26.03744	48.00653	9.76404	-56.9569	-105.7771	0
1440	-15.45973	-133.44188	-139.95124	85.43535	75.67131	-135.88289	14.64606	-14.64606	61.02525	15.45973	-48.8202	-100.89508	0
1441	-21.96909	-126.11885	-126.93252	78.92599	69.16195	-125.30518	26.85111	-4.06835	74.04397	21.96909	-39.86983	-94.38572	0
1442	-26.85111	-122.0505	-113.10013	74.04397	65.90727	-117.16848	37.42882	1.62734	78.11232	25.22377	-33.36047	-88.69003	0
1443	-22.78276	-120.42316	-106.59077	69.97562	64.27993	-113.10013	43.93818	-0.81367	65.90727	21.96909	-34.17414	-87.06269	0
1444	-17.08707	-119.60949	-111.47279	63.46626	66.72094	-116.35481	48.00653	-13.83239	40.6835	13.83239	-39.05616	-87.06269	0
1445	-14.64606	-114.72747	-123.67784	52.88855	74.85764	-122.0505	48.00653	-38.24249	4.06835	2.44101	-46.37919	-85.43535	0
1446	-14.64606	-104.96343	-133.44188	48.00653	77.29865	-129.37353	39.86983	-81.367	-48.00653	-16.2734	-53.70222	-85.43535	0
1447	-16.2734	-95.19939	-131.81454	53.70222	69.16195	-131.81454	21.96909	-145.64693	-120.42316	-45.56552	-56.14323	-87.06269	0
1448	-20.34175	-87.87636	-116.35481	58.58424	53.70222	-121.23683	-4.06835	-230.26861	-213.99521	-79.73966	-58.58424	-80.55333	0
1449	-26.03744	-73.2303	-82.18067	55.32956	30.91946	-93.57205	-39.86983	-326.28167	-323.84066	-116.35481	-58.58424	-59.39791	0
1450	-30.10579	-37.42882	-27.66478	39.05616	0	-42.31084	-79.73966	-422.29473	-443.45015	-150.52895	-46.37919	-17.90074	0
1451	-30.10579	17.08707	39.05616	8.95037	-34.98781	23.59643	-122.0505	-519.12146	-572.01001	-183.07575	-18.71441	37.42882	0
1452	-23.59643	83.80801	107.40444	-29.29212	-66.72094	94.38572	-163.54767	-620.83021	-710.33391	-213.18154	17.90074	98.45407	0
1453	-4.88202	165.17501	174.12538	-79.73966	-90.31737	170.05703	-196.09447	-729.04832	-850.28515	-235.15063	64.27993	161.92033	0
1454	23.59643	265.25642	246.54201	-144.01959	-111.47279	256.30605	-223.75925	-848.65781	-988.60905	-248.16935	122.0505	228.64127	0
1455	48.00653	379.98389	336.85938	-213.18154	-144.83326	358.82847	-261.18807	-992.6774	-1131.81497	-251.42403	187.95777	299.43056	0
1456	65.0936	513.42577	453.21419	-288.03918	-194.46713	484.13365	-313.26295	-1164.36177	-1285.5986	-244.91467	262.00174	375.91554	0
1457	81.367	666.39573	590.72442	-371.84719	-255.49238	628.96691	-384.86591	-1358.8289	-1444.26425	-235.15063	341.7414	455.6552	0
1458	95.19939	810.41532	729.86199	-450.77318	-317.3313	775.42751	-485.76099	-1563.06007	-1598.86155	-220.50457	423.92207	535.39486	0
1459	109.03178	920.26077	846.2168	-511.79843	-367.77884	899.91902	-608.62516	-1742.06747	-1733.93077	-194.46713	499.59338	609.43883	0
1460	122.0505	992.6774	915.37875	-555.73661	-395.44362	976.404	-722.53896	-1860.86329	-1829.94383	-164.36134	549.22725	663.14105	0
1461	122.0505	992.6774	908.05572	-556.55028	-392.18894	969.08097	-801.46495	-1921.88854	-1867.37265	-148.08794	549.22725	675.3461	0
1462	108.21811	882.01828	798.21027	-495.52503	-344.18241	852.72616	-838.0801	-1915.37918	-1827.50282	-149.71528	485.76099	633.03526	0
1463	93.57205	672.90509	592.35176	-384.05224	-248.98302	638.73095	-834.82542	-1829.94383	-1713.58902	-166.80235	366.1515	540.27688	0
1464	68.34828	398.6983	336.04571	-233.52329	-133.44188	368.59251	-804.71963	-1680.22855	-1571.19677	-218.06356	196.09447	407.64867	0
1465	26.85111	100.08141	75.67131	-63.46626	-24.4101	87.06269	-770.54549	-1502.03482	-1455.65563	-330.35002	-10.57771	253.86504	0
1466	-18.71441	-173.31171	-152.15629	96.82673	65.0936	-164.36134	-744.50805	-1328.72311	-1382.42533	-510.98476	-227.8276	101.70875	0
1467	-53.70222	-388.12059	-331.16369	219.6909	136.69656	-361.26948	-725.79364	-1176.56682	-1342.5555	-707.8929	-416.59904	-17.90074	0
1468	-72.41663	-530.51284	-454.02786	292.9212	191.21245	-494.71136	-704.63822	-1036.61558	-1311.63604	-857.60818	-545.1589	-95.19939	0
1469	-73.2303	-603.74314	-522.37614	326.28167	227.8276	-567.94166	-663.14105	-889.34131	-1254.67914	-947.92555	-602.1158	-138.3239	0
1470	-60.21158	-624.08489	-553.2956	331.16369	251.42403	-594.79277	-598.04745	-733.93034	-1153.78406	-975.59033	-600.48846	-157.03831	0
1471	-38.24249	-608.62516	-561.4323	315.70396	266.07009	-589.91075	-516.68045	-581.77405	-1013.83282	-938.16151	-561.4323	-161.92033	0
1472	-16.2734	-576.89203	-554.92294	288.85285	272.57945	-568.75533	-431.2451	-445.07749	-855.16717	-854.3535	-508.54375	-162.734	0
1473	-0.81367	-544.34523	-541.90422	262.81541	271.76578	-543.53156	-349.06443	-326.28167	-695.68785	-744.50805	-452.40052	-162.734	0
1474	4.88202	-515.86678	-519.93513	244.91467	263.62908	-512.6121	-278.27514	-227.01393	-548.41358	-628.96691	-397.07096	-162.734	0
1475	4.06835	-493.08402	-487.38833	233.52329	249.79669	-476.81062	-224.57292	-152.96996	-422.29473	-521.56247	-351.50544	-162.734	0
1476	3.25468	-467.86025	-454.02786	218.87723	235.15063	-444.26382	-183.07575	-102.52242	-318.14497	-425.54941	-314.07662	-162.734	0
1477	4.06835	-436.12712	-423.1084	201.79016	218.87723	-416.59904	-146.4606	-68.34828	-229.45494	-341.7414	-276.6478	-157.03831	0
1478	0.81367	-401.13931	-389.74793	189.58511	198.53548	-387.30692	-113.10013	-46.37919	-156.22464	-270.13844	-238.40531	-148.08794	0
1479	-8.1367	-365.33783	-351.50544	180.63474	173.31171	-355.57379	-81.367	-29.29212	-94.38572	-209.11319	-203.4175	-137.51023	0
1480	-15.45973	-326.28167	-309.1946	167.61602	147.27427	-317.3313	-51.26121	-7.32303	-39.86983	-155.41097	-170.05703	-123.67784	0
1481	-17.08707	-281.52982	-264.44275	148.08794	122.86417	-273.39312	-21.15542	26.85111	10.57771	-106.59077	-141.57858	-111.47279	0
1482	-21.15542	-235.9643	-222.13191	127.74619	96.82673	-227.01393	6.50936	66.72094	57.77057	-63.46626	-120.42316	-104.14976	0
1483	-32.5468	-200.16282	-188.77144	113.9138	65.90727	-184.70309	28.47845	100.08141	93.57205	-30.10579	-101.70875	-99.26774	0
1484	-39.86983	-175.75272	-159.47932	100.08141	44.75185	-153.78363	42.31084	122.86417	116.35481	-4.06835	-81.367	-91.13104	0
1485	-30.91946	-160.29299	-140.76491	85.43535	42.31084	-135.88289	52.07488	139.13757	130.1872	17.08707	-61.02525	-80.55333	0
1486	-14.64606	-150.52895	-135.06922	76.48498	51.26121	-129.37353	61.02525	152.15629	140.76491	34.17414	-42.31084	-67.53461	0
1487	-3.25468	-146.4606	-135.06922	74.85764	60.21158	-131.81454	69.97562	162.734	156.22464	48.00653	-30.91946	-55.32956	0
1488	0	-147.27427	-139.95124	75.67131	67.53461	-139.13757	78.11232	174.93905	179.82107	57.77057	-26.03744	-48.8202	0
1489	1.62734	-150.52895	-148.08794	76.48498	74.04397	-148.08794	83.80801	189.58511	205.85851	65.0936	-25.22377	-48.00653	0
1490	0.81367	-155.41097	-154.5973	78.92599	78.11232	-155.41097	87.06269	200.97649	225.38659	69.16195	-23.59643	-49.63387	0
1491	-0.81367	-161.10666	-157.85198	81.367	78.11232	-160.29299	91.13104	205.85851	233.52329	69.16195	-19.52808	-48.8202	0
1492	-3.25468	-162.734	-156.22464	80.55333	73.2303	-160.29299	95.19939	204.23117	232.70962	67.53461	-12.20505	-44.75185	0
1493	-4.88202	-161.10666	-148.08794	74.85764	63.46626	-155.41097	99.26774	196.90814	227.01393	67.53461	-8.95037	-40.6835	0
1494	-11.39138	-155.41097	-132.62821	69.16195	49.63387	-144.83326	101.70875	188.77144	222.94558	69.97562	-8.95037	-41.49717	0
1495	-22.78276	-145.64693	-111.47279	63.46626	34.17414	-129.37353	104.14976	183.88942	224.57292	74.04397	-7.32303	-42.31084	0
1496	-29.29212	-130.1872	-90.31737	58.58424	22.78276	-109.84545	109.03178	188.77144	233.52329	82.99434	-1.62734	-39.86983	0
1497	-24.4101	-111.47279	-75.67131	52.07488	17.08707	-93.57205	114.72747	198.53548	244.101	92.75838	4.06835	-34.17414	0
1498	-8.95037	-95.19939	-67.53461	43.12451	17.08707	-84.62168	120.42316	207.48585	251.42403	100.89508	6.50936	-30.91946	0
1499	0.81367	-85.43535	-70.78929	39.86983	21.96909	-83.80801	125.30518	210.74053	253.86504	104.14976	4.06835	-32.5468	0
1500	0.81367	-84.62168	-80.55333	44.75185	30.10579	-90.31737	128.55986	208.29952	251.42403	104.14976	0	-36.61515	0
1501	0	-87.87636	-92.75838	48.8202	39.05616	-97.6404	130.1872	204.23117	252.2377	105.7771	-5.69569	-40.6835	0
1502	-0.81367	-91.94471	-100.89508	50.44754	43.12451	-99.26774	132.62821	203.4175	260.3744	112.28646	-8.95037	-43.12451	0
1503	-1.62734	-90.31737	-97.6404	50.44754	43.12451	-92.75838	135.88289	203.4175	269.32477	121.23683	-5.69569	-39.86983	0
1504	3.25468	-82.18067	-90.31737	48.8202	43.93818	-83.80801	139.13757	207.48585	270.13844	126.93252	1.62734	-33.36047	0
1505	12.20505	-69.97562	-85.43535	40.6835	47.19286	-74.04397	140.76491	216.43622	265.25642	127.74619	4.88202	-30.91946	0
1506	17.08707	-58.58424	-85.43535	28.47845	49.63387	-65.0936	139.95124	221.31824	259.56073	125.30518	3.25468	-34.17414	0
1507	19.52808	-50.44754	-84.62168	18.71441	52.07488	-60.21158	138.3239	223.75925	255.49238	125.30518	0.81367	-38.24249	0
1508	21.15542	-44.75185	-80.55333	10.57771	52.07488	-56.9569	136.69656	225.38659	253.86504	126.11885	0	-42.31084	0
1509	24.4101	-40.6835	-74.85764	4.88202	51.26121	-53.70222	134.25555	218.87723	248.98302	122.0505	-3.25468	-48.00653	0
1510	29.29212	-43.12451	-71.60296	0	52.07488	-52.88855	132.62821	199.34915	237.59164	113.9138	-9.76404	-56.14323	0
1511	34.17414	-48.00653	-69.16195	-1.62734	48.8202	-53.70222	131.00087	178.19373	225.38659	107.40444	-17.08707	-65.0936	0
1512	40.6835	-52.88855	-64.27993	-3.25468	41.49717	-55.32956	132.62821	172.49804	218.87723	104.96343	-22.78276	-69.16195	0
1513	45.56552	-53.70222	-64.27993	-3.25468	39.05616	-56.9569	136.69656	184.70309	222.13191	104.96343	-21.15542	-62.65259	0
1514	48.00653	-52.07488	-69.97562	-2.44101	46.37919	-61.02525	143.20592	200.16282	233.52329	109.03178	-12.20505	-51.26121	0
1515	45.56552	-52.07488	-75.67131	0.81367	51.26121	-64.27993	149.71528	216.43622	252.2377	118.79582	1.62734	-37.42882	0
1516	37.42882	-52.07488	-74.85764	6.50936	50.44754	-62.65259	157.03831	235.9643	276.6478	135.06922	20.34175	-22.78276	0
1517	26.85111	-51.26121	-66.72094	11.39138	43.12451	-56.9569	161.10666	257.93339	301.0579	152.96996	37.42882	-12.20505	0
1518	14.64606	-51.26121	-56.9569	17.08707	35.80148	-52.07488	161.10666	274.20679	317.3313	167.61602	47.19286	-7.32303	0
1519	3.25468	-55.32956	-55.32956	24.4101	33.36047	-53.70222	157.03831	281.52982	323.84066	174.93905	48.8202	-7.32303	0
1520	0	-60.21158	-62.65259	27.66478	38.24249	-60.21158	152.96996	280.71615	324.65433	174.93905	44.75185	-8.95037	0
1521	4.06835	-56.9569	-74.04397	22.78276	49.63387	-65.0936	150.52895	277.46147	322.21332	168.42969	39.05616	-9.76404	0
1522	17.08707	-46.37919	-81.367	18.71441	59.39791	-64.27993	151.34262	276.6478	316.51763	159.47932	33.36047	-10.57771	0
1523	20.34175	-37.42882	-73.2303	18.71441	54.51589	-55.32956	153.78363	276.6478	309.1946	151.34262	28.47845	-9.76404	0
1524	4.88202	-31.73313	-47.19286	21.15542	30.10579	-41.49717	155.41097	279.08881	299.43056	145.64693	26.03744	-7.32303	0
1525	-19.52808	-24.4101	-13.83239	21.15542	-1.62734	-23.59643	156.22464	283.15716	288.03918	141.57858	25.22377	-4.06835	0
1526	-34.98781	-15.45973	12.20505	18.71441	-25.22377	-6.50936	156.22464	286.41184	276.6478	140.76491	25.22377	-4.06835	0
1527	-36.61515	-5.69569	26.85111	13.01872	-34.17414	4.06835	153.78363	289.66652	268.5111	139.95124	26.03744	-8.1367	0
1528	-32.5468	0	30.91946	5.69569	-34.17414	6.50936	147.27427	292.10753	268.5111	138.3239	25.22377	-13.01872	0
1529	-26.03744	0.81367	23.59643	0.81367	-26.03744	2.44101	138.3239	293.73487	277.46147	139.13757	26.03744	-15.45973	0
1530	-15.45973	-4.88202	12.20505	0.81367	-13.01872	-4.06835	130.1872	292.10753	293.73487	144.83326	28.47845	-13.01872	0
1531	-3.25468	-11.39138	5.69569	4.06835	0.81367	-7.32303	122.86417	288.03918	310.82194	154.5973	34.17414	-5.69569	0
1532	6.50936	-11.39138	0	3.25468	11.39138	-8.1367	116.35481	285.59817	320.58598	159.47932	37.42882	0	0
1533	19.52808	-2.44101	-4.88202	0	18.71441	-4.88202	114.72747	289.66652	322.21332	158.66565	36.61515	1.62734	0
1534	33.36047	10.57771	-8.95037	-4.06835	25.22377	0	116.35481	301.0579	322.21332	154.5973	34.98781	2.44101	0
1535	43.93818	26.03744	-9.76404	-13.01872	26.85111	8.95037	120.42316	313.26295	319.77231	153.78363	39.05616	1.62734	0
1536	48.00653	39.86983	-8.1367	-25.22377	21.96909	20.34175	126.93252	323.02699	318.14497	158.66565	48.8202	3.25468	0
1537	48.00653	50.44754	-1.62734	-36.61515	15.45973	30.10579	137.51023	336.85938	323.02699	165.17501	58.58424	11.39138	0
1538	46.37919	63.46626	11.39138	-48.00653	8.95037	41.49717	152.15629	357.20113	332.79103	172.49804	65.0936	21.15542	0
1539	45.56552	76.48498	27.66478	-60.21158	3.25468	55.32956	164.36134	378.35655	339.30039	176.56639	67.53461	27.66478	0
1540	48.8202	82.18067	39.86983	-71.60296	0.81367	67.53461	168.42969	390.5616	339.30039	173.31171	63.46626	30.91946	0
1541	50.44754	81.367	47.19286	-78.11232	0	73.2303	162.734	393.00261	336.04571	165.17501	59.39791	31.73313	0
1542	43.12451	78.11232	52.88855	-74.04397	-2.44101	74.85764	152.96996	387.30692	331.16369	155.41097	57.77057	30.91946	0
1543	30.91946	77.29865	60.21158	-62.65259	-8.1367	74.85764	144.01959	375.91554	326.28167	147.27427	56.14323	28.47845	0
1544	19.52808	81.367	69.97562	-50.44754	-16.2734	78.11232	139.95124	364.52416	323.02699	140.76491	53.70222	26.85111	0
1545	9.76404	85.43535	78.92599	-42.31084	-27.66478	80.55333	138.3239	359.64214	323.02699	139.13757	54.51589	28.47845	0
1546	6.50936	87.87636	84.62168	-43.93818	-34.17414	82.18067	138.3239	364.52416	323.84066	140.76491	55.32956	34.17414	0
1547	13.01872	90.31737	86.24902	-51.26121	-31.73313	81.367	139.13757	373.47453	324.65433	140.76491	52.88855	39.86983	0
1548	27.66478	96.01306	78.92599	-62.65259	-21.15542	79.73966	139.13757	382.4249	325.468	138.3239	48.00653	39.05616	0
1549	39.86983	109.03178	76.48498	-75.67131	-14.64606	86.24902	137.51023	395.44362	325.468	141.57858	49.63387	38.24249	0
1550	43.12451	122.86417	93.57205	-79.73966	-27.66478	104.14976	136.69656	410.90335	327.90901	150.52895	60.21158	43.93818	0
1551	47.19286	133.44188	116.35481	-78.11232	-48.00653	122.86417	135.88289	423.1084	328.72268	157.03831	72.41663	52.88855	0
1552	53.70222	146.4606	131.00087	-83.80801	-57.77057	138.3239	132.62821	427.17675	324.65433	156.22464	82.18067	61.02525	0
1553	57.77057	170.8707	137.51023	-103.33609	-56.9569	153.78363	127.74619	427.17675	317.3313	149.71528	86.24902	66.72094	0
1554	57.77057	203.4175	144.83326	-131.81454	-58.58424	174.12538	122.86417	422.29473	305.93992	139.95124	85.43535	67.53461	0
1555	54.51589	232.70962	162.734	-152.96996	-65.90727	197.72181	117.98215	414.9717	294.54854	131.00087	83.80801	68.34828	0
1556	43.12451	253.05137	191.21245	-156.22464	-82.18067	221.31824	114.72747	409.27601	286.41184	124.49151	86.24902	73.2303	0
1557	24.4101	265.25642	220.50457	-146.4606	-103.33609	238.40531	113.10013	405.20766	278.27514	120.42316	88.69003	79.73966	0
1558	11.39138	270.95211	240.84632	-137.51023	-117.16848	248.98302	113.9138	402.76665	268.5111	115.54114	88.69003	82.99434	0
1559	5.69569	270.13844	250.61036	-134.25555	-122.86417	253.86504	113.9138	400.32564	257.11972	107.40444	87.06269	82.99434	0
1560	4.06835	266.07009	254.67871	-131.81454	-125.30518	256.30605	109.84545	397.88463	242.47366	95.19939	84.62168	80.55333	0
1561	-3.25468	260.3744	261.18807	-130.1872	-131.81454	257.93339	101.70875	393.00261	222.13191	82.99434	82.99434	76.48498	0
1562	-14.64606	261.18807	270.95211	-131.81454	-144.83326	262.81541	95.19939	384.05224	195.2808	73.2303	83.80801	73.2303	0
1563	-21.96909	272.57945	282.34349	-137.51023	-158.66565	270.95211	90.31737	370.21985	161.92033	64.27993	86.24902	77.29865	0
1564	-23.59643	290.48019	296.98955	-142.39225	-169.24336	283.97083	83.80801	350.69177	126.93252	53.70222	87.06269	86.24902	0
1565	-15.45973	312.44928	314.89029	-150.52895	-171.68437	301.0579	77.29865	334.41837	102.52242	44.75185	89.5037	96.82673	0
1566	-0.81367	335.23204	328.72268	-166.80235	-162.734	317.3313	74.04397	327.09534	95.19939	41.49717	93.57205	110.65912	0
1567	9.76404	354.76012	336.04571	-186.33043	-151.34262	331.97736	73.2303	326.28167	97.6404	43.12451	99.26774	123.67784	0
1568	15.45973	371.03352	344.18241	-200.16282	-149.71528	347.43709	75.67131	327.90901	102.52242	43.12451	102.52242	131.81454	0
1569	15.45973	384.05224	357.20113	-205.85851	-158.66565	364.52416	79.73966	326.28167	100.89508	39.86983	100.08141	133.44188	0
1570	8.95037	389.74793	367.77884	-204.23117	-174.12538	378.35655	78.11232	314.89029	88.69003	29.29212	88.69003	130.1872	0
1571	0	389.74793	370.21985	-198.53548	-188.77144	386.49325	71.60296	298.61689	69.16195	15.45973	71.60296	124.49151	0
1572	-5.69569	389.74793	367.77884	-192.02612	-192.83979	388.12059	64.27993	281.52982	47.19286	1.62734	56.14323	117.16848	0
1573	-5.69569	394.62995	367.77884	-186.33043	-187.95777	388.93426	54.51589	257.11972	21.96909	-13.01872	49.63387	112.28646	0
1574	7.32303	396.25729	376.72921	-180.63474	-189.58511	391.37527	43.12451	226.20026	-4.06835	-30.10579	53.70222	115.54114	0
1575	26.03744	395.44362	389.74793	-180.63474	-197.72181	395.44362	32.5468	195.2808	-30.10579	-43.93818	61.83892	126.11885	0
1576	40.6835	396.25729	393.00261	-188.77144	-196.09447	400.32564	25.22377	166.80235	-58.58424	-55.32956	69.97562	136.69656	0
1577	53.70222	399.51197	381.61123	-200.97649	-180.63474	404.39399	21.96909	147.27427	-85.43535	-63.46626	74.04397	141.57858	0
1578	65.0936	407.64867	366.96517	-213.18154	-161.92033	403.58032	21.15542	135.06922	-106.59077	-70.78929	74.04397	143.20592	0
1579	66.72094	413.34436	359.64214	-221.31824	-152.15629	399.51197	20.34175	126.93252	-121.23683	-77.29865	72.41663	144.01959	0
1580	54.51589	413.34436	363.71049	-222.13191	-157.03831	396.25729	18.71441	118.79582	-129.37353	-81.367	69.97562	145.64693	0
1581	30.10579	406.02133	375.10187	-213.18154	-172.49804	394.62995	15.45973	105.7771	-135.06922	-87.87636	66.72094	146.4606	0
1582	4.88202	395.44362	386.49325	-200.16282	-190.39878	391.37527	8.95037	85.43535	-144.83326	-94.38572	63.46626	148.90161	0
1583	-13.83239	383.23857	393.81628	-186.33043	-203.4175	387.30692	-0.81367	58.58424	-164.36134	-102.52242	61.02525	149.71528	0
1584	-29.29212	371.84719	394.62995	-169.24336	-212.36787	378.35655	-12.20505	26.85111	-196.09447	-115.54114	54.51589	145.64693	0
1585	-40.6835	364.52416	389.74793	-152.96996	-216.43622	366.1515	-19.52808	-6.50936	-232.70962	-130.1872	45.56552	139.95124	0
1586	-39.05616	362.89682	379.17022	-148.08794	-210.74053	357.20113	-21.96909	-34.17414	-257.11972	-139.13757	38.24249	137.51023	0
1587	-19.52808	364.52416	364.52416	-158.66565	-195.2808	351.50544	-22.78276	-52.07488	-266.07009	-143.20592	34.17414	139.13757	0
1588	3.25468	364.52416	347.43709	-174.12538	-174.12538	347.43709	-21.15542	-60.21158	-265.25642	-142.39225	34.17414	137.51023	0
1589	21.15542	361.26948	330.35002	-185.51676	-156.22464	340.11406	-17.90074	-61.02525	-259.56073	-137.51023	36.61515	134.25555	0
1590	33.36047	355.57379	312.44928	-191.21245	-142.39225	331.97736	-14.64606	-60.21158	-253.05137	-131.00087	35.80148	126.11885	0
1591	34.17414	349.8781	299.43056	-191.21245	-132.62821	327.90901	-13.83239	-60.21158	-248.98302	-125.30518	29.29212	116.35481	0
1592	21.15542	338.48672	297.80322	-180.63474	-127.74619	323.84066	-17.90074	-63.46626	-247.35568	-122.86417	23.59643	109.03178	0
1593	1.62734	312.44928	295.36221	-158.66565	-128.55986	309.1946	-27.66478	-73.2303	-248.16935	-126.93252	17.90074	101.70875	0
1594	-13.83239	277.46147	283.97083	-132.62821	-132.62821	283.97083	-39.05616	-87.87636	-248.16935	-131.81454	11.39138	94.38572	0
1595	-25.22377	242.47366	267.69743	-109.03178	-136.69656	257.11972	-47.19286	-101.70875	-242.47366	-131.00087	8.95037	89.5037	0
1596	-29.29212	213.18154	248.16935	-91.13104	-135.06922	232.70962	-49.63387	-110.65912	-231.89595	-123.67784	11.39138	86.24902	0
1597	-26.85111	188.77144	222.13191	-80.55333	-124.49151	205.85851	-47.19286	-113.9138	-222.13191	-116.35481	13.83239	78.92599	0
1598	-21.15542	165.17501	192.02612	-70.78929	-109.03178	178.19373	-43.12451	-114.72747	-216.43622	-113.10013	9.76404	65.90727	0
1599	-14.64606	146.4606	163.54767	-61.83892	-91.94471	153.78363	-37.42882	-113.9138	-210.74053	-113.10013	0	51.26121	0
1600	-2.44101	130.1872	139.95124	-52.07488	-72.41663	134.25555	-29.29212	-112.28646	-205.85851	-113.9138	-9.76404	38.24249	0
1601	6.50936	113.10013	125.30518	-40.6835	-53.70222	118.79582	-20.34175	-108.21811	-201.79016	-111.47279	-17.90074	30.10579	0
1602	9.76404	100.08141	119.60949	-36.61515	-39.86983	111.47279	-11.39138	-103.33609	-198.53548	-101.70875	-22.78276	29.29212	0
1603	9.76404	90.31737	116.35481	-42.31084	-34.17414	109.84545	-3.25468	-99.26774	-193.65346	-85.43535	-18.71441	30.10579	0
1604	8.95037	86.24902	111.47279	-48.00653	-35.80148	108.21811	-1.62734	-94.38572	-186.33043	-68.34828	-9.76404	29.29212	0
1605	9.76404	87.87636	104.96343	-52.88855	-39.05616	104.96343	-4.06835	-86.24902	-168.42969	-52.07488	0	26.85111	0
1606	8.95037	91.94471	101.70875	-54.51589	-43.93818	103.33609	-8.1367	-73.2303	-138.3239	-34.98781	6.50936	24.4101	0
1607	0	87.06269	100.89508	-45.56552	-51.26121	96.82673	-10.57771	-59.39791	-102.52242	-18.71441	10.57771	18.71441	0
1608	-18.71441	69.97562	96.82673	-26.03744	-59.39791	84.62168	-8.1367	-48.00653	-70.78929	-5.69569	12.20505	12.20505	0
1609	-35.80148	48.8202	87.06269	-6.50936	-63.46626	69.16195	-1.62734	-39.05616	-46.37919	3.25468	11.39138	7.32303	0
1610	-36.61515	27.66478	69.16195	5.69569	-54.51589	52.88855	8.95037	-32.5468	-27.66478	7.32303	8.1367	5.69569	0
1611	-19.52808	14.64606	47.19286	8.1367	-34.98781	39.86983	19.52808	-27.66478	-14.64606	6.50936	2.44101	10.57771	0
1612	0	12.20505	27.66478	1.62734	-15.45973	30.10579	25.22377	-25.22377	-10.57771	4.06835	0.81367	16.2734	0
1613	10.57771	8.95037	9.76404	-3.25468	0	17.08707	19.52808	-28.47845	-21.96909	0	0	14.64606	0
1614	17.08707	2.44101	-8.1367	-4.06835	13.01872	0.81367	7.32303	-38.24249	-41.49717	-4.88202	-1.62734	7.32303	0
1615	22.78276	-4.88202	-25.22377	0	22.78276	-12.20505	-4.06835	-48.00653	-56.14323	-3.25468	-2.44101	0.81367	0
1616	23.59643	-18.71441	-36.61515	8.1367	26.85111	-27.66478	-12.20505	-52.07488	-56.9569	2.44101	-1.62734	-5.69569	0
1617	17.08707	-34.98781	-39.86983	17.08707	26.85111	-41.49717	-16.2734	-48.8202	-44.75185	10.57771	-0.81367	-14.64606	0
1618	6.50936	-50.44754	-41.49717	26.03744	24.4101	-52.88855	-16.2734	-37.42882	-21.96909	19.52808	0	-21.15542	0
1619	-7.32303	-62.65259	-43.12451	34.17414	17.90074	-59.39791	-9.76404	-20.34175	3.25468	30.91946	2.44101	-21.96909	0
1620	-21.96909	-69.16195	-39.86983	42.31084	8.95037	-59.39791	-0.81367	-4.06835	24.4101	43.12451	5.69569	-19.52808	0
1621	-29.29212	-63.46626	-34.98781	43.93818	0.81367	-49.63387	6.50936	7.32303	39.05616	52.07488	9.76404	-18.71441	0
1622	-29.29212	-48.00653	-32.5468	37.42882	-4.88202	-34.98781	12.20505	14.64606	46.37919	55.32956	13.83239	-21.15542	0
1623	-28.47845	-34.17414	-27.66478	30.91946	-8.95037	-22.78276	13.83239	17.08707	48.00653	56.14323	15.45973	-21.96909	0
1624	-31.73313	-21.96909	-20.34175	21.15542	-6.50936	-13.83239	12.20505	14.64606	52.07488	59.39791	17.08707	-17.08707	0
1625	-36.61515	-14.64606	-13.83239	12.20505	-3.25468	-8.95037	8.95037	8.95037	60.21158	62.65259	17.08707	-10.57771	0
1626	-41.49717	-26.03744	-13.01872	21.15542	-3.25468	-16.2734	0.81367	6.50936	69.16195	63.46626	14.64606	-9.76404	0
1627	-45.56552	-54.51589	-22.78276	43.12451	-5.69569	-36.61515	-8.95037	7.32303	77.29865	65.90727	15.45973	-16.2734	0
1628	-43.93818	-78.92599	-38.24249	57.77057	-6.50936	-58.58424	-13.83239	8.1367	82.18067	66.72094	16.2734	-21.96909	0
1629	-33.36047	-84.62168	-50.44754	58.58424	-2.44101	-68.34828	-7.32303	11.39138	85.43535	67.53461	15.45973	-21.96909	0
1630	-17.08707	-74.04397	-54.51589	45.56552	7.32303	-69.97562	7.32303	20.34175	87.87636	69.16195	17.08707	-15.45973	0
1631	0	-58.58424	-56.14323	28.47845	19.52808	-70.78929	21.96909	29.29212	88.69003	71.60296	22.78276	-4.88202	0
1632	5.69569	-52.07488	-57.77057	14.64606	26.03744	-72.41663	33.36047	36.61515	89.5037	74.85764	30.91946	5.69569	0
1633	-2.44101	-64.27993	-62.65259	5.69569	26.85111	-78.92599	35.80148	37.42882	87.87636	72.41663	32.5468	8.95037	0
1634	-17.90074	-83.80801	-76.48498	8.95037	32.5468	-90.31737	27.66478	28.47845	79.73966	61.83892	24.4101	0	0
1635	-26.03744	-93.57205	-94.38572	23.59643	52.88855	-101.70875	14.64606	15.45973	69.16195	50.44754	15.45973	-15.45973	0
1636	-21.96909	-99.26774	-101.70875	31.73313	70.78929	-110.65912	3.25468	4.06835	60.21158	44.75185	11.39138	-26.03744	0
1637	-15.45973	-103.33609	-97.6404	26.03744	70.78929	-111.47279	-3.25468	-0.81367	58.58424	42.31084	8.1367	-25.22377	0
1638	-10.57771	-91.94471	-88.69003	17.08707	62.65259	-100.08141	-6.50936	-1.62734	69.16195	45.56552	8.95037	-17.08707	0
1639	-6.50936	-72.41663	-84.62168	8.1367	60.21158	-85.43535	-7.32303	0	85.43535	52.88855	11.39138	-11.39138	0
1640	-1.62734	-59.39791	-84.62168	6.50936	58.58424	-76.48498	-5.69569	4.06835	98.45407	56.14323	10.57771	-12.20505	0
1641	4.06835	-56.9569	-78.11232	17.08707	55.32956	-72.41663	-3.25468	8.1367	105.7771	56.9569	4.88202	-17.08707	0
1642	10.57771	-61.02525	-62.65259	35.80148	52.07488	-66.72094	-0.81367	10.57771	107.40444	57.77057	-1.62734	-21.15542	0
1643	14.64606	-60.21158	-48.00653	43.93818	46.37919	-57.77057	1.62734	19.52808	108.21811	60.21158	-4.06835	-20.34175	0
1644	13.83239	-47.19286	-43.93818	31.73313	35.80148	-48.00653	11.39138	37.42882	113.9138	66.72094	3.25468	-12.20505	0
1645	9.76404	-29.29212	-45.56552	6.50936	26.03744	-39.86983	21.96909	56.9569	124.49151	76.48498	14.64606	-0.81367	0
1646	4.88202	-21.96909	-43.12451	-5.69569	19.52808	-39.05616	30.91946	67.53461	134.25555	82.99434	21.15542	4.06835	0
1647	-7.32303	-32.5468	-34.98781	4.88202	9.76404	-42.31084	38.24249	68.34828	139.13757	87.06269	21.96909	1.62734	0
1648	-28.47845	-52.07488	-27.66478	29.29212	-2.44101	-47.19286	46.37919	63.46626	139.95124	88.69003	18.71441	-2.44101	0
1649	-46.37919	-71.60296	-26.85111	52.88855	-11.39138	-55.32956	51.26121	55.32956	138.3239	84.62168	11.39138	-8.1367	0
1650	-56.14323	-87.87636	-32.5468	69.16195	-13.01872	-65.90727	49.63387	51.26121	135.06922	76.48498	0.81367	-16.2734	0
1651	-56.9569	-100.89508	-43.93818	77.29865	-7.32303	-77.29865	43.12451	52.88855	129.37353	65.0936	-8.1367	-24.4101	0
1652	-52.07488	-108.21811	-56.14323	78.11232	0	-85.43535	33.36047	56.14323	124.49151	53.70222	-15.45973	-30.91946	0
1653	-43.12451	-104.14976	-61.83892	73.2303	7.32303	-86.24902	25.22377	56.14323	122.86417	43.93818	-19.52808	-35.80148	0
1654	-32.5468	-96.01306	-62.65259	65.0936	12.20505	-81.367	21.15542	52.07488	125.30518	36.61515	-21.96909	-37.42882	0
1655	-26.85111	-88.69003	-58.58424	58.58424	13.01872	-74.85764	19.52808	49.63387	129.37353	34.98781	-18.71441	-37.42882	0
1656	-24.4101	-81.367	-51.26121	53.70222	9.76404	-65.90727	17.90074	54.51589	131.81454	39.86983	-10.57771	-30.91946	0
1657	-15.45973	-71.60296	-50.44754	43.93818	13.83239	-58.58424	18.71441	63.46626	134.25555	48.8202	-3.25468	-21.96909	0
1658	5.69569	-60.21158	-62.65259	27.66478	30.91946	-54.51589	20.34175	75.67131	142.39225	63.46626	1.62734	-15.45973	0
1659	30.91946	-50.44754	-79.73966	9.76404	52.88855	-56.14323	23.59643	87.87636	155.41097	78.92599	5.69569	-13.83239	0
1660	43.12451	-49.63387	-96.01306	3.25468	65.0936	-63.46626	26.85111	93.57205	165.17501	87.06269	2.44101	-19.52808	0
1661	30.10579	-64.27993	-108.21811	15.45973	61.02525	-74.85764	27.66478	89.5037	162.734	82.99434	-5.69569	-30.91946	0
1662	4.06835	-87.06269	-112.28646	40.6835	47.19286	-87.87636	27.66478	77.29865	144.83326	69.97562	-18.71441	-42.31084	0
1663	-15.45973	-102.52242	-109.03178	61.02525	36.61515	-94.38572	27.66478	64.27993	120.42316	55.32956	-29.29212	-49.63387	0
1664	-25.22377	-104.96343	-96.01306	68.34828	27.66478	-92.75838	27.66478	57.77057	102.52242	45.56552	-32.5468	-48.8202	0
1665	-31.73313	-96.82673	-76.48498	65.90727	18.71441	-82.18067	25.22377	61.02525	96.82673	43.93818	-28.47845	-41.49717	0
1666	-35.80148	-78.92599	-61.83892	56.9569	17.08707	-68.34828	23.59643	69.16195	100.89508	47.19286	-21.15542	-33.36047	0
1667	-35.80148	-62.65259	-56.14323	51.26121	24.4101	-58.58424	25.22377	79.73966	111.47279	54.51589	-13.01872	-26.03744	0
1668	-28.47845	-60.21158	-57.77057	52.88855	32.5468	-58.58424	29.29212	90.31737	122.86417	59.39791	-8.95037	-21.96909	0
1669	-17.08707	-69.97562	-68.34828	53.70222	37.42882	-65.0936	34.17414	90.31737	131.00087	60.21158	-10.57771	-25.22377	0
1670	-4.88202	-81.367	-83.80801	51.26121	43.12451	-77.29865	39.05616	76.48498	135.06922	56.9569	-17.08707	-34.98781	0
1671	4.88202	-93.57205	-100.08141	47.19286	52.07488	-92.75838	39.86983	58.58424	136.69656	50.44754	-25.22377	-44.75185	0
1672	12.20505	-101.70875	-113.10013	44.75185	60.21158	-107.40444	34.98781	41.49717	135.88289	42.31084	-34.17414	-52.88855	0
1673	18.71441	-104.14976	-121.23683	41.49717	67.53461	-114.72747	26.03744	33.36047	135.06922	36.61515	-39.05616	-56.9569	0
1674	24.4101	-103.33609	-123.67784	37.42882	70.78929	-114.72747	17.90074	35.80148	132.62821	32.5468	-41.49717	-59.39791	0
1675	26.85111	-100.89508	-118.79582	34.17414	69.97562	-109.84545	13.01872	44.75185	128.55986	32.5468	-42.31084	-60.21158	0
1676	25.22377	-94.38572	-107.40444	32.5468	64.27993	-100.89508	16.2734	56.9569	128.55986	34.17414	-42.31084	-59.39791	0
1677	17.08707	-89.5037	-96.01306	34.98781	55.32956	-93.57205	23.59643	67.53461	131.81454	37.42882	-42.31084	-58.58424	0
1678	6.50936	-90.31737	-89.5037	40.6835	47.19286	-91.13104	30.10579	74.85764	135.88289	40.6835	-41.49717	-57.77057	0
1679	0	-93.57205	-89.5037	47.19286	43.12451	-93.57205	33.36047	76.48498	137.51023	41.49717	-40.6835	-59.39791	0
1680	-12.20505	-100.08141	-86.24902	56.14323	34.98781	-94.38572	36.61515	70.78929	135.06922	40.6835	-40.6835	-65.0936	0
1681	-32.5468	-108.21811	-79.73966	69.16195	20.34175	-95.19939	41.49717	65.90727	131.00087	39.05616	-44.75185	-71.60296	0
1682	-48.8202	-116.35481	-80.55333	81.367	7.32303	-99.26774	44.75185	65.90727	126.11885	39.05616	-50.44754	-77.29865	0
1683	-52.88855	-119.60949	-84.62168	85.43535	5.69569	-102.52242	43.12451	70.78929	122.86417	37.42882	-52.07488	-77.29865	0
1684	-41.49717	-115.54114	-87.87636	81.367	14.64606	-101.70875	37.42882	74.85764	121.23683	35.80148	-48.00653	-72.41663	0
1685	-22.78276	-105.7771	-91.94471	73.2303	29.29212	-98.45407	31.73313	70.78929	120.42316	34.17414	-42.31084	-65.90727	0
1686	-12.20505	-96.01306	-96.01306	61.83892	42.31084	-92.75838	28.47845	62.65259	122.86417	35.80148	-36.61515	-61.02525	0
1687	-9.76404	-91.13104	-96.01306	55.32956	47.19286	-87.87636	26.03744	53.70222	124.49151	38.24249	-34.98781	-58.58424	0
1688	-14.64606	-91.13104	-92.75838	57.77057	42.31084	-87.06269	25.22377	44.75185	125.30518	37.42882	-37.42882	-57.77057	0
1689	-24.4101	-95.19939	-85.43535	65.0936	32.5468	-88.69003	27.66478	43.93818	129.37353	34.98781	-40.6835	-62.65259	0
1690	-35.80148	-102.52242	-77.29865	72.41663	22.78276	-89.5037	30.10579	52.88855	133.44188	35.80148	-40.6835	-68.34828	0
1691	-45.56552	-109.84545	-69.97562	78.11232	18.71441	-91.13104	31.73313	61.02525	136.69656	35.80148	-37.42882	-73.2303	0
1692	-48.00653	-115.54114	-66.72094	78.92599	17.08707	-90.31737	32.5468	63.46626	135.06922	34.98781	-34.98781	-76.48498	0
1693	-38.24249	-115.54114	-65.90727	74.04397	18.71441	-85.43535	30.10579	61.83892	131.00087	34.98781	-34.17414	-74.04397	0
1694	-23.59643	-109.03178	-67.53461	68.34828	24.4101	-81.367	25.22377	55.32956	123.67784	37.42882	-30.91946	-66.72094	0
1695	-16.2734	-104.96343	-70.78929	64.27993	26.85111	-80.55333	16.2734	48.00653	115.54114	39.86983	-28.47845	-58.58424	0
1696	-16.2734	-103.33609	-72.41663	63.46626	24.4101	-82.18067	5.69569	42.31084	108.21811	42.31084	-28.47845	-54.51589	0
1697	-20.34175	-102.52242	-72.41663	67.53461	21.96909	-84.62168	-1.62734	39.05616	103.33609	45.56552	-30.10579	-55.32956	0
1698	-24.4101	-102.52242	-69.97562	70.78929	20.34175	-86.24902	-5.69569	39.86983	101.70875	47.19286	-32.5468	-58.58424	0
1699	-21.15542	-102.52242	-69.16195	67.53461	23.59643	-87.06269	-1.62734	46.37919	101.70875	47.19286	-33.36047	-60.21158	0
1700	-13.83239	-102.52242	-77.29865	61.02525	32.5468	-91.13104	9.76404	54.51589	101.70875	45.56552	-30.10579	-59.39791	0
1701	-9.76404	-105.7771	-93.57205	57.77057	44.75185	-99.26774	22.78276	57.77057	100.08141	43.12451	-26.03744	-58.58424	0
1702	-8.95037	-110.65912	-106.59077	58.58424	52.88855	-108.21811	32.5468	52.07488	97.6404	39.05616	-24.4101	-57.77057	0
1703	-8.1367	-111.47279	-111.47279	58.58424	54.51589	-111.47279	38.24249	38.24249	94.38572	34.98781	-25.22377	-58.58424	0
1704	1.62734	-105.7771	-113.10013	55.32956	58.58424	-109.03178	39.05616	20.34175	92.75838	32.5468	-26.85111	-59.39791	0
1705	15.45973	-96.82673	-113.9138	52.88855	63.46626	-104.14976	38.24249	6.50936	93.57205	34.17414	-26.85111	-59.39791	0
1706	19.52808	-91.13104	-109.03178	52.88855	61.02525	-97.6404	36.61515	2.44101	96.82673	40.6835	-26.03744	-61.02525	0
1707	10.57771	-90.31737	-98.45407	54.51589	51.26121	-89.5037	36.61515	7.32303	100.08141	48.8202	-26.03744	-63.46626	0
1708	-4.06835	-92.75838	-86.24902	56.9569	37.42882	-85.43535	36.61515	15.45973	102.52242	53.70222	-24.4101	-65.90727	0
1709	-19.52808	-97.6404	-78.11232	60.21158	26.03744	-85.43535	36.61515	24.4101	102.52242	54.51589	-20.34175	-64.27993	0
1710	-29.29212	-103.33609	-74.85764	61.83892	20.34175	-87.87636	36.61515	34.17414	99.26774	55.32956	-13.01872	-58.58424	0
1711	-31.73313	-107.40444	-75.67131	63.46626	19.52808	-91.13104	37.42882	42.31084	99.26774	55.32956	-3.25468	-51.26121	0
1712	-29.29212	-108.21811	-77.29865	65.0936	17.90074	-93.57205	39.86983	47.19286	104.14976	51.26121	5.69569	-43.12451	0
1713	-26.85111	-101.70875	-75.67131	66.72094	14.64606	-91.13104	40.6835	46.37919	108.21811	48.00653	8.95037	-39.86983	0
1714	-26.03744	-88.69003	-65.90727	66.72094	10.57771	-80.55333	36.61515	40.6835	105.7771	44.75185	5.69569	-40.6835	0
1715	-26.85111	-78.92599	-52.88855	65.0936	4.88202	-67.53461	28.47845	28.47845	95.19939	40.6835	-1.62734	-43.93818	0
1716	-32.5468	-81.367	-47.19286	67.53461	0	-64.27993	16.2734	13.01872	80.55333	36.61515	-7.32303	-50.44754	0
1717	-40.6835	-94.38572	-51.26121	74.85764	0	-70.78929	4.88202	-0.81367	69.97562	36.61515	-9.76404	-59.39791	0
1718	-43.12451	-108.21811	-62.65259	79.73966	5.69569	-79.73966	-0.81367	-10.57771	64.27993	37.42882	-14.64606	-63.46626	0
1719	-34.98781	-114.72747	-78.11232	77.29865	18.71441	-89.5037	0.81367	-12.20505	66.72094	38.24249	-21.96909	-67.53461	0
1720	-14.64606	-111.47279	-96.01306	63.46626	38.24249	-97.6404	10.57771	-5.69569	78.92599	41.49717	-26.03744	-70.78929	0
1721	10.57771	-104.14976	-109.84545	42.31084	58.58424	-100.89508	22.78276	4.88202	96.82673	45.56552	-29.29212	-74.04397	0
1722	34.17414	-98.45407	-113.9138	20.34175	72.41663	-95.19939	30.91946	17.08707	111.47279	45.56552	-34.17414	-77.29865	0
1723	47.19286	-87.87636	-102.52242	3.25468	74.85764	-82.18067	34.98781	24.4101	115.54114	44.75185	-34.98781	-77.29865	0
1724	49.63387	-67.53461	-79.73966	-4.06835	69.16195	-68.34828	36.61515	27.66478	109.84545	45.56552	-29.29212	-71.60296	0
1725	43.93818	-43.93818	-56.9569	-5.69569	56.9569	-53.70222	38.24249	30.91946	100.08141	51.26121	-15.45973	-60.21158	0
1726	34.98781	-22.78276	-41.49717	-7.32303	42.31084	-40.6835	40.6835	37.42882	93.57205	61.83892	0.81367	-46.37919	0
1727	24.4101	-7.32303	-29.29212	-13.01872	28.47845	-30.91946	48.00653	46.37919	92.75838	74.04397	16.2734	-35.80148	0
1728	17.08707	-0.81367	-24.4101	-14.64606	20.34175	-25.22377	58.58424	55.32956	99.26774	83.80801	24.4101	-29.29212	0
1729	13.01872	-4.88202	-26.03744	-8.95037	17.90074	-26.03744	67.53461	58.58424	104.14976	87.87636	22.78276	-30.10579	0
1730	8.95037	-19.52808	-31.73313	2.44101	16.2734	-31.73313	69.97562	55.32956	100.89508	82.99434	12.20505	-39.05616	0
1731	7.32303	-34.17414	-34.98781	16.2734	14.64606	-38.24249	64.27993	51.26121	91.94471	74.85764	0	-48.00653	0
1732	6.50936	-42.31084	-34.98781	21.15542	16.2734	-39.86983	53.70222	50.44754	81.367	67.53461	-8.95037	-52.07488	0
1733	5.69569	-43.93818	-32.5468	17.90074	17.08707	-39.05616	43.93818	50.44754	75.67131	64.27993	-10.57771	-50.44754	0
1734	2.44101	-39.86983	-26.03744	13.01872	11.39138	-33.36047	38.24249	48.00653	78.11232	69.16195	-4.88202	-45.56552	0
1735	-2.44101	-31.73313	-14.64606	6.50936	2.44101	-21.15542	37.42882	42.31084	84.62168	78.11232	0	-43.12451	0
1736	-5.69569	-20.34175	-4.06835	0.81367	-3.25468	-7.32303	39.05616	36.61515	91.13104	84.62168	1.62734	-44.75185	0
1737	1.62734	-4.88202	-1.62734	-7.32303	-0.81367	3.25468	42.31084	33.36047	99.26774	88.69003	1.62734	-48.8202	0
1738	17.08707	8.95037	-4.88202	-18.71441	8.1367	7.32303	48.8202	33.36047	109.03178	92.75838	4.88202	-50.44754	0
1739	23.59643	18.71441	-8.95037	-20.34175	13.83239	4.06835	49.63387	34.17414	117.16848	94.38572	8.95037	-49.63387	0
1740	15.45973	21.96909	-9.76404	-11.39138	13.83239	-0.81367	38.24249	34.98781	122.86417	94.38572	14.64606	-44.75185	0
1741	4.06835	20.34175	-8.1367	-1.62734	14.64606	-4.06835	20.34175	30.10579	127.74619	93.57205	17.08707	-39.86983	0
1742	2.44101	18.71441	-10.57771	-2.44101	15.45973	-1.62734	-4.06835	9.76404	126.93252	88.69003	15.45973	-38.24249	0
1743	9.76404	27.66478	-11.39138	-10.57771	17.90074	5.69569	-30.91946	-18.71441	117.16848	82.18067	14.64606	-36.61515	0
1744	17.08707	45.56552	-7.32303	-21.96909	23.59643	19.52808	-52.88855	-41.49717	104.14976	78.11232	18.71441	-32.5468	0
1745	24.4101	65.90727	1.62734	-38.24249	24.4101	35.80148	-63.46626	-52.07488	92.75838	76.48498	23.59643	-27.66478	0
1746	31.73313	83.80801	15.45973	-53.70222	17.08707	50.44754	-67.53461	-54.51589	85.43535	76.48498	26.03744	-22.78276	0
1747	35.80148	91.94471	28.47845	-61.02525	5.69569	58.58424	-65.90727	-49.63387	85.43535	78.11232	28.47845	-15.45973	0
1748	36.61515	82.99434	40.6835	-62.65259	-2.44101	63.46626	-59.39791	-34.98781	91.94471	86.24902	33.36047	-9.76404	0
1749	28.47845	66.72094	52.07488	-57.77057	-13.83239	67.53461	-50.44754	-16.2734	102.52242	97.6404	39.05616	-7.32303	0
1750	14.64606	59.39791	58.58424	-44.75185	-25.22377	65.0936	-40.6835	-2.44101	109.84545	106.59077	43.12451	-8.1367	0
1751	6.50936	56.14323	56.14323	-34.98781	-27.66478	57.77057	-33.36047	1.62734	114.72747	108.21811	41.49717	-11.39138	0
1752	7.32303	54.51589	48.00653	-31.73313	-23.59643	49.63387	-26.03744	0	115.54114	104.14976	36.61515	-17.08707	0
1753	16.2734	58.58424	39.86983	-36.61515	-14.64606	46.37919	-19.52808	-3.25468	113.9138	100.08141	36.61515	-18.71441	0
1754	30.10579	68.34828	35.80148	-48.00653	-5.69569	50.44754	-13.83239	-8.95037	108.21811	97.6404	42.31084	-14.64606	0
1755	41.49717	74.85764	29.29212	-57.77057	4.06835	51.26121	-11.39138	-14.64606	96.82673	94.38572	48.00653	-9.76404	0
1756	45.56552	69.97562	9.76404	-64.27993	21.96909	40.6835	-13.83239	-20.34175	82.99434	91.13104	47.19286	-8.1367	0
1757	43.12451	53.70222	-17.90074	-62.65259	42.31084	21.15542	-22.78276	-25.22377	73.2303	89.5037	41.49717	-13.83239	0
1758	39.86983	26.03744	-44.75185	-48.8202	56.14323	1.62734	-34.17414	-25.22377	66.72094	85.43535	34.98781	-21.96909	0
1759	35.80148	0	-61.83892	-29.29212	59.39791	-16.2734	-40.6835	-17.08707	67.53461	82.18067	32.5468	-26.03744	0
1760	30.10579	-20.34175	-65.90727	-12.20505	53.70222	-30.10579	-41.49717	-6.50936	76.48498	80.55333	32.5468	-26.03744	0
1761	23.59643	-32.5468	-63.46626	0	44.75185	-39.86983	-39.86983	-1.62734	86.24902	78.92599	31.73313	-26.03744	0
1762	19.52808	-37.42882	-60.21158	6.50936	38.24249	-44.75185	-35.80148	-3.25468	91.94471	75.67131	30.10579	-26.03744	0
1763	17.08707	-38.24249	-56.9569	9.76404	34.17414	-47.19286	-26.85111	-8.95037	91.13104	70.78929	28.47845	-28.47845	0
1764	17.08707	-45.56552	-62.65259	11.39138	36.61515	-54.51589	-14.64606	-15.45973	87.06269	62.65259	25.22377	-33.36047	0
1765	18.71441	-62.65259	-78.92599	12.20505	44.75185	-71.60296	-2.44101	-20.34175	82.18067	51.26121	16.2734	-43.12451	0
1766	22.78276	-80.55333	-98.45407	14.64606	56.9569	-88.69003	6.50936	-24.4101	78.11232	37.42882	6.50936	-55.32956	0
1767	33.36047	-91.13104	-116.35481	15.45973	71.60296	-101.70875	13.01872	-22.78276	74.85764	24.4101	0	-66.72094	0
1768	45.56552	-94.38572	-132.62821	14.64606	85.43535	-111.47279	15.45973	-14.64606	74.04397	13.83239	-10.57771	-78.11232	0
1769	43.12451	-95.19939	-139.95124	23.59643	88.69003	-119.60949	16.2734	-6.50936	70.78929	5.69569	-21.15542	-87.06269	0
1770	15.45973	-93.57205	-126.11885	43.93818	68.34828	-119.60949	16.2734	-0.81367	64.27993	3.25468	-27.66478	-91.13104	0
1771	-21.15542	-91.13104	-94.38572	58.58424	33.36047	-113.10013	15.45973	0	56.14323	6.50936	-27.66478	-88.69003	0
1772	-45.56552	-87.87636	-64.27993	65.0936	5.69569	-109.03178	11.39138	-3.25468	51.26121	11.39138	-24.4101	-80.55333	0
1773	-50.44754	-87.87636	-52.88855	65.90727	-1.62734	-105.7771	3.25468	-10.57771	48.8202	11.39138	-24.4101	-76.48498	0
1774	-44.75185	-98.45407	-61.02525	64.27993	4.88202	-106.59077	-6.50936	-21.15542	48.00653	4.06835	-32.5468	-82.18067	0
1775	-39.86983	-116.35481	-78.11232	61.83892	15.45973	-113.10013	-13.83239	-32.5468	48.8202	-4.88202	-42.31084	-90.31737	0
1776	-33.36047	-126.93252	-91.13104	60.21158	25.22377	-115.54114	-8.95037	-35.80148	48.8202	-8.95037	-45.56552	-92.75838	0
1777	-24.4101	-125.30518	-96.82673	58.58424	32.5468	-112.28646	4.06835	-30.10579	48.00653	-7.32303	-42.31084	-90.31737	0
1778	-13.01872	-121.23683	-99.26774	56.9569	38.24249	-109.84545	13.01872	-23.59643	48.8202	-1.62734	-39.86983	-90.31737	0
1779	3.25468	-124.49151	-106.59077	56.9569	44.75185	-112.28646	15.45973	-20.34175	49.63387	1.62734	-43.93818	-97.6404	0
1780	16.2734	-133.44188	-117.98215	61.02525	52.88855	-121.23683	15.45973	-14.64606	50.44754	0	-51.26121	-108.21811	0
1781	20.34175	-145.64693	-131.00087	64.27993	61.02525	-131.81454	16.2734	-10.57771	50.44754	-6.50936	-54.51589	-112.28646	0
1782	18.71441	-156.22464	-137.51023	64.27993	66.72094	-136.69656	20.34175	-8.1367	51.26121	-13.01872	-50.44754	-107.40444	0
1783	6.50936	-161.10666	-135.88289	62.65259	63.46626	-136.69656	26.03744	-8.1367	54.51589	-17.08707	-43.12451	-97.6404	0
1784	-5.69569	-158.66565	-130.1872	61.02525	56.9569	-135.06922	30.10579	-8.95037	56.9569	-15.45973	-34.17414	-86.24902	0
1785	-1.62734	-148.08794	-129.37353	62.65259	59.39791	-131.00087	30.10579	-10.57771	56.14323	-10.57771	-26.03744	-78.11232	0
1786	9.76404	-138.3239	-133.44188	69.97562	68.34828	-128.55986	27.66478	-15.45973	52.07488	-4.88202	-20.34175	-76.48498	0
1787	11.39138	-134.25555	-132.62821	76.48498	69.16195	-126.93252	21.96909	-24.4101	48.00653	1.62734	-15.45973	-82.18067	0
1788	0.81367	-133.44188	-125.30518	81.367	61.02525	-126.11885	15.45973	-34.17414	44.75185	5.69569	-16.2734	-90.31737	0
1789	-10.57771	-132.62821	-117.16848	83.80801	50.44754	-123.67784	12.20505	-35.80148	45.56552	8.1367	-19.52808	-94.38572	0
1790	-14.64606	-133.44188	-115.54114	82.18067	47.19286	-123.67784	14.64606	-27.66478	52.88855	13.01872	-19.52808	-92.75838	0
1791	-11.39138	-135.88289	-119.60949	80.55333	51.26121	-126.11885	19.52808	-18.71441	59.39791	17.90074	-16.2734	-88.69003	0
1792	-8.1367	-136.69656	-122.86417	78.11232	56.9569	-127.74619	25.22377	-11.39138	63.46626	21.15542	-13.01872	-83.80801	0
1793	-17.90074	-142.39225	-120.42316	76.48498	57.77057	-130.1872	30.91946	-11.39138	61.83892	18.71441	-13.83239	-83.80801	0
1794	-38.24249	-158.66565	-117.16848	78.92599	48.8202	-136.69656	34.17414	-21.15542	49.63387	8.95037	-21.96909	-88.69003	0
1795	-50.44754	-173.31171	-120.42316	84.62168	42.31084	-143.20592	30.91946	-37.42882	25.22377	-6.50936	-34.98781	-96.01306	0
1796	-46.37919	-179.0074	-130.1872	89.5037	43.12451	-144.83326	20.34175	-61.83892	-13.01872	-29.29212	-45.56552	-97.6404	0
1797	-37.42882	-175.75272	-135.88289	91.13104	43.12451	-144.83326	2.44101	-101.70875	-68.34828	-56.9569	-52.88855	-91.94471	0
1798	-28.47845	-157.03831	-130.1872	82.99434	42.31084	-135.88289	-22.78276	-167.61602	-143.20592	-87.06269	-61.83892	-84.62168	0
1799	-17.90074	-119.60949	-111.47279	61.02525	42.31084	-111.47279	-53.70222	-264.44275	-241.65999	-122.86417	-71.60296	-76.48498	0
1800	-4.88202	-71.60296	-80.55333	31.73313	36.61515	-74.04397	-84.62168	-382.4249	-365.33783	-162.734	-74.04397	-60.21158	0
1801	5.69569	-14.64606	-31.73313	0	18.71441	-23.59643	-109.84545	-501.22072	-504.4754	-195.2808	-56.9569	-23.59643	0
1802	13.01872	54.51589	34.17414	-37.42882	-10.57771	43.12451	-132.62821	-606.18415	-646.05398	-218.06356	-16.2734	34.98781	0
1803	19.52808	138.3239	113.9138	-80.55333	-48.00653	125.30518	-158.66565	-700.56987	-781.1232	-230.26861	40.6835	106.59077	0
1804	27.66478	231.08228	201.79016	-129.37353	-88.69003	215.62255	-193.65346	-797.3966	-903.98737	-235.15063	107.40444	183.07575	0
1805	34.98781	330.35002	296.17588	-182.26208	-133.44188	313.26295	-242.47366	-917.00609	-1022.78319	-236.77797	180.63474	259.56073	0
1806	43.93818	443.45015	401.95298	-243.28733	-182.26208	423.1084	-305.12625	-1072.41706	-1152.97039	-236.77797	258.74706	339.30039	0
1807	60.21158	576.07836	519.12146	-317.3313	-232.70962	547.59991	-375.91554	-1263.62951	-1306.75402	-233.52329	337.67305	419.85372	0
1808	79.73966	722.53896	644.42664	-400.32564	-284.7845	682.66913	-462.16456	-1479.25206	-1486.57509	-231.89595	413.34436	497.15237	0
1809	96.82673	851.91249	755.89943	-480.87897	-331.16369	802.27862	-568.75533	-1695.68828	-1657.44579	-225.38659	474.36961	569.569	0
1810	107.40444	939.78885	830.75707	-545.97257	-362.89682	884.45929	-685.92381	-1883.64605	-1784.37831	-205.04484	510.98476	632.22159	0
1811	113.10013	984.5407	869.81323	-579.33304	-379.98389	926.77013	-786.81889	-2011.39224	-1864.11797	-183.07575	529.69917	668.83674	0
1812	113.10013	956.06225	848.65781	-557.36395	-372.66086	901.54636	-851.09882	-2058.5851	-1879.5777	-170.8707	515.86678	659.0727	0
1813	109.03178	817.73835	729.86199	-469.48759	-323.84066	773.80017	-873.06791	-2013.83325	-1806.3474	-170.8707	448.33217	591.53809	0
1814	101.70875	591.53809	519.93513	-339.30039	-227.01393	554.92294	-855.98084	-1887.7144	-1663.95515	-193.65346	323.84066	475.99695	0
1815	96.01306	321.39965	251.42403	-197.72181	-93.57205	286.41184	-814.48367	-1703.01131	-1510.98519	-264.44275	148.90161	329.53635	0
1816	91.13104	49.63387	-22.78276	-61.02525	44.75185	13.83239	-770.54549	-1498.78014	-1400.32607	-401.95298	-57.77057	174.12538	0
1817	71.60296	-192.02612	-253.86504	65.90727	155.41097	-222.94558	-737.99869	-1309.19503	-1343.36917	-593.9791	-262.00174	33.36047	0
1818	29.29212	-393.00261	-414.15803	184.70309	219.6909	-406.835	-717.65694	-1148.08837	-1320.58641	-798.21027	-428.80409	-70.78929	0
1819	-20.34175	-545.1589	-510.98476	284.7845	248.98302	-536.20853	-698.94253	-1013.01915	-1301.05833	-964.19895	-540.27688	-138.3239	0
1820	-56.14323	-637.10361	-563.87331	347.43709	259.56073	-610.2525	-666.39573	-884.45929	-1249.79712	-1053.70265	-592.35176	-179.0074	0
1821	-67.53461	-665.58206	-584.21506	366.1515	262.81541	-633.03526	-606.99782	-742.06704	-1144.02002	-1052.88898	-587.46974	-196.90814	0
1822	-59.39791	-646.86765	-578.51937	351.50544	261.18807	-617.57553	-523.18981	-584.21506	-989.42272	-977.21767	-541.09055	-195.2808	0
1823	-43.93818	-602.1158	-554.92294	321.39965	254.67871	-584.21506	-428.80409	-424.73574	-812.04266	-859.23552	-474.36961	-184.70309	0
1824	-26.03744	-550.85459	-523.18981	288.03918	245.72834	-547.59991	-339.30039	-286.41184	-640.35829	-729.04832	-403.58032	-172.49804	0
1825	-10.57771	-506.91641	-491.45668	258.74706	235.9643	-514.23944	-266.88376	-187.1441	-497.96604	-610.2525	-340.92773	-161.92033	0
1826	0	-476.81062	-462.16456	238.40531	224.57292	-486.57466	-216.43622	-125.30518	-388.93426	-510.98476	-293.73487	-158.66565	0
1827	2.44101	-454.84153	-438.56813	227.01393	213.99521	-462.16456	-181.44841	-89.5037	-305.93992	-428.80409	-258.74706	-160.29299	0
1828	-0.81367	-433.68611	-416.59904	222.94558	201.79016	-437.75446	-152.15629	-69.97562	-236.77797	-356.38746	-227.01393	-160.29299	0
1829	-7.32303	-413.34436	-387.30692	222.13191	181.44841	-407.64867	-122.86417	-56.14323	-173.31171	-291.29386	-194.46713	-155.41097	0
1830	-7.32303	-386.49325	-350.69177	215.62255	156.22464	-371.84719	-91.13104	-35.80148	-107.40444	-230.26861	-158.66565	-144.01959	0
1831	-0.81367	-345.80975	-311.63561	192.83979	136.69656	-329.53635	-57.77057	-1.62734	-39.86983	-170.8707	-120.42316	-126.11885	0
1832	6.50936	-292.10753	-273.39312	156.22464	123.67784	-282.34349	-24.4101	38.24249	21.96909	-117.98215	-87.87636	-108.21811	0
1833	12.20505	-237.59164	-233.52329	121.23683	110.65912	-235.15063	5.69569	77.29865	74.85764	-78.11232	-64.27993	-95.19939	0
1834	16.2734	-192.02612	-196.09447	93.57205	96.01306	-193.65346	36.61515	109.03178	115.54114	-50.44754	-48.00653	-83.80801	0
1835	17.90074	-157.03831	-165.17501	74.04397	82.18067	-160.29299	65.0936	133.44188	144.83326	-29.29212	-30.91946	-74.85764	0
1836	10.57771	-139.95124	-144.01959	67.53461	66.72094	-136.69656	86.24902	151.34262	164.36134	-12.20505	-13.83239	-69.16195	0
1837	-7.32303	-145.64693	-134.25555	78.11232	52.88855	-123.67784	98.45407	165.98868	179.82107	0.81367	-3.25468	-69.16195	0
1838	-30.10579	-161.10666	-127.74619	96.01306	45.56552	-119.60949	102.52242	180.63474	195.2808	15.45973	2.44101	-70.78929	0
1839	-48.8202	-171.68437	-122.0505	111.47279	47.19286	-123.67784	103.33609	196.09447	209.92686	29.29212	8.1367	-71.60296	0
1840	-59.39791	-174.12538	-122.0505	113.10013	56.9569	-131.81454	102.52242	209.11319	222.94558	38.24249	10.57771	-72.41663	0
1841	-61.83892	-156.22464	-126.11885	101.70875	69.16195	-132.62821	102.52242	218.06356	232.70962	39.86983	7.32303	-74.85764	0
1842	-59.39791	-125.30518	-123.67784	91.13104	74.85764	-123.67784	102.52242	219.6909	235.9643	36.61515	0	-79.73966	0
1843	-56.14323	-104.96343	-111.47279	87.87636	68.34828	-116.35481	104.96343	209.92686	229.45494	31.73313	-7.32303	-83.80801	0
1844	-52.88855	-101.70875	-95.19939	86.24902	56.14323	-109.84545	106.59077	193.65346	218.06356	30.10579	-8.1367	-82.99434	0
1845	-51.26121	-104.14976	-82.99434	86.24902	41.49717	-104.14976	108.21811	179.0074	208.29952	32.5468	-2.44101	-77.29865	0
1846	-48.00653	-105.7771	-77.29865	85.43535	29.29212	-101.70875	111.47279	170.05703	202.60383	40.6835	5.69569	-66.72094	0
1847	-37.42882	-104.96343	-80.55333	78.92599	26.85111	-102.52242	117.16848	167.61602	202.60383	50.44754	14.64606	-53.70222	0
1848	-18.71441	-100.08141	-91.94471	62.65259	38.24249	-103.33609	120.42316	176.56639	210.74053	60.21158	22.78276	-45.56552	0
1849	2.44101	-90.31737	-103.33609	38.24249	56.14323	-99.26774	122.86417	191.21245	224.57292	70.78929	31.73313	-41.49717	0
1850	22.78276	-84.62168	-108.21811	14.64606	69.97562	-90.31737	125.30518	202.60383	235.9643	78.11232	40.6835	-39.86983	0
1851	30.91946	-86.24902	-111.47279	8.95037	72.41663	-87.06269	126.93252	206.67218	241.65999	77.29865	43.12451	-40.6835	0
1852	21.96909	-94.38572	-115.54114	21.15542	64.27993	-91.94471	126.11885	204.23117	237.59164	69.16195	40.6835	-43.93818	0
1853	6.50936	-107.40444	-117.16848	39.86983	55.32956	-100.89508	121.23683	197.72181	224.57292	58.58424	34.17414	-50.44754	0
1854	-8.1367	-117.16848	-112.28646	57.77057	45.56552	-108.21811	114.72747	190.39878	211.5542	48.8202	26.03744	-58.58424	0
1855	-24.4101	-122.86417	-99.26774	72.41663	31.73313	-108.21811	108.21811	186.33043	206.67218	44.75185	20.34175	-66.72094	0
1856	-28.47845	-115.54114	-87.06269	72.41663	24.4101	-100.08141	105.7771	187.95777	215.62255	50.44754	18.71441	-66.72094	0
1857	-14.64606	-96.01306	-79.73966	56.14323	27.66478	-88.69003	108.21811	195.2808	231.89595	63.46626	21.96909	-60.21158	0
1858	3.25468	-75.67131	-78.11232	37.42882	34.17414	-78.92599	112.28646	203.4175	248.16935	80.55333	29.29212	-52.88855	0
1859	18.71441	-63.46626	-81.367	23.59643	42.31084	-74.85764	117.98215	207.48585	260.3744	95.19939	34.98781	-50.44754	0
1860	30.91946	-60.21158	-92.75838	16.2734	54.51589	-78.11232	120.42316	207.48585	261.18807	98.45407	33.36047	-57.77057	0
1861	37.42882	-67.53461	-111.47279	18.71441	68.34828	-87.87636	117.16848	204.23117	251.42403	88.69003	24.4101	-70.78929	0
1862	36.61515	-81.367	-126.93252	25.22377	77.29865	-99.26774	109.84545	199.34915	240.03265	75.67131	14.64606	-83.80801	0
1863	27.66478	-91.13104	-126.93252	34.17414	77.29865	-104.96343	102.52242	199.34915	231.08228	67.53461	12.20505	-91.94471	0
1864	9.76404	-94.38572	-112.28646	43.12451	67.53461	-100.08141	99.26774	209.11319	227.01393	68.34828	17.90074	-87.87636	0
1865	-4.06835	-84.62168	-89.5037	45.56552	50.44754	-86.24902	105.7771	223.75925	232.70962	78.11232	31.73313	-72.41663	0
1866	-10.57771	-67.53461	-67.53461	39.05616	32.5468	-65.90727	120.42316	236.77797	247.35568	93.57205	50.44754	-52.07488	0
1867	-8.95037	-51.26121	-48.8202	29.29212	21.15542	-47.19286	137.51023	247.35568	264.44275	109.03178	65.90727	-34.98781	0
1868	-4.06835	-39.05616	-38.24249	21.96909	15.45973	-35.80148	151.34262	252.2377	279.90248	121.23683	75.67131	-26.03744	0
1869	0	-33.36047	-39.05616	18.71441	17.08707	-35.80148	159.47932	252.2377	289.66652	128.55986	78.11232	-24.4101	0
1870	4.06835	-33.36047	-48.8202	21.15542	23.59643	-46.37919	158.66565	248.98302	292.10753	130.1872	73.2303	-30.91946	0
1871	4.88202	-43.93818	-64.27993	24.4101	30.91946	-61.83892	152.96996	249.79669	292.10753	125.30518	63.46626	-40.6835	0
1872	2.44101	-62.65259	-78.11232	27.66478	36.61515	-77.29865	146.4606	255.49238	292.9212	117.16848	50.44754	-51.26121	0
1873	-2.44101	-73.2303	-84.62168	30.10579	37.42882	-82.18067	137.51023	261.18807	296.17588	110.65912	43.12451	-56.14323	0
1874	-4.88202	-68.34828	-83.80801	27.66478	36.61515	-71.60296	125.30518	264.44275	300.24423	107.40444	43.12451	-55.32956	0
1875	-1.62734	-53.70222	-74.04397	20.34175	33.36047	-53.70222	114.72747	266.88376	304.31258	105.7771	48.8202	-50.44754	0
1876	0.81367	-36.61515	-54.51589	12.20505	26.85111	-34.98781	111.47279	268.5111	307.56726	105.7771	56.14323	-45.56552	0
1877	0.81367	-24.4101	-34.98781	7.32303	17.90074	-21.96909	114.72747	271.76578	310.82194	105.7771	58.58424	-43.93818	0
1878	-2.44101	-21.96909	-21.96909	8.1367	9.76404	-18.71441	123.67784	279.90248	313.26295	108.21811	59.39791	-44.75185	0
1879	-8.95037	-21.96909	-12.20505	12.20505	0.81367	-16.2734	138.3239	292.10753	314.89029	114.72747	64.27993	-43.12451	0
1880	-17.90074	-19.52808	0	16.2734	-5.69569	-9.76404	156.22464	304.31258	315.70396	124.49151	72.41663	-36.61515	0
1881	-30.10579	-17.90074	13.83239	22.78276	-8.1367	-4.06835	166.80235	311.63561	313.26295	131.81454	79.73966	-30.91946	0
1882	-34.17414	-18.71441	20.34175	22.78276	-8.1367	-1.62734	165.98868	314.07662	308.38093	132.62821	83.80801	-28.47845	0
1883	-26.03744	-15.45973	15.45973	11.39138	-2.44101	0	156.22464	314.89029	302.68524	126.93252	83.80801	-28.47845	0
1884	-17.90074	-6.50936	6.50936	-4.06835	4.88202	1.62734	148.90161	316.51763	297.80322	118.79582	82.99434	-25.22377	0
1885	-9.76404	4.88202	2.44101	-15.45973	8.95037	4.06835	144.83326	318.14497	296.98955	116.35481	80.55333	-21.15542	0
1886	-0.81367	16.2734	5.69569	-21.96909	5.69569	5.69569	142.39225	320.58598	296.98955	119.60949	76.48498	-20.34175	0
1887	1.62734	22.78276	12.20505	-21.96909	-2.44101	8.1367	140.76491	325.468	301.0579	125.30518	74.04397	-21.15542	0
1888	1.62734	25.22377	18.71441	-18.71441	-13.83239	13.01872	140.76491	335.23204	311.63561	131.81454	76.48498	-20.34175	0
1889	4.06835	26.03744	25.22377	-17.90074	-20.34175	21.15542	140.76491	352.31911	327.90901	138.3239	85.43535	-17.08707	0
1890	13.01872	30.10579	30.10579	-22.78276	-18.71441	32.5468	142.39225	371.03352	345.80975	139.13757	93.57205	-11.39138	0
1891	26.03744	37.42882	30.10579	-25.22377	-11.39138	40.6835	144.83326	384.05224	356.38746	134.25555	96.82673	-7.32303	0
1892	35.80148	43.12451	28.47845	-25.22377	-0.81367	43.93818	147.27427	388.93426	356.38746	126.11885	97.6404	-4.88202	0
1893	39.86983	44.75185	31.73313	-24.4101	5.69569	44.75185	150.52895	389.74793	347.43709	117.98215	96.01306	-4.06835	0
1894	38.24249	47.19286	40.6835	-24.4101	6.50936	45.56552	155.41097	388.93426	336.04571	112.28646	95.19939	-4.06835	0
1895	30.91946	56.14323	56.14323	-29.29212	2.44101	50.44754	161.92033	387.30692	327.90901	108.21811	94.38572	-2.44101	0
1896	21.96909	77.29865	73.2303	-39.86983	-5.69569	65.90727	166.80235	387.30692	324.65433	108.21811	96.01306	1.62734	0
1897	13.83239	104.96343	93.57205	-55.32956	-21.15542	90.31737	169.24336	391.37527	323.84066	111.47279	100.89508	8.1367	0
1898	10.57771	126.11885	112.28646	-73.2303	-38.24249	112.28646	167.61602	397.07096	324.65433	116.35481	108.21811	15.45973	0
1899	17.08707	143.20592	121.23683	-89.5037	-45.56552	127.74619	162.734	401.95298	321.39965	119.60949	115.54114	24.4101	0
1900	27.66478	155.41097	123.67784	-101.70875	-47.19286	137.51023	152.96996	405.20766	310.00827	117.98215	122.0505	31.73313	0
1901	34.17414	162.734	126.11885	-108.21811	-48.8202	143.20592	139.13757	405.20766	291.29386	111.47279	125.30518	34.17414	0
1902	37.42882	168.42969	127.74619	-112.28646	-50.44754	148.90161	131.00087	403.58032	274.20679	104.14976	125.30518	34.17414	0
1903	39.05616	176.56639	130.1872	-114.72747	-52.88855	156.22464	131.00087	400.32564	262.81541	96.82673	125.30518	35.80148	0
1904	37.42882	183.07575	139.13757	-113.9138	-57.77057	163.54767	134.25555	397.07096	253.05137	88.69003	127.74619	39.86983	0
1905	27.66478	184.70309	157.03831	-108.21811	-65.90727	170.8707	138.3239	396.25729	244.91467	82.99434	135.88289	44.75185	0
1906	17.08707	191.21245	179.0074	-99.26774	-76.48498	183.07575	141.57858	397.07096	239.21898	82.99434	151.34262	51.26121	0
1907	11.39138	214.80888	201.79016	-91.13104	-85.43535	205.04484	144.83326	401.95298	238.40531	92.75838	166.80235	61.83892	0
1908	0.81367	244.101	227.01393	-91.94471	-96.82673	231.89595	148.08794	410.90335	237.59164	105.7771	175.75272	74.04397	0
1909	-13.83239	264.44275	248.98302	-104.14976	-114.72747	252.2377	146.4606	414.15803	235.15063	111.47279	175.75272	79.73966	0
1910	-21.15542	279.90248	265.25642	-119.60949	-132.62821	263.62908	139.13757	410.08968	229.45494	104.96343	170.05703	81.367	0
1911	-14.64606	293.73487	275.02046	-134.25555	-142.39225	273.39312	131.81454	401.13931	219.6909	91.13104	163.54767	79.73966	0
1912	-1.62734	300.24423	278.27514	-148.08794	-143.20592	279.90248	125.30518	390.5616	200.16282	76.48498	157.03831	74.85764	0
1913	9.76404	305.12625	281.52982	-158.66565	-140.76491	286.41184	116.35481	378.35655	172.49804	61.83892	148.08794	70.78929	0
1914	14.64606	310.82194	290.48019	-164.36134	-142.39225	296.17588	105.7771	360.45581	142.39225	48.00653	137.51023	69.97562	0
1915	8.95037	314.07662	305.93992	-163.54767	-151.34262	307.56726	97.6404	340.92773	116.35481	36.61515	134.25555	71.60296	0
1916	2.44101	318.14497	324.65433	-161.92033	-160.29299	318.14497	92.75838	324.65433	101.70875	30.91946	139.95124	78.11232	0
1917	8.1367	331.97736	342.55507	-170.8707	-160.29299	329.53635	91.94471	313.26295	96.01306	30.91946	148.08794	90.31737	0
1918	24.4101	352.31911	351.50544	-187.1441	-157.03831	343.36874	94.38572	307.56726	95.19939	34.98781	154.5973	102.52242	0
1919	43.12451	370.21985	349.8781	-202.60383	-151.34262	351.50544	96.82673	310.82194	91.94471	35.80148	159.47932	109.84545	0
1920	59.39791	381.61123	338.48672	-215.62255	-142.39225	352.31911	96.82673	315.70396	83.80801	30.10579	161.10666	113.10013	0
1921	71.60296	385.67958	321.39965	-226.20026	-131.00087	347.43709	93.57205	313.26295	67.53461	17.90074	161.10666	112.28646	0
1922	74.85764	382.4249	309.1946	-228.64127	-122.86417	342.55507	84.62168	299.43056	41.49717	2.44101	161.10666	109.84545	0
1923	61.83892	375.10187	311.63561	-219.6909	-129.37353	340.92773	73.2303	275.83413	7.32303	-15.45973	159.47932	109.84545	0
1924	36.61515	367.77884	331.16369	-205.04484	-150.52895	349.06443	59.39791	249.79669	-26.85111	-33.36047	157.85198	113.10013	0
1925	13.83239	367.77884	360.45581	-196.90814	-175.75272	368.59251	50.44754	227.01393	-52.07488	-41.49717	160.29299	120.42316	0
1926	-1.62734	374.2882	389.74793	-195.2808	-197.72181	388.93426	45.56552	209.11319	-65.90727	-43.12451	167.61602	129.37353	0
1927	-3.25468	379.98389	407.64867	-204.23117	-206.67218	405.20766	42.31084	196.90814	-72.41663	-43.93818	176.56639	137.51023	0
1928	11.39138	384.05224	408.46234	-220.50457	-199.34915	413.34436	38.24249	190.39878	-76.48498	-45.56552	181.44841	143.20592	0
1929	20.34175	386.49325	404.39399	-225.38659	-192.83979	412.53069	34.17414	181.44841	-85.43535	-52.88855	177.38006	148.08794	0
1930	13.83239	384.05224	398.6983	-214.80888	-194.46713	404.39399	29.29212	157.03831	-104.14976	-65.0936	165.98868	146.4606	0
1931	4.88202	379.17022	391.37527	-200.97649	-196.09447	392.18894	18.71441	113.10013	-130.1872	-81.367	152.15629	140.76491	0
1932	-0.81367	375.91554	384.05224	-192.02612	-196.09447	382.4249	3.25468	65.90727	-158.66565	-97.6404	138.3239	135.06922	0
1933	-5.69569	375.91554	382.4249	-186.33043	-197.72181	378.35655	-15.45973	29.29212	-192.83979	-115.54114	124.49151	128.55986	0
1934	-11.39138	379.98389	389.74793	-184.70309	-203.4175	382.4249	-34.17414	6.50936	-231.08228	-132.62821	112.28646	121.23683	0
1935	-15.45973	388.12059	401.13931	-185.51676	-210.74053	392.18894	-46.37919	-5.69569	-267.69743	-144.83326	105.7771	117.98215	0
1936	-16.2734	395.44362	409.27601	-189.58511	-214.80888	401.13931	-52.07488	-17.90074	-292.10753	-151.34262	104.14976	117.98215	0
1937	-13.83239	398.6983	411.71702	-192.02612	-213.99521	404.39399	-52.88855	-34.17414	-297.80322	-152.96996	101.70875	117.98215	0
1938	-8.95037	394.62995	404.39399	-192.02612	-207.48585	397.88463	-52.07488	-53.70222	-290.48019	-152.15629	95.19939	113.10013	0
1939	-4.88202	379.98389	387.30692	-186.33043	-196.90814	384.05224	-52.88855	-72.41663	-279.90248	-151.34262	82.18067	104.96343	0
1940	-8.1367	353.94645	364.52416	-172.49804	-185.51676	365.33783	-57.77057	-83.80801	-272.57945	-153.78363	65.0936	92.75838	0
1941	-21.15542	323.02699	345.80975	-151.34262	-177.38006	343.36874	-65.0936	-88.69003	-272.57945	-157.03831	48.00653	76.48498	0
1942	-34.17414	298.61689	333.6047	-135.06922	-174.93905	323.02699	-71.60296	-91.94471	-277.46147	-156.22464	37.42882	64.27993	0
1943	-34.17414	280.71615	315.70396	-126.93252	-168.42969	301.87157	-72.41663	-94.38572	-285.59817	-151.34262	31.73313	60.21158	0
1944	-21.96909	267.69743	289.66652	-126.11885	-152.15629	279.90248	-65.90727	-98.45407	-291.29386	-147.27427	28.47845	61.83892	0
1945	-5.69569	259.56073	267.69743	-127.74619	-136.69656	263.62908	-56.14323	-103.33609	-292.9212	-145.64693	21.96909	61.83892	0
1946	0.81367	248.16935	254.67871	-122.86417	-131.00087	251.42403	-47.19286	-109.84545	-291.29386	-145.64693	12.20505	56.9569	0
1947	-1.62734	229.45494	239.21898	-110.65912	-126.11885	233.52329	-39.86983	-116.35481	-287.22551	-142.39225	0.81367	49.63387	0
1948	-11.39138	200.16282	218.87723	-92.75838	-116.35481	206.67218	-32.5468	-124.49151	-283.97083	-139.95124	-10.57771	42.31084	0
1949	-19.52808	165.98868	194.46713	-73.2303	-102.52242	174.12538	-27.66478	-134.25555	-279.08881	-137.51023	-19.52808	31.73313	0
1950	-22.78276	135.06922	168.42969	-56.9569	-89.5037	144.01959	-23.59643	-137.51023	-267.69743	-131.81454	-25.22377	20.34175	0
1951	-26.85111	113.10013	144.01959	-43.93818	-85.43535	125.30518	-17.90074	-131.81454	-244.91467	-118.79582	-24.4101	10.57771	0
1952	-36.61515	101.70875	126.93252	-34.17414	-89.5037	117.98215	-13.01872	-125.30518	-215.62255	-101.70875	-16.2734	1.62734	0
1953	-47.19286	91.94471	119.60949	-24.4101	-96.01306	113.9138	-13.83239	-117.98215	-192.02612	-91.13104	-9.76404	-1.62734	0
1954	-57.77057	78.92599	118.79582	-11.39138	-100.08141	106.59077	-20.34175	-107.40444	-174.12538	-84.62168	-11.39138	-4.06835	0
1955	-64.27993	65.0936	117.16848	-1.62734	-99.26774	96.82673	-26.03744	-96.82673	-156.22464	-75.67131	-17.08707	-6.50936	0
1956	-57.77057	56.9569	111.47279	-1.62734	-89.5037	88.69003	-29.29212	-86.24902	-131.81454	-65.0936	-23.59643	-7.32303	0
1957	-43.12451	53.70222	101.70875	-11.39138	-74.04397	83.80801	-29.29212	-75.67131	-104.14976	-52.88855	-26.85111	-8.95037	0
1958	-29.29212	53.70222	91.13104	-21.15542	-58.58424	78.11232	-24.4101	-65.0936	-80.55333	-41.49717	-26.03744	-12.20505	0
1959	-19.52808	49.63387	78.11232	-23.59643	-44.75185	69.97562	-17.08707	-56.14323	-65.90727	-34.98781	-25.22377	-17.90074	0
1960	-11.39138	38.24249	61.02525	-18.71441	-31.73313	59.39791	-9.76404	-47.19286	-57.77057	-30.91946	-25.22377	-23.59643	0
1961	-3.25468	21.96909	43.12451	-10.57771	-19.52808	42.31084	-4.88202	-35.80148	-48.8202	-23.59643	-26.85111	-28.47845	0
1962	4.88202	6.50936	27.66478	-2.44101	-9.76404	22.78276	-0.81367	-22.78276	-38.24249	-13.01872	-30.10579	-33.36047	0
1963	10.57771	-1.62734	18.71441	3.25468	-6.50936	8.95037	1.62734	-17.08707	-32.5468	-6.50936	-31.73313	-34.98781	0
1964	10.57771	-4.06835	17.08707	8.1367	-12.20505	5.69569	4.06835	-17.90074	-32.5468	-2.44101	-26.85111	-31.73313	0
1965	3.25468	-1.62734	19.52808	12.20505	-19.52808	6.50936	4.06835	-21.96909	-34.17414	0.81367	-21.96909	-29.29212	0
1966	-2.44101	0	14.64606	13.01872	-18.71441	3.25468	1.62734	-28.47845	-31.73313	9.76404	-17.08707	-33.36047	0
1967	-1.62734	0	2.44101	9.76404	-8.1367	-3.25468	0.81367	-31.73313	-20.34175	20.34175	-9.76404	-41.49717	0
1968	1.62734	-2.44101	-8.1367	5.69569	1.62734	-11.39138	2.44101	-28.47845	-1.62734	27.66478	-1.62734	-47.19286	0
1969	-0.81367	-8.95037	-17.08707	11.39138	5.69569	-18.71441	0.81367	-25.22377	10.57771	26.03744	-3.25468	-49.63387	0
1970	-14.64606	-17.90074	-27.66478	28.47845	4.06835	-27.66478	-8.95037	-25.22377	14.64606	16.2734	-11.39138	-55.32956	0
1971	-26.03744	-27.66478	-36.61515	43.12451	1.62734	-38.24249	-22.78276	-27.66478	16.2734	6.50936	-25.22377	-64.27993	0
1972	-29.29212	-38.24249	-40.6835	48.00653	1.62734	-44.75185	-34.17414	-31.73313	16.2734	0	-38.24249	-71.60296	0
1973	-27.66478	-43.93818	-38.24249	44.75185	1.62734	-45.56552	-39.86983	-34.17414	15.45973	-3.25468	-43.93818	-72.41663	0
1974	-25.22377	-41.49717	-32.5468	34.98781	3.25468	-39.86983	-37.42882	-33.36047	18.71441	-1.62734	-41.49717	-66.72094	0
1975	-26.03744	-33.36047	-28.47845	21.96909	7.32303	-32.5468	-27.66478	-25.22377	27.66478	5.69569	-34.98781	-56.9569	0
1976	-25.22377	-26.85111	-26.03744	13.01872	6.50936	-25.22377	-12.20505	-12.20505	40.6835	18.71441	-28.47845	-48.00653	0
1977	-20.34175	-21.96909	-27.66478	8.95037	4.06835	-21.96909	4.88202	3.25468	55.32956	32.5468	-26.03744	-43.12451	0
1978	-18.71441	-21.15542	-34.17414	4.88202	8.95037	-24.4101	20.34175	17.90074	67.53461	42.31084	-22.78276	-43.12451	0
1979	-20.34175	-23.59643	-38.24249	2.44101	16.2734	-27.66478	30.10579	28.47845	73.2303	44.75185	-20.34175	-47.19286	0
1980	-19.52808	-28.47845	-35.80148	1.62734	17.08707	-26.85111	32.5468	36.61515	77.29865	42.31084	-18.71441	-49.63387	0
1981	-16.2734	-34.98781	-29.29212	8.95037	9.76404	-26.85111	31.73313	39.05616	82.18067	36.61515	-16.2734	-49.63387	0
1982	-17.08707	-43.12451	-20.34175	23.59643	-0.81367	-28.47845	30.10579	33.36047	84.62168	29.29212	-12.20505	-47.19286	0
1983	-21.15542	-51.26121	-15.45973	36.61515	-9.76404	-31.73313	26.85111	21.15542	82.99434	26.03744	-9.76404	-46.37919	0
1984	-26.03744	-61.83892	-20.34175	43.93818	-10.57771	-41.49717	21.15542	8.1367	74.85764	25.22377	-11.39138	-49.63387	0
1985	-32.5468	-81.367	-38.24249	45.56552	-3.25468	-60.21158	11.39138	0	63.46626	22.78276	-16.2734	-54.51589	0
1986	-36.61515	-105.7771	-57.77057	44.75185	8.1367	-84.62168	1.62734	-2.44101	56.9569	19.52808	-21.96909	-56.14323	0
1987	-29.29212	-120.42316	-73.2303	43.93818	21.96909	-104.96343	-2.44101	-1.62734	53.70222	17.08707	-25.22377	-51.26121	0
1988	-11.39138	-120.42316	-86.24902	42.31084	30.91946	-113.9138	0.81367	1.62734	55.32956	17.90074	-24.4101	-46.37919	0
1989	5.69569	-105.7771	-92.75838	34.98781	36.61515	-108.21811	10.57771	11.39138	64.27993	23.59643	-19.52808	-43.93818	0
1990	18.71441	-85.43535	-91.94471	26.03744	42.31084	-94.38572	21.15542	22.78276	74.85764	30.91946	-15.45973	-43.93818	0
1991	25.22377	-70.78929	-89.5037	20.34175	46.37919	-83.80801	29.29212	32.5468	83.80801	38.24249	-11.39138	-43.93818	0
1992	20.34175	-62.65259	-87.87636	20.34175	42.31084	-76.48498	33.36047	39.05616	88.69003	42.31084	-8.1367	-43.93818	0
1993	4.06835	-61.83892	-87.06269	26.03744	29.29212	-74.85764	30.10579	40.6835	90.31737	39.86983	-10.57771	-47.19286	0
1994	-7.32303	-62.65259	-83.80801	30.91946	20.34175	-73.2303	21.15542	36.61515	91.94471	34.17414	-16.2734	-52.07488	0
1995	-3.25468	-59.39791	-79.73966	35.80148	24.4101	-69.16195	8.95037	33.36047	92.75838	30.91946	-20.34175	-55.32956	0
1996	4.88202	-56.9569	-78.92599	43.93818	33.36047	-66.72094	-3.25468	31.73313	92.75838	30.10579	-19.52808	-57.77057	0
1997	5.69569	-65.90727	-80.55333	52.07488	38.24249	-72.41663	-14.64606	30.10579	93.57205	27.66478	-18.71441	-61.02525	0
1998	2.44101	-82.99434	-87.06269	58.58424	42.31084	-85.43535	-20.34175	26.85111	93.57205	22.78276	-23.59643	-62.65259	0
1999	-1.62734	-100.89508	-95.19939	63.46626	45.56552	-98.45407	-17.90074	26.85111	92.75838	17.90074	-30.91946	-66.72094	0
2000	-11.39138	-113.10013	-96.01306	69.16195	45.56552	-105.7771	-6.50936	34.17414	94.38572	17.90074	-32.5468	-69.97562	0
2001	-21.96909	-111.47279	-85.43535	69.16195	45.56552	-99.26774	7.32303	44.75185	98.45407	21.15542	-30.10579	-69.16195	0
2002	-26.85111	-88.69003	-67.53461	63.46626	47.19286	-78.92599	21.15542	53.70222	104.96343	22.78276	-26.85111	-66.72094	0
2003	-27.66478	-52.88855	-51.26121	56.14323	48.00653	-53.70222	31.73313	59.39791	113.10013	26.03744	-20.34175	-59.39791	0
2004	-20.34175	-32.5468	-43.93818	50.44754	43.12451	-39.86983	33.36047	58.58424	117.16848	26.03744	-16.2734	-55.32956	0
2005	-7.32303	-43.93818	-51.26121	51.26121	37.42882	-48.8202	26.85111	52.88855	114.72747	17.90074	-21.15542	-61.02525	0
2006	0.81367	-74.04397	-67.53461	58.58424	37.42882	-73.2303	20.34175	48.00653	113.9138	8.95037	-30.10579	-68.34828	0
2007	3.25468	-96.82673	-78.11232	61.83892	40.6835	-93.57205	16.2734	44.75185	114.72747	6.50936	-36.61515	-69.97562	0
2008	1.62734	-109.03178	-82.18067	61.83892	42.31084	-104.14976	16.2734	48.8202	117.98215	13.83239	-37.42882	-69.16195	0
2009	0	-109.84545	-85.43535	58.58424	42.31084	-104.96343	24.4101	62.65259	125.30518	26.85111	-32.5468	-67.53461	0
2010	-2.44101	-106.59077	-83.80801	52.88855	39.05616	-98.45407	34.17414	78.11232	135.06922	38.24249	-29.29212	-65.90727	0
2011	-5.69569	-104.96343	-78.11232	51.26121	32.5468	-88.69003	38.24249	89.5037	140.76491	39.86983	-33.36047	-69.16195	0
2012	-9.76404	-107.40444	-75.67131	58.58424	28.47845	-83.80801	34.98781	94.38572	140.76491	32.5468	-40.6835	-76.48498	0
2013	-13.01872	-107.40444	-75.67131	64.27993	26.85111	-83.80801	31.73313	93.57205	135.06922	23.59643	-48.00653	-83.80801	0
2014	-10.57771	-98.45407	-75.67131	59.39791	29.29212	-82.18067	30.10579	84.62168	123.67784	16.2734	-52.88855	-87.06269	0
2015	-2.44101	-82.99434	-78.11232	43.93818	37.42882	-77.29865	30.10579	71.60296	111.47279	13.01872	-52.88855	-84.62168	0
2016	5.69569	-66.72094	-82.99434	25.22377	48.8202	-71.60296	31.73313	59.39791	104.96343	13.83239	-52.07488	-79.73966	0
2017	15.45973	-56.9569	-87.87636	13.01872	58.58424	-67.53461	30.91946	47.19286	103.33609	16.2734	-52.88855	-78.11232	0
2018	15.45973	-58.58424	-87.87636	16.2734	57.77057	-69.16195	30.10579	45.56552	109.84545	21.96909	-54.51589	-82.18067	0
2019	1.62734	-66.72094	-81.367	28.47845	44.75185	-73.2303	30.10579	62.65259	124.49151	26.85111	-58.58424	-87.06269	0
2020	-11.39138	-76.48498	-75.67131	38.24249	30.91946	-78.92599	33.36047	89.5037	140.76491	28.47845	-68.34828	-92.75838	0
2021	-16.2734	-84.62168	-76.48498	41.49717	26.03744	-83.80801	39.05616	113.9138	150.52895	29.29212	-82.99434	-94.38572	0
2022	-19.52808	-91.13104	-75.67131	48.00653	23.59643	-87.06269	44.75185	122.86417	152.15629	29.29212	-96.01306	-91.94471	0
2023	-17.90074	-98.45407	-74.04397	49.63387	23.59643	-86.24902	45.56552	113.10013	145.64693	28.47845	-101.70875	-90.31737	0
2024	-6.50936	-91.94471	-78.11232	40.6835	30.10579	-78.11232	46.37919	92.75838	140.76491	30.91946	-97.6404	-86.24902	0
2025	1.62734	-71.60296	-89.5037	34.17414	37.42882	-69.16195	46.37919	69.16195	139.13757	34.98781	-89.5037	-81.367	0
2026	3.25468	-61.02525	-99.26774	35.80148	41.49717	-65.0936	44.75185	49.63387	139.13757	39.05616	-81.367	-80.55333	0
2027	-8.95037	-70.78929	-100.08141	52.07488	36.61515	-66.72094	39.05616	42.31084	137.51023	44.75185	-74.04397	-83.80801	0
2028	-34.98781	-86.24902	-91.13104	77.29865	22.78276	-75.67131	34.98781	51.26121	138.3239	48.8202	-72.41663	-88.69003	0
2029	-54.51589	-98.45407	-78.92599	94.38572	9.76404	-85.43535	34.17414	69.16195	144.01959	48.8202	-76.48498	-90.31737	0
2030	-62.65259	-106.59077	-66.72094	97.6404	4.88202	-88.69003	34.17414	87.06269	147.27427	46.37919	-82.18067	-88.69003	0
2031	-58.58424	-107.40444	-61.02525	91.13104	4.88202	-87.87636	31.73313	93.57205	145.64693	42.31084	-87.06269	-87.06269	0
2032	-45.56552	-102.52242	-61.83892	77.29865	10.57771	-86.24902	30.10579	86.24902	139.13757	38.24249	-90.31737	-87.87636	0
2033	-26.85111	-94.38572	-65.90727	60.21158	20.34175	-83.80801	28.47845	71.60296	132.62821	35.80148	-89.5037	-87.06269	0
2034	-9.76404	-82.18067	-69.16195	44.75185	28.47845	-78.92599	26.03744	57.77057	127.74619	33.36047	-87.06269	-85.43535	0
2035	1.62734	-69.16195	-68.34828	30.91946	34.98781	-70.78929	24.4101	48.00653	119.60949	27.66478	-87.87636	-87.06269	0
2036	4.88202	-62.65259	-65.90727	26.03744	36.61515	-61.02525	22.78276	43.93818	108.21811	17.08707	-94.38572	-93.57205	0
2037	0	-68.34828	-67.53461	31.73313	34.98781	-55.32956	21.15542	47.19286	97.6404	8.95037	-99.26774	-101.70875	0
2038	-6.50936	-78.11232	-72.41663	39.05616	34.98781	-57.77057	20.34175	52.88855	93.57205	10.57771	-97.6404	-106.59077	0
2039	-9.76404	-81.367	-79.73966	39.05616	39.86983	-66.72094	21.96909	53.70222	97.6404	17.90074	-93.57205	-107.40444	0
2040	-7.32303	-84.62168	-89.5037	37.42882	46.37919	-78.92599	23.59643	48.00653	107.40444	23.59643	-91.13104	-108.21811	0
2041	-4.06835	-87.06269	-94.38572	38.24249	47.19286	-91.94471	25.22377	43.93818	118.79582	26.03744	-91.94471	-110.65912	0
2042	-1.62734	-86.24902	-91.13104	39.05616	43.93818	-101.70875	29.29212	46.37919	126.11885	23.59643	-94.38572	-111.47279	0
2043	-4.06835	-87.06269	-85.43535	42.31084	38.24249	-105.7771	33.36047	50.44754	129.37353	22.78276	-93.57205	-108.21811	0
2044	-13.83239	-96.82673	-78.92599	55.32956	27.66478	-104.96343	36.61515	54.51589	131.00087	23.59643	-88.69003	-101.70875	0
2045	-26.85111	-109.84545	-71.60296	72.41663	14.64606	-102.52242	38.24249	60.21158	130.1872	26.85111	-84.62168	-96.82673	0
2046	-39.86983	-120.42316	-63.46626	85.43535	4.06835	-99.26774	39.05616	64.27993	126.93252	34.17414	-80.55333	-95.19939	0
2047	-50.44754	-116.35481	-57.77057	91.94471	-2.44101	-92.75838	43.93818	66.72094	126.93252	41.49717	-74.85764	-96.01306	0
2048	-56.9569	-100.08141	-58.58424	92.75838	-7.32303	-83.80801	50.44754	67.53461	131.81454	45.56552	-69.97562	-97.6404	0
2049	-58.58424	-86.24902	-60.21158	88.69003	-8.95037	-76.48498	56.14323	68.34828	137.51023	43.93818	-73.2303	-100.89508	0
2050	-53.70222	-84.62168	-58.58424	82.99434	-6.50936	-74.04397	61.02525	64.27993	139.13757	39.86983	-80.55333	-104.14976	0
2051	-45.56552	-90.31737	-57.77057	78.92599	0	-75.67131	59.39791	56.14323	131.00087	34.98781	-89.5037	-104.96343	0
2052	-35.80148	-94.38572	-60.21158	75.67131	7.32303	-78.92599	52.07488	48.00653	114.72747	32.5468	-95.19939	-99.26774	0
2053	-21.96909	-92.75838	-65.90727	68.34828	18.71441	-80.55333	40.6835	39.86983	100.08141	31.73313	-93.57205	-89.5037	0
2054	-5.69569	-87.87636	-74.85764	56.9569	31.73313	-82.99434	30.10579	31.73313	92.75838	34.98781	-85.43535	-79.73966	0
2055	0	-91.13104	-86.24902	52.07488	41.49717	-90.31737	21.15542	31.73313	94.38572	40.6835	-73.2303	-71.60296	0
2056	-2.44101	-104.14976	-98.45407	56.14323	46.37919	-100.08141	13.01872	39.05616	105.7771	46.37919	-63.46626	-69.16195	0
2057	-7.32303	-114.72747	-104.96343	61.83892	47.19286	-104.14976	11.39138	48.8202	119.60949	50.44754	-59.39791	-69.97562	0
2058	-8.95037	-119.60949	-103.33609	65.90727	43.12451	-104.14976	17.08707	55.32956	130.1872	50.44754	-61.02525	-73.2303	0
2059	-7.32303	-123.67784	-98.45407	70.78929	37.42882	-105.7771	26.85111	56.9569	131.00087	45.56552	-67.53461	-82.99434	0
2060	-2.44101	-120.42316	-96.82673	69.16195	35.80148	-105.7771	35.80148	52.07488	122.86417	38.24249	-74.04397	-92.75838	0
2061	0.81367	-111.47279	-96.01306	61.02525	39.05616	-103.33609	40.6835	46.37919	109.03178	34.98781	-78.11232	-97.6404	0
2062	2.44101	-102.52242	-94.38572	53.70222	44.75185	-99.26774	42.31084	39.86983	94.38572	34.98781	-81.367	-94.38572	0
2063	5.69569	-94.38572	-91.94471	48.00653	49.63387	-93.57205	39.86983	33.36047	82.99434	37.42882	-78.92599	-90.31737	0
2064	8.95037	-86.24902	-87.06269	43.12451	50.44754	-85.43535	34.98781	24.4101	75.67131	39.86983	-73.2303	-87.06269	0
2065	8.1367	-76.48498	-77.29865	38.24249	45.56552	-74.85764	30.91946	13.83239	70.78929	39.86983	-67.53461	-85.43535	0
2066	0.81367	-70.78929	-66.72094	35.80148	37.42882	-65.90727	28.47845	4.88202	67.53461	40.6835	-65.90727	-86.24902	0
2067	-7.32303	-69.97562	-58.58424	35.80148	30.10579	-62.65259	28.47845	0	65.90727	41.49717	-67.53461	-90.31737	0
2068	-13.01872	-72.41663	-54.51589	37.42882	26.03744	-62.65259	27.66478	0	63.46626	38.24249	-69.16195	-97.6404	0
2069	-12.20505	-82.99434	-61.83892	38.24249	26.85111	-72.41663	27.66478	4.88202	58.58424	32.5468	-69.16195	-100.89508	0
2070	-8.95037	-102.52242	-78.92599	40.6835	32.5468	-91.13104	26.85111	11.39138	55.32956	29.29212	-66.72094	-99.26774	0
2071	-8.1367	-123.67784	-96.01306	49.63387	39.86983	-111.47279	24.4101	10.57771	52.88855	27.66478	-65.0936	-97.6404	0
2072	-7.32303	-144.83326	-113.9138	68.34828	47.19286	-126.11885	19.52808	4.06835	49.63387	24.4101	-66.72094	-97.6404	0
2073	-6.50936	-160.29299	-129.37353	82.18067	53.70222	-132.62821	18.71441	0	48.00653	21.15542	-69.97562	-98.45407	0
2074	-4.06835	-161.10666	-132.62821	87.06269	56.9569	-131.00087	17.90074	-1.62734	51.26121	26.03744	-67.53461	-94.38572	0
2075	-0.81367	-152.15629	-121.23683	86.24902	54.51589	-124.49151	17.90074	-2.44101	61.83892	36.61515	-61.02525	-86.24902	0
2076	-1.62734	-133.44188	-103.33609	78.11232	43.93818	-110.65912	20.34175	0.81367	68.34828	44.75185	-52.88855	-82.18067	0
2077	-5.69569	-109.84545	-85.43535	65.0936	30.91946	-93.57205	24.4101	7.32303	65.90727	43.12451	-47.19286	-84.62168	0
2078	-9.76404	-91.94471	-74.04397	53.70222	21.96909	-81.367	24.4101	9.76404	60.21158	36.61515	-49.63387	-85.43535	0
2079	-11.39138	-80.55333	-67.53461	44.75185	21.15542	-74.04397	24.4101	7.32303	54.51589	30.10579	-56.9569	-87.06269	0
2080	-8.1367	-69.97562	-62.65259	36.61515	29.29212	-67.53461	26.03744	4.06835	49.63387	26.85111	-61.83892	-89.5037	0
2081	-3.25468	-60.21158	-61.02525	29.29212	43.12451	-60.21158	28.47845	4.06835	48.00653	28.47845	-64.27993	-86.24902	0
2082	4.88202	-56.14323	-65.0936	21.96909	56.14323	-54.51589	33.36047	4.88202	54.51589	33.36047	-63.46626	-75.67131	0
2083	15.45973	-53.70222	-69.16195	14.64606	62.65259	-49.63387	40.6835	6.50936	65.90727	39.05616	-56.9569	-64.27993	0
2084	18.71441	-48.8202	-65.90727	11.39138	56.14323	-43.12451	51.26121	11.39138	79.73966	47.19286	-45.56552	-56.9569	0
2085	10.57771	-35.80148	-52.07488	13.01872	39.05616	-33.36047	57.77057	18.71441	95.19939	61.02525	-30.91946	-49.63387	0
2086	-2.44101	-18.71441	-33.36047	13.01872	18.71441	-21.96909	58.58424	29.29212	109.84545	74.85764	-14.64606	-43.12451	0
2087	-17.08707	-7.32303	-17.08707	8.95037	0.81367	-13.83239	54.51589	40.6835	121.23683	84.62168	-3.25468	-38.24249	0
2088	-27.66478	-7.32303	-8.95037	11.39138	-10.57771	-11.39138	46.37919	51.26121	126.11885	89.5037	-3.25468	-37.42882	0
2089	-37.42882	-14.64606	-5.69569	24.4101	-12.20505	-15.45973	36.61515	56.14323	126.11885	87.87636	-10.57771	-40.6835	0
2090	-44.75185	-23.59643	-4.88202	36.61515	-6.50936	-21.15542	29.29212	57.77057	123.67784	81.367	-17.90074	-48.8202	0
2091	-34.98781	-24.4101	-7.32303	33.36047	3.25468	-22.78276	25.22377	58.58424	122.0505	72.41663	-21.15542	-53.70222	0
2092	-11.39138	-14.64606	-13.01872	15.45973	13.83239	-18.71441	26.85111	58.58424	121.23683	62.65259	-22.78276	-55.32956	0
2093	9.76404	-4.06835	-17.90074	0	21.15542	-13.83239	31.73313	56.14323	118.79582	54.51589	-27.66478	-61.02525	0
2094	21.96909	3.25468	-17.08707	-12.20505	21.15542	-8.1367	35.80148	55.32956	115.54114	52.88855	-34.17414	-67.53461	0
2095	25.22377	12.20505	-9.76404	-19.52808	14.64606	-1.62734	36.61515	54.51589	115.54114	56.9569	-35.80148	-69.16195	0
2096	22.78276	19.52808	2.44101	-26.03744	0	0	34.17414	52.88855	120.42316	66.72094	-31.73313	-65.0936	0
2097	18.71441	22.78276	15.45973	-33.36047	-14.64606	-2.44101	30.10579	53.70222	126.11885	78.92599	-26.03744	-59.39791	0
2098	21.96909	25.22377	23.59643	-35.80148	-25.22377	0	24.4101	50.44754	130.1872	87.87636	-21.15542	-56.14323	0
2099	34.17414	28.47845	26.85111	-34.98781	-27.66478	7.32303	21.15542	39.05616	130.1872	91.94471	-18.71441	-54.51589	0
2100	40.6835	31.73313	25.22377	-32.5468	-21.96909	13.83239	18.71441	24.4101	127.74619	91.13104	-16.2734	-52.07488	0
2101	39.86983	32.5468	20.34175	-32.5468	-13.01872	15.45973	13.83239	10.57771	123.67784	86.24902	-16.2734	-50.44754	0
2102	37.42882	31.73313	12.20505	-34.17414	-4.88202	15.45973	0	1.62734	117.16848	78.11232	-19.52808	-52.07488	0
2103	34.17414	30.91946	4.06835	-33.36047	-2.44101	14.64606	-17.08707	-0.81367	104.14976	69.97562	-21.96909	-51.26121	0
2104	31.73313	32.5468	4.06835	-29.29212	-5.69569	17.08707	-32.5468	-3.25468	87.06269	67.53461	-18.71441	-47.19286	0
2105	30.91946	33.36047	7.32303	-27.66478	-5.69569	20.34175	-39.86983	-10.57771	69.16195	70.78929	-11.39138	-40.6835	0
2106	21.96909	34.17414	8.1367	-27.66478	-4.06835	22.78276	-41.49717	-19.52808	55.32956	77.29865	-2.44101	-36.61515	0
2107	6.50936	35.80148	8.1367	-28.47845	-7.32303	24.4101	-39.05616	-24.4101	50.44754	86.24902	6.50936	-37.42882	0
2108	0	37.42882	6.50936	-30.10579	-7.32303	23.59643	-35.80148	-24.4101	56.14323	91.94471	10.57771	-41.49717	0
2109	8.1367	34.17414	0.81367	-31.73313	0	17.08707	-34.98781	-21.15542	69.97562	90.31737	4.88202	-48.8202	0
2110	20.34175	28.47845	-8.1367	-32.5468	10.57771	8.1367	-33.36047	-16.2734	82.99434	85.43535	-4.06835	-56.9569	0
2111	30.10579	22.78276	-9.76404	-34.17414	16.2734	1.62734	-24.4101	-10.57771	91.94471	78.11232	-14.64606	-64.27993	0
2112	31.73313	17.90074	0	-35.80148	10.57771	0	-10.57771	-6.50936	99.26774	69.16195	-24.4101	-69.16195	0
2113	21.96909	13.01872	14.64606	-30.10579	0	1.62734	0	-8.1367	100.89508	61.83892	-30.91946	-69.16195	0
2114	4.06835	5.69569	23.59643	-18.71441	-13.01872	4.06835	4.06835	-15.45973	96.01306	58.58424	-30.91946	-65.0936	0
2115	-8.95037	-5.69569	17.90074	-11.39138	-15.45973	-0.81367	4.06835	-22.78276	88.69003	56.9569	-26.03744	-60.21158	0
2116	-4.88202	-17.90074	-4.88202	-6.50936	-0.81367	-14.64606	1.62734	-22.78276	81.367	56.9569	-21.15542	-55.32956	0
2117	12.20505	-26.85111	-34.98781	1.62734	22.78276	-30.91946	0	-12.20505	82.18067	60.21158	-16.2734	-49.63387	0
2118	25.22377	-35.80148	-57.77057	9.76404	40.6835	-45.56552	0.81367	4.88202	91.94471	65.0936	-9.76404	-44.75185	0
2119	26.85111	-47.19286	-69.97562	17.90074	50.44754	-57.77057	1.62734	17.90074	99.26774	67.53461	-4.88202	-42.31084	0
2120	22.78276	-60.21158	-78.92599	24.4101	58.58424	-69.16195	2.44101	19.52808	100.08141	62.65259	-4.88202	-43.93818	0
2121	18.71441	-70.78929	-88.69003	29.29212	62.65259	-77.29865	4.88202	15.45973	94.38572	51.26121	-6.50936	-45.56552	0
2122	22.78276	-69.97562	-96.01306	25.22377	61.02525	-74.85764	8.95037	9.76404	82.99434	38.24249	-8.1367	-46.37919	0
2123	35.80148	-56.9569	-96.01306	10.57771	59.39791	-65.90727	13.83239	6.50936	71.60296	30.10579	-11.39138	-48.8202	0
2124	37.42882	-48.8202	-89.5037	5.69569	61.83892	-61.83892	18.71441	6.50936	65.0936	28.47845	-16.2734	-53.70222	0
2125	22.78276	-58.58424	-83.80801	17.08707	64.27993	-66.72094	22.78276	9.76404	65.90727	32.5468	-19.52808	-58.58424	0
2126	4.88202	-81.367	-87.06269	35.80148	63.46626	-81.367	25.22377	13.01872	74.04397	37.42882	-20.34175	-63.46626	0
2127	-7.32303	-108.21811	-99.26774	56.9569	58.58424	-102.52242	27.66478	12.20505	82.99434	40.6835	-22.78276	-68.34828	0
2128	-10.57771	-130.1872	-114.72747	72.41663	54.51589	-122.0505	30.91946	8.1367	90.31737	42.31084	-32.5468	-71.60296	0
2129	-4.88202	-139.95124	-129.37353	80.55333	57.77057	-135.06922	31.73313	3.25468	93.57205	39.05616	-45.56552	-74.85764	0
2130	1.62734	-139.13757	-135.88289	82.18067	65.0936	-138.3239	32.5468	-0.81367	91.13104	30.91946	-56.14323	-80.55333	0
2131	0	-135.06922	-135.88289	79.73966	71.60296	-135.06922	30.91946	-6.50936	84.62168	21.96909	-61.02525	-89.5037	0
2132	-4.88202	-124.49151	-133.44188	77.29865	72.41663	-125.30518	29.29212	-9.76404	76.48498	16.2734	-60.21158	-95.19939	0
2133	-12.20505	-114.72747	-130.1872	76.48498	69.16195	-117.98215	26.03744	-8.95037	67.53461	13.01872	-57.77057	-94.38572	0
2134	-17.90074	-117.16848	-126.93252	75.67131	62.65259	-118.79582	19.52808	-7.32303	56.9569	7.32303	-57.77057	-91.94471	0
2135	-11.39138	-128.55986	-128.55986	74.85764	59.39791	-126.93252	10.57771	-7.32303	44.75185	0	-61.83892	-94.38572	0
2136	-2.44101	-139.95124	-132.62821	72.41663	60.21158	-134.25555	3.25468	-7.32303	33.36047	-7.32303	-68.34828	-100.08141	0
2137	0	-148.90161	-134.25555	70.78929	61.02525	-138.3239	1.62734	-6.50936	30.91946	-9.76404	-75.67131	-107.40444	0
2138	-1.62734	-155.41097	-135.06922	71.60296	61.02525	-141.57858	8.95037	-3.25468	41.49717	-4.88202	-79.73966	-113.10013	0
2139	-5.69569	-157.03831	-134.25555	74.85764	59.39791	-143.20592	22.78276	3.25468	57.77057	3.25468	-80.55333	-116.35481	0
2140	-11.39138	-148.90161	-125.30518	74.04397	52.88855	-136.69656	34.17414	12.20505	69.97562	11.39138	-79.73966	-117.16848	0
2141	-11.39138	-131.81454	-113.10013	65.0936	43.93818	-122.86417	41.49717	17.90074	74.85764	17.08707	-76.48498	-117.16848	0
2142	-8.1367	-118.79582	-104.96343	53.70222	36.61515	-113.10013	44.75185	16.2734	69.97562	17.90074	-71.60296	-116.35481	0
2143	-7.32303	-113.10013	-100.08141	46.37919	33.36047	-108.21811	42.31084	4.88202	53.70222	13.83239	-69.97562	-113.10013	0
2144	-6.50936	-111.47279	-100.08141	42.31084	34.98781	-107.40444	35.80148	-9.76404	34.17414	8.1367	-69.97562	-108.21811	0
2145	-0.81367	-109.84545	-106.59077	40.6835	45.56552	-109.84545	25.22377	-21.15542	25.22377	4.06835	-69.97562	-104.14976	0
2146	9.76404	-108.21811	-114.72747	44.75185	61.83892	-112.28646	14.64606	-21.15542	28.47845	3.25468	-69.16195	-102.52242	0
2147	20.34175	-108.21811	-119.60949	51.26121	78.11232	-113.9138	9.76404	-11.39138	39.05616	3.25468	-68.34828	-105.7771	0
2148	22.78276	-114.72747	-122.86417	56.9569	84.62168	-117.98215	14.64606	3.25468	50.44754	6.50936	-65.90727	-109.84545	0
2149	15.45973	-124.49151	-119.60949	61.02525	77.29865	-118.79582	26.85111	17.08707	63.46626	15.45973	-62.65259	-108.21811	0
2150	3.25468	-135.06922	-109.03178	61.83892	61.02525	-113.9138	39.05616	25.22377	76.48498	27.66478	-61.02525	-101.70875	0
2151	-10.57771	-144.01959	-103.33609	61.83892	46.37919	-114.72747	48.00653	27.66478	87.06269	38.24249	-65.0936	-96.01306	0
2152	-25.22377	-152.15629	-102.52242	65.0936	34.17414	-122.0505	49.63387	21.96909	87.87636	38.24249	-68.34828	-96.01306	0
2153	-36.61515	-157.03831	-104.14976	74.85764	27.66478	-127.74619	42.31084	2.44101	74.04397	27.66478	-73.2303	-102.52242	0
2154	-44.75185	-152.15629	-107.40444	89.5037	30.10579	-130.1872	30.10579	-33.36047	43.93818	8.95037	-82.99434	-110.65912	0
2155	-48.00653	-143.20592	-108.21811	96.01306	33.36047	-126.93252	19.52808	-83.80801	-4.88202	-13.83239	-94.38572	-117.98215	0
2156	-41.49717	-130.1872	-104.96343	88.69003	32.5468	-117.16848	8.1367	-144.01959	-74.85764	-42.31084	-106.59077	-122.86417	0
2157	-30.10579	-115.54114	-98.45407	76.48498	28.47845	-104.96343	-12.20505	-212.36787	-165.98868	-76.48498	-118.79582	-122.86417	0
2158	-17.90074	-98.45407	-86.24902	61.83892	23.59643	-90.31737	-47.19286	-292.9212	-277.46147	-113.9138	-123.67784	-114.72747	0
2159	-9.76404	-72.41663	-61.83892	42.31084	16.2734	-65.90727	-89.5037	-384.05224	-404.39399	-149.71528	-114.72747	-93.57205	0
2160	-6.50936	-30.10579	-19.52808	17.90074	-0.81367	-24.4101	-131.00087	-486.57466	-540.27688	-177.38006	-86.24902	-52.88855	0
2161	-7.32303	30.91946	41.49717	-13.01872	-30.91946	35.80148	-170.05703	-602.1158	-678.60078	-198.53548	-39.86983	7.32303	0
2162	-6.50936	107.40444	115.54114	-51.26121	-66.72094	110.65912	-206.67218	-726.60731	-815.29734	-212.36787	18.71441	81.367	0
2163	0	194.46713	196.90814	-96.82673	-104.14976	193.65346	-244.91467	-855.98084	-947.92555	-218.06356	84.62168	160.29299	0
2164	17.90074	301.0579	284.7845	-159.47932	-136.69656	291.29386	-288.03918	-994.30474	-1078.92642	-215.62255	157.85198	240.84632	0
2165	50.44754	437.75446	388.12059	-244.91467	-170.8707	411.71702	-338.48672	-1153.78406	-1219.69133	-208.29952	241.65999	328.72268	0
2166	82.18067	595.60644	513.42577	-339.30039	-216.43622	554.10927	-400.32564	-1343.36917	-1378.35698	-199.34915	331.16369	419.85372	0
2167	100.89508	753.45842	654.19068	-427.99042	-276.6478	703.82455	-484.94732	-1558.17805	-1553.29603	-186.33043	417.41271	507.73008	0
2168	109.03178	895.85067	776.24118	-502.03439	-334.41837	843.77579	-598.04745	-1780.30996	-1713.58902	-161.10666	502.84806	589.91075	0
2169	113.9138	1003.25511	850.28515	-558.99129	-371.84719	949.55289	-721.72529	-1977.2181	-1830.7575	-122.0505	578.51937	663.14105	0
2170	117.16848	1048.00696	876.32259	-584.21506	-384.86591	991.86373	-829.9434	-2117.98301	-1902.36046	-90.31737	617.57553	707.8929	0
2171	113.10013	1000.8141	840.52111	-558.99129	-369.40618	944.67087	-899.91902	-2170.87156	-1913.75184	-82.18067	594.79277	698.94253	0
2172	98.45407	851.09882	720.91162	-475.99695	-317.3313	800.65128	-926.77013	-2118.79668	-1838.08053	-96.01306	507.73008	629.78058	0
2173	71.60296	611.06617	524.00348	-341.7414	-231.89595	574.45102	-912.12407	-1973.96342	-1691.61993	-138.3239	356.38746	503.66173	0
2174	37.42882	318.14497	275.83413	-177.38006	-123.67784	297.80322	-868.18589	-1776.24161	-1525.63125	-230.26861	148.90161	338.48672	0
2175	5.69569	25.22377	20.34175	-15.45973	-10.57771	21.15542	-815.29734	-1567.94209	-1396.25772	-384.86591	-83.80801	163.54767	0
2176	-17.90074	-219.6909	-202.60383	115.54114	92.75838	-213.18154	-769.73182	-1384.05267	-1320.58641	-589.91075	-306.75359	7.32303	0
2177	-33.36047	-401.13931	-380.79756	208.29952	181.44841	-392.18894	-736.37135	-1230.26904	-1284.78493	-803.09229	-483.31998	-104.96343	0
2178	-40.6835	-522.37614	-505.28907	266.07009	246.54201	-511.79843	-706.26556	-1091.94514	-1274.20722	-970.70831	-592.35176	-173.31171	0
2179	-40.6835	-590.72442	-574.45102	299.43056	281.52982	-574.45102	-665.58206	-948.73922	-1248.98345	-1057.771	-635.47627	-209.11319	0
2180	-34.98781	-615.94819	-598.86112	312.44928	291.29386	-596.42011	-606.18415	-792.51458	-1166.80278	-1052.88898	-622.45755	-222.94558	0
2181	-30.91946	-614.32085	-593.9791	314.07662	283.97083	-594.79277	-530.51284	-630.59425	-1030.10622	-977.21767	-573.63735	-223.75925	0
2182	-35.80148	-596.42011	-565.50065	311.63561	262.81541	-576.07836	-448.33217	-480.0653	-870.6269	-862.4902	-509.35742	-221.31824	0
2183	-42.31084	-563.87331	-520.7488	301.87157	234.33696	-540.27688	-368.59251	-353.13278	-711.96125	-737.18502	-443.45015	-215.62255	0
2184	-44.75185	-522.37614	-472.74227	283.97083	209.92686	-498.77971	-295.36221	-253.86504	-567.12799	-617.57553	-383.23857	-208.29952	0
2185	-39.86983	-481.69264	-432.87244	261.18807	192.83979	-462.16456	-231.89595	-183.07575	-441.00914	-511.79843	-331.97736	-202.60383	0
2186	-31.73313	-447.5185	-405.20766	240.03265	178.19373	-432.05877	-181.44841	-134.25555	-336.85938	-423.92207	-293.73487	-196.09447	0
2187	-26.85111	-419.04005	-381.61123	222.94558	165.17501	-404.39399	-143.20592	-97.6404	-248.98302	-348.25076	-264.44275	-184.70309	0
2188	-26.85111	-388.93426	-352.31911	207.48585	152.15629	-372.66086	-110.65912	-63.46626	-169.24336	-279.08881	-235.9643	-174.12538	0
2189	-23.59643	-351.50544	-318.14497	187.1441	139.13757	-336.04571	-80.55333	-30.10579	-95.19939	-215.62255	-205.04484	-165.17501	0
2190	-15.45973	-312.44928	-289.66652	162.734	132.62821	-301.87157	-53.70222	1.62734	-30.91946	-164.36134	-178.19373	-157.85198	0
2191	-4.88202	-279.90248	-271.76578	139.95124	133.44188	-276.6478	-32.5468	31.73313	17.08707	-128.55986	-155.41097	-154.5973	0
2192	5.69569	-243.28733	-257.93339	113.10013	138.3239	-251.42403	-11.39138	64.27993	52.07488	-102.52242	-131.00087	-152.96996	0
2193	13.01872	-195.2808	-235.15063	77.29865	139.13757	-216.43622	16.2734	101.70875	81.367	-75.67131	-101.70875	-148.90161	0
2194	21.96909	-148.08794	-198.53548	43.12451	124.49151	-174.93905	48.8202	138.3239	109.03178	-45.56552	-71.60296	-137.51023	0
2195	30.91946	-115.54114	-152.96996	20.34175	94.38572	-135.88289	76.48498	166.80235	136.69656	-13.83239	-45.56552	-119.60949	0
2196	25.22377	-97.6404	-111.47279	16.2734	61.83892	-104.96343	98.45407	186.33043	164.36134	14.64606	-25.22377	-101.70875	0
2197	6.50936	-91.13104	-80.55333	29.29212	34.98781	-86.24902	115.54114	197.72181	190.39878	38.24249	-12.20505	-91.13104	0
2198	-11.39138	-91.13104	-65.90727	47.19286	18.71441	-76.48498	127.74619	205.04484	211.5542	52.88855	-9.76404	-93.57205	0
2199	-26.03744	-91.94471	-65.0936	63.46626	15.45973	-74.85764	134.25555	211.5542	227.8276	60.21158	-14.64606	-106.59077	0
2200	-34.17414	-96.82673	-76.48498	74.85764	21.15542	-80.55333	136.69656	213.18154	240.03265	64.27993	-21.96909	-122.0505	0
2201	-30.91946	-98.45407	-90.31737	72.41663	29.29212	-87.06269	136.69656	209.92686	246.54201	69.16195	-26.85111	-126.93252	0
2202	-17.08707	-92.75838	-100.89508	59.39791	39.05616	-89.5037	132.62821	200.97649	246.54201	74.04397	-30.91946	-120.42316	0
2203	-4.88202	-87.87636	-107.40444	46.37919	48.8202	-92.75838	121.23683	189.58511	236.77797	72.41663	-30.10579	-113.9138	0
2204	0	-89.5037	-108.21811	41.49717	53.70222	-96.82673	105.7771	181.44841	218.87723	65.0936	-27.66478	-110.65912	0
2205	-4.06835	-94.38572	-110.65912	48.8202	53.70222	-105.7771	92.75838	179.82107	205.04484	59.39791	-27.66478	-106.59077	0
2206	-8.95037	-98.45407	-113.9138	61.83892	56.14323	-121.23683	87.87636	183.07575	203.4175	62.65259	-30.91946	-100.89508	0
2207	-8.1367	-101.70875	-114.72747	64.27993	66.72094	-133.44188	94.38572	191.21245	216.43622	71.60296	-33.36047	-93.57205	0
2208	-4.88202	-100.08141	-115.54114	52.07488	78.92599	-133.44188	104.96343	199.34915	234.33696	79.73966	-33.36047	-88.69003	0
2209	0	-91.94471	-113.10013	37.42882	81.367	-126.93252	114.72747	206.67218	249.79669	82.99434	-29.29212	-85.43535	0
2210	4.06835	-83.80801	-108.21811	29.29212	71.60296	-119.60949	122.0505	214.80888	260.3744	86.24902	-20.34175	-82.99434	0
2211	4.88202	-80.55333	-111.47279	26.85111	61.02525	-113.9138	126.11885	222.13191	264.44275	89.5037	-10.57771	-80.55333	0
2212	5.69569	-87.06269	-123.67784	29.29212	60.21158	-113.9138	126.93252	225.38659	263.62908	89.5037	-6.50936	-79.73966	0
2213	4.88202	-100.89508	-131.81454	34.98781	61.83892	-118.79582	126.11885	224.57292	258.74706	89.5037	-8.95037	-80.55333	0
2214	1.62734	-111.47279	-129.37353	43.93818	59.39791	-119.60949	125.30518	223.75925	253.05137	91.13104	-13.01872	-82.18067	0
2215	-2.44101	-116.35481	-114.72747	53.70222	51.26121	-111.47279	125.30518	224.57292	252.2377	92.75838	-14.64606	-82.18067	0
2216	-9.76404	-114.72747	-95.19939	63.46626	39.86983	-100.08141	128.55986	226.20026	257.11972	95.19939	-12.20505	-80.55333	0
2217	-18.71441	-105.7771	-76.48498	68.34828	26.85111	-88.69003	137.51023	226.20026	262.81541	100.08141	-8.1367	-77.29865	0
2218	-26.03744	-96.01306	-60.21158	69.16195	15.45973	-78.11232	149.71528	224.57292	268.5111	101.70875	-2.44101	-76.48498	0
2219	-31.73313	-91.94471	-47.19286	69.97562	3.25468	-70.78929	157.85198	219.6909	275.02046	100.08141	-0.81367	-79.73966	0
2220	-32.5468	-92.75838	-40.6835	72.41663	-4.88202	-68.34828	157.03831	217.24989	279.90248	96.82673	-2.44101	-88.69003	0
2221	-28.47845	-94.38572	-36.61515	67.53461	-8.1367	-69.16195	148.08794	219.6909	284.7845	96.01306	-7.32303	-95.19939	0
2222	-23.59643	-92.75838	-32.5468	52.88855	-6.50936	-71.60296	138.3239	227.01393	289.66652	96.82673	-12.20505	-96.82673	0
2223	-21.15542	-88.69003	-34.98781	40.6835	0	-72.41663	131.81454	235.9643	292.9212	99.26774	-12.20505	-94.38572	0
2224	-23.59643	-86.24902	-43.12451	39.86983	7.32303	-74.04397	131.81454	243.28733	293.73487	100.89508	-7.32303	-92.75838	0
2225	-29.29212	-88.69003	-50.44754	47.19286	9.76404	-75.67131	135.88289	249.79669	289.66652	102.52242	-0.81367	-91.94471	0
2226	-36.61515	-90.31737	-55.32956	53.70222	12.20505	-75.67131	139.13757	254.67871	279.08881	104.14976	2.44101	-87.87636	0
2227	-43.12451	-88.69003	-61.83892	53.70222	17.90074	-75.67131	138.3239	262.00174	267.69743	103.33609	3.25468	-80.55333	0
2228	-47.19286	-84.62168	-61.83892	51.26121	25.22377	-72.41663	136.69656	275.02046	266.07009	106.59077	5.69569	-75.67131	0
2229	-48.00653	-73.2303	-56.14323	46.37919	33.36047	-59.39791	138.3239	294.54854	275.83413	117.98215	16.2734	-69.97562	0
2230	-43.93818	-56.14323	-53.70222	39.86983	39.05616	-41.49717	141.57858	314.07662	284.7845	133.44188	26.85111	-64.27993	0
2231	-37.42882	-47.19286	-54.51589	33.36047	39.05616	-34.98781	141.57858	321.39965	288.85285	143.20592	26.85111	-65.0936	0
2232	-32.5468	-47.19286	-58.58424	29.29212	41.49717	-40.6835	133.44188	306.75359	283.15716	137.51023	19.52808	-73.2303	0
2233	-30.10579	-55.32956	-61.02525	33.36047	47.19286	-51.26121	122.0505	277.46147	268.5111	121.23683	8.95037	-82.18067	0
2234	-26.85111	-62.65259	-57.77057	38.24249	50.44754	-59.39791	113.9138	251.42403	260.3744	104.96343	2.44101	-87.87636	0
2235	-18.71441	-62.65259	-55.32956	36.61515	48.00653	-62.65259	109.84545	241.65999	263.62908	94.38572	3.25468	-90.31737	0
2236	-7.32303	-58.58424	-55.32956	30.91946	43.93818	-62.65259	109.03178	248.16935	276.6478	92.75838	8.95037	-91.94471	0
2237	5.69569	-54.51589	-55.32956	21.96909	40.6835	-57.77057	107.40444	262.81541	293.73487	96.01306	15.45973	-95.19939	0
2238	15.45973	-56.14323	-55.32956	14.64606	38.24249	-53.70222	106.59077	277.46147	310.00827	97.6404	15.45973	-99.26774	0
2239	8.95037	-64.27993	-53.70222	20.34175	29.29212	-53.70222	109.84545	291.29386	318.95864	99.26774	12.20505	-100.08141	0
2240	-8.1367	-70.78929	-44.75185	32.5468	13.83239	-52.88855	116.35481	305.12625	323.02699	103.33609	12.20505	-99.26774	0
2241	-25.22377	-65.0936	-33.36047	39.05616	-2.44101	-44.75185	123.67784	318.14497	323.84066	109.03178	17.08707	-100.08141	0
2242	-34.17414	-51.26121	-23.59643	39.05616	-16.2734	-30.10579	130.1872	328.72268	319.77231	114.72747	24.4101	-103.33609	0
2243	-31.73313	-32.5468	-14.64606	30.91946	-21.96909	-15.45973	136.69656	338.48672	318.14497	122.0505	34.17414	-104.14976	0
2244	-17.08707	-9.76404	-5.69569	13.83239	-16.2734	-2.44101	144.01959	346.62342	324.65433	131.81454	42.31084	-103.33609	0
2245	-2.44101	11.39138	2.44101	-3.25468	-10.57771	10.57771	149.71528	352.31911	337.67305	146.4606	48.00653	-102.52242	0
2246	4.88202	28.47845	11.39138	-17.08707	-9.76404	24.4101	156.22464	361.26948	353.13278	162.734	52.07488	-98.45407	0
2247	17.90074	47.19286	21.96909	-32.5468	-7.32303	38.24249	163.54767	375.10187	368.59251	175.75272	55.32956	-90.31737	0
2248	38.24249	68.34828	33.36047	-53.70222	0	48.00653	171.68437	392.18894	379.98389	179.82107	55.32956	-77.29865	0
2249	56.9569	87.06269	39.86983	-73.2303	8.95037	50.44754	179.0074	407.64867	383.23857	172.49804	52.07488	-59.39791	0
2250	62.65259	95.19939	36.61515	-78.11232	13.83239	44.75185	179.0074	410.90335	375.10187	154.5973	48.00653	-43.12451	0
2251	50.44754	91.13104	27.66478	-63.46626	10.57771	33.36047	169.24336	397.07096	356.38746	129.37353	43.12451	-34.98781	0
2252	27.66478	77.29865	25.22377	-37.42882	-0.81367	26.85111	155.41097	377.54288	332.79103	107.40444	43.12451	-30.10579	0
2253	1.62734	63.46626	33.36047	-12.20505	-22.78276	34.17414	144.83326	372.66086	316.51763	97.6404	48.00653	-22.78276	0
2254	-26.85111	54.51589	48.00653	6.50936	-52.07488	50.44754	139.13757	384.05224	308.38093	98.45407	55.32956	-16.2734	0
2255	-48.8202	51.26121	67.53461	13.83239	-74.04397	66.72094	138.3239	400.32564	309.1946	107.40444	61.02525	-13.01872	0
2256	-48.00653	56.9569	81.367	3.25468	-77.29865	78.92599	144.01959	415.78537	315.70396	119.60949	64.27993	-12.20505	0
2257	-30.10579	68.34828	80.55333	-17.90074	-61.02525	82.99434	152.96996	424.73574	323.84066	130.1872	65.90727	-12.20505	0
2258	-7.32303	79.73966	69.16195	-43.93818	-34.98781	79.73966	157.85198	424.73574	331.16369	137.51023	67.53461	-12.20505	0
2259	14.64606	92.75838	60.21158	-65.90727	-14.64606	79.73966	154.5973	419.85372	334.41837	138.3239	67.53461	-12.20505	0
2260	31.73313	106.59077	71.60296	-76.48498	-17.90074	90.31737	145.64693	419.04005	334.41837	131.81454	64.27993	-13.83239	0
2261	37.42882	117.16848	102.52242	-71.60296	-38.24249	109.03178	135.88289	423.1084	329.53635	122.0505	58.58424	-14.64606	0
2262	30.91946	131.00087	136.69656	-65.90727	-56.14323	131.81454	130.1872	426.36308	319.77231	113.10013	56.14323	-11.39138	0
2263	29.29212	160.29299	164.36134	-79.73966	-65.90727	155.41097	131.00087	425.54941	309.1946	109.84545	61.83892	-0.81367	0
2264	37.42882	199.34915	183.88942	-106.59077	-69.97562	172.49804	134.25555	423.1084	296.98955	109.03178	71.60296	9.76404	0
2265	43.93818	225.38659	197.72181	-127.74619	-74.04397	184.70309	127.74619	419.85372	281.52982	104.14976	77.29865	14.64606	0
2266	48.00653	234.33696	206.67218	-138.3239	-78.92599	192.83979	113.10013	419.04005	267.69743	97.6404	78.92599	14.64606	0
2267	48.00653	236.77797	212.36787	-142.39225	-83.80801	201.79016	101.70875	419.85372	259.56073	96.82673	82.18067	17.08707	0
2268	42.31084	237.59164	215.62255	-140.76491	-89.5037	212.36787	96.01306	423.92207	257.93339	101.70875	89.5037	24.4101	0
2269	32.5468	237.59164	218.87723	-136.69656	-96.01306	220.50457	96.01306	430.43143	256.30605	108.21811	97.6404	33.36047	0
2270	21.15542	238.40531	225.38659	-132.62821	-99.26774	228.64127	100.89508	433.68611	251.42403	110.65912	101.70875	42.31084	0
2271	7.32303	244.91467	239.21898	-129.37353	-101.70875	241.65999	108.21811	432.05877	241.65999	106.59077	100.89508	49.63387	0
2272	-3.25468	262.00174	256.30605	-135.06922	-111.47279	259.56073	113.10013	423.92207	224.57292	99.26774	97.6404	56.9569	0
2273	-11.39138	287.22551	268.5111	-151.34262	-128.55986	283.15716	109.84545	411.71702	202.60383	87.87636	96.01306	65.0936	0
2274	-17.08707	307.56726	280.71615	-161.10666	-147.27427	312.44928	102.52242	394.62995	176.56639	70.78929	96.82673	71.60296	0
2275	-22.78276	318.14497	300.24423	-161.10666	-165.98868	340.11406	95.19939	375.10187	152.96996	56.14323	96.82673	74.85764	0
2276	-29.29212	324.65433	331.97736	-152.96996	-188.77144	364.52416	91.13104	362.08315	136.69656	52.07488	100.08141	79.73966	0
2277	-32.5468	331.97736	369.40618	-144.83326	-215.62255	382.4249	87.06269	356.38746	128.55986	54.51589	105.7771	86.24902	0
2278	-30.91946	340.11406	397.88463	-146.4606	-231.08228	393.00261	82.99434	356.38746	126.11885	56.14323	110.65912	90.31737	0
2279	-30.10579	345.80975	413.34436	-154.5973	-235.15063	397.07096	76.48498	358.82847	124.49151	55.32956	113.9138	92.75838	0
2280	-29.29212	346.62342	423.1084	-165.17501	-233.52329	397.07096	69.97562	359.64214	120.42316	49.63387	114.72747	95.19939	0
2281	-26.85111	345.80975	429.61776	-174.93905	-227.8276	393.81628	64.27993	353.94645	109.03178	41.49717	114.72747	99.26774	0
2282	-22.78276	352.31911	429.61776	-182.26208	-222.13191	393.00261	59.39791	339.30039	90.31737	32.5468	117.16848	107.40444	0
2283	-12.20505	370.21985	421.48106	-192.83979	-213.18154	395.44362	55.32956	316.51763	61.83892	21.96909	117.98215	116.35481	0
2284	4.06835	394.62995	409.27601	-209.11319	-199.34915	400.32564	46.37919	287.22551	24.4101	6.50936	116.35481	121.23683	0
2285	16.2734	418.22638	400.32564	-226.20026	-186.33043	406.835	33.36047	258.74706	-13.83239	-9.76404	113.10013	122.0505	0
2286	22.78276	432.05877	396.25729	-235.15063	-180.63474	412.53069	21.15542	235.9643	-46.37919	-22.78276	109.84545	120.42316	0
2287	21.96909	432.87244	392.18894	-229.45494	-180.63474	409.27601	11.39138	216.43622	-71.60296	-30.91946	102.52242	112.28646	0
2288	14.64606	423.92207	390.5616	-209.11319	-190.39878	397.88463	4.88202	197.72181	-95.19939	-34.98781	92.75838	99.26774	0
2289	7.32303	409.27601	397.07096	-183.07575	-205.85851	390.5616	3.25468	180.63474	-117.16848	-37.42882	85.43535	89.5037	0
2290	-3.25468	403.58032	408.46234	-163.54767	-218.87723	395.44362	8.1367	165.17501	-135.06922	-40.6835	85.43535	92.75838	0
2291	-22.78276	410.08968	421.48106	-152.96996	-221.31824	408.46234	12.20505	148.08794	-148.08794	-48.8202	93.57205	106.59077	0
2292	-39.05616	411.71702	436.12712	-148.08794	-218.06356	419.85372	6.50936	122.0505	-162.734	-58.58424	100.89508	117.98215	0
2293	-40.6835	401.13931	444.26382	-145.64693	-213.99521	420.66739	-10.57771	85.43535	-182.26208	-75.67131	96.82673	117.98215	0
2294	-36.61515	387.30692	439.3818	-147.27427	-212.36787	412.53069	-33.36047	46.37919	-204.23117	-99.26774	83.80801	109.84545	0
2295	-34.98781	379.17022	430.43143	-154.5973	-214.80888	404.39399	-48.8202	10.57771	-225.38659	-118.79582	73.2303	99.26774	0
2296	-31.73313	371.84719	416.59904	-161.92033	-214.80888	393.81628	-56.9569	-19.52808	-243.28733	-130.1872	65.90727	91.13104	0
2297	-29.29212	361.26948	394.62995	-165.98868	-209.11319	375.91554	-62.65259	-43.93818	-257.93339	-135.88289	56.9569	85.43535	0
2298	-28.47845	350.69177	369.40618	-166.80235	-200.97649	351.50544	-66.72094	-62.65259	-272.57945	-140.76491	44.75185	81.367	0
2299	-24.4101	339.30039	346.62342	-165.98868	-188.77144	327.90901	-67.53461	-78.11232	-285.59817	-142.39225	33.36047	74.85764	0
2300	-13.83239	323.02699	325.468	-165.98868	-172.49804	306.75359	-65.90727	-90.31737	-295.36221	-140.76491	25.22377	65.0936	0
2301	-8.95037	297.80322	307.56726	-157.85198	-157.03831	289.66652	-64.27993	-94.38572	-298.61689	-137.51023	18.71441	54.51589	0
2302	-21.96909	267.69743	298.61689	-135.06922	-146.4606	276.6478	-65.0936	-99.26774	-295.36221	-134.25555	13.83239	42.31084	0
2303	-42.31084	246.54201	298.61689	-109.84545	-144.01959	270.13844	-65.0936	-109.03178	-283.15716	-131.00087	12.20505	34.98781	0
2304	-56.9569	239.21898	300.24423	-96.01306	-148.08794	269.32477	-64.27993	-121.23683	-267.69743	-120.42316	12.20505	33.36047	0
2305	-70.78929	231.89595	297.80322	-85.43535	-158.66565	265.25642	-65.0936	-132.62821	-253.86504	-106.59077	9.76404	31.73313	0
2306	-86.24902	212.36787	289.66652	-68.34828	-169.24336	251.42403	-65.90727	-134.25555	-241.65999	-92.75838	5.69569	30.10579	0
2307	-97.6404	183.07575	273.39312	-46.37919	-176.56639	229.45494	-61.83892	-126.11885	-233.52329	-82.18067	0.81367	27.66478	0
2308	-106.59077	147.27427	251.42403	-22.78276	-176.56639	203.4175	-54.51589	-116.35481	-231.89595	-80.55333	-6.50936	25.22377	0
2309	-107.40444	113.9138	222.94558	-4.88202	-166.80235	178.19373	-48.8202	-110.65912	-235.9643	-90.31737	-16.2734	17.90074	0
2310	-98.45407	88.69003	187.95777	1.62734	-147.27427	157.03831	-43.93818	-106.59077	-236.77797	-100.08141	-21.15542	10.57771	0
2311	-84.62168	74.04397	153.78363	0.81367	-124.49151	139.13757	-40.6835	-99.26774	-227.8276	-102.52242	-14.64606	8.95037	0
2312	-64.27993	75.67131	128.55986	-10.57771	-100.89508	122.86417	-38.24249	-89.5037	-212.36787	-98.45407	-2.44101	11.39138	0
2313	-40.6835	84.62168	113.9138	-30.10579	-78.92599	106.59077	-34.98781	-81.367	-196.09447	-93.57205	6.50936	13.83239	0
2314	-24.4101	92.75838	109.84545	-40.6835	-67.53461	97.6404	-31.73313	-74.85764	-179.0074	-86.24902	13.83239	17.08707	0
2315	-16.2734	100.08141	112.28646	-39.86983	-64.27993	98.45407	-26.03744	-70.78929	-161.10666	-74.85764	20.34175	18.71441	0
2316	-11.39138	100.89508	111.47279	-34.17414	-61.02525	99.26774	-17.90074	-69.16195	-144.01959	-62.65259	20.34175	12.20505	0
2317	-11.39138	82.18067	96.01306	-24.4101	-54.51589	84.62168	-9.76404	-72.41663	-131.00087	-52.88855	8.95037	0	0
2318	-16.2734	52.07488	71.60296	-10.57771	-44.75185	59.39791	-4.06835	-80.55333	-119.60949	-43.12451	-5.69569	-8.1367	0
2319	-20.34175	22.78276	43.12451	0	-30.91946	32.5468	-1.62734	-91.13104	-106.59077	-31.73313	-16.2734	-14.64606	0
2320	-17.90074	0.81367	15.45973	7.32303	-14.64606	8.1367	0	-98.45407	-87.87636	-20.34175	-19.52808	-21.15542	0
2321	-10.57771	-13.01872	-2.44101	14.64606	-3.25468	-4.88202	0.81367	-104.96343	-66.72094	-9.76404	-21.96909	-24.4101	0
2322	-5.69569	-22.78276	-2.44101	20.34175	0	-5.69569	0.81367	-107.40444	-45.56552	-0.81367	-24.4101	-23.59643	0
2323	-7.32303	-30.91946	7.32303	22.78276	-2.44101	-2.44101	-1.62734	-100.08141	-29.29212	3.25468	-26.03744	-22.78276	0
2324	-17.08707	-34.98781	16.2734	23.59643	-9.76404	-1.62734	-5.69569	-82.18067	-21.15542	6.50936	-22.78276	-19.52808	0
2325	-21.96909	-31.73313	16.2734	21.96909	-13.83239	-3.25468	-8.1367	-56.9569	-17.90074	8.1367	-15.45973	-13.83239	0
2326	-17.90074	-26.03744	7.32303	19.52808	-8.95037	-7.32303	-8.95037	-32.5468	-18.71441	9.76404	-12.20505	-11.39138	0
2327	-13.01872	-26.03744	-4.06835	17.90074	-3.25468	-12.20505	-6.50936	-13.83239	-17.90074	14.64606	-10.57771	-13.01872	0
2328	-9.76404	-31.73313	-17.90074	21.15542	2.44101	-20.34175	0.81367	-2.44101	-11.39138	20.34175	-6.50936	-13.83239	0
2329	-8.95037	-38.24249	-33.36047	26.85111	9.76404	-32.5468	15.45973	0.81367	0	21.96909	0	-10.57771	0
2330	-8.95037	-45.56552	-39.05616	33.36047	9.76404	-41.49717	27.66478	-0.81367	15.45973	16.2734	6.50936	-4.06835	0
2331	-10.57771	-52.07488	-34.98781	40.6835	1.62734	-44.75185	31.73313	-4.88202	29.29212	10.57771	12.20505	-0.81367	0
2332	-16.2734	-57.77057	-30.91946	43.12451	-1.62734	-43.93818	26.85111	-4.88202	40.6835	12.20505	17.90074	-2.44101	0
2333	-18.71441	-61.02525	-29.29212	37.42882	-0.81367	-39.86983	16.2734	-3.25468	49.63387	17.90074	20.34175	-3.25468	0
2334	-14.64606	-61.02525	-30.10579	30.10579	3.25468	-38.24249	0.81367	0	52.88855	21.15542	17.08707	-4.88202	0
2335	-9.76404	-60.21158	-38.24249	27.66478	12.20505	-43.12451	-18.71441	-0.81367	48.00653	17.90074	7.32303	-10.57771	0
2336	-4.88202	-65.0936	-48.00653	28.47845	19.52808	-54.51589	-36.61515	-8.95037	41.49717	13.01872	-1.62734	-17.90074	0
2337	4.06835	-69.16195	-54.51589	28.47845	24.4101	-65.90727	-44.75185	-17.08707	39.05616	11.39138	-4.88202	-23.59643	0
2338	13.83239	-69.97562	-61.02525	25.22377	30.10579	-73.2303	-39.86983	-17.08707	40.6835	13.83239	-5.69569	-25.22377	0
2339	8.95037	-70.78929	-65.0936	30.10579	30.91946	-76.48498	-27.66478	-8.95037	48.00653	13.01872	-10.57771	-28.47845	0
2340	-12.20505	-74.04397	-61.83892	46.37919	20.34175	-78.92599	-12.20505	0.81367	56.9569	8.1367	-18.71441	-34.98781	0
2341	-38.24249	-80.55333	-56.14323	64.27993	4.06835	-80.55333	0.81367	10.57771	58.58424	2.44101	-26.03744	-41.49717	0
2342	-58.58424	-88.69003	-52.88855	78.11232	-9.76404	-82.18067	13.01872	20.34175	51.26121	-3.25468	-33.36047	-48.00653	0
2343	-70.78929	-96.01306	-51.26121	87.06269	-18.71441	-83.80801	17.08707	20.34175	42.31084	-6.50936	-37.42882	-48.00653	0
2344	-62.65259	-99.26774	-52.88855	82.18067	-13.01872	-82.18067	12.20505	10.57771	35.80148	-5.69569	-34.98781	-42.31084	0
2345	-39.86983	-96.82673	-61.02525	64.27993	6.50936	-77.29865	8.1367	3.25468	33.36047	-1.62734	-28.47845	-34.17414	0
2346	-21.96909	-87.06269	-69.16195	48.8202	26.85111	-72.41663	6.50936	0.81367	35.80148	5.69569	-17.08707	-26.03744	0
2347	-16.2734	-71.60296	-68.34828	42.31084	33.36047	-66.72094	7.32303	4.06835	43.12451	14.64606	-3.25468	-21.96909	0
2348	-14.64606	-61.83892	-58.58424	39.05616	27.66478	-63.46626	8.95037	11.39138	57.77057	22.78276	4.06835	-21.96909	0
2349	-16.2734	-65.0936	-46.37919	36.61515	18.71441	-63.46626	11.39138	22.78276	74.85764	30.91946	3.25468	-24.4101	0
2350	-23.59643	-74.85764	-41.49717	41.49717	9.76404	-65.0936	14.64606	30.91946	87.06269	32.5468	-4.06835	-30.10579	0
2351	-34.17414	-86.24902	-44.75185	52.88855	4.88202	-66.72094	18.71441	35.80148	93.57205	30.10579	-16.2734	-36.61515	0
2352	-42.31084	-95.19939	-48.8202	63.46626	0.81367	-70.78929	26.03744	37.42882	93.57205	30.10579	-26.03744	-41.49717	0
2353	-43.93818	-98.45407	-52.88855	67.53461	0.81367	-74.85764	34.17414	37.42882	91.94471	32.5468	-27.66478	-45.56552	0
2354	-30.10579	-96.82673	-64.27993	64.27993	13.83239	-79.73966	37.42882	34.17414	92.75838	38.24249	-21.15542	-43.93818	0
2355	-8.1367	-91.94471	-84.62168	58.58424	33.36047	-87.06269	36.61515	29.29212	99.26774	45.56552	-11.39138	-34.17414	0
2356	2.44101	-88.69003	-101.70875	51.26121	43.93818	-94.38572	32.5468	24.4101	111.47279	53.70222	0	-24.4101	0
2357	1.62734	-91.13104	-106.59077	48.00653	43.93818	-97.6404	30.91946	22.78276	125.30518	60.21158	8.95037	-20.34175	0
2358	-7.32303	-96.01306	-98.45407	51.26121	35.80148	-96.01306	32.5468	26.03744	136.69656	63.46626	17.90074	-26.03744	0
2359	-22.78276	-100.89508	-82.18067	57.77057	22.78276	-91.13104	35.80148	34.98781	144.83326	63.46626	25.22377	-39.05616	0
2360	-39.86983	-104.14976	-69.16195	65.90727	8.95037	-84.62168	38.24249	45.56552	148.08794	61.02525	28.47845	-56.14323	0
2361	-51.26121	-104.14976	-64.27993	70.78929	0	-78.92599	38.24249	57.77057	146.4606	56.9569	26.85111	-69.97562	0
2362	-48.8202	-101.70875	-66.72094	68.34828	0	-74.85764	35.80148	69.16195	143.20592	54.51589	21.96909	-76.48498	0
2363	-34.98781	-98.45407	-70.78929	58.58424	7.32303	-72.41663	32.5468	75.67131	140.76491	56.9569	18.71441	-70.78929	0
2364	-22.78276	-92.75838	-68.34828	49.63387	14.64606	-69.16195	30.91946	80.55333	139.95124	62.65259	15.45973	-56.14323	0
2365	-21.96909	-84.62168	-58.58424	43.12451	12.20505	-64.27993	31.73313	82.99434	141.57858	65.0936	8.1367	-37.42882	0
2366	-28.47845	-79.73966	-43.93818	41.49717	4.06835	-56.9569	32.5468	82.99434	144.01959	62.65259	1.62734	-21.96909	0
2367	-34.98781	-74.85764	-34.17414	43.93818	0	-50.44754	32.5468	84.62168	145.64693	56.9569	0.81367	-12.20505	0
2368	-36.61515	-68.34828	-35.80148	47.19286	5.69569	-48.00653	32.5468	87.06269	147.27427	48.8202	1.62734	-8.95037	0
2369	-33.36047	-66.72094	-45.56552	48.8202	16.2734	-53.70222	28.47845	83.80801	141.57858	38.24249	-4.06835	-13.83239	0
2370	-26.03744	-76.48498	-60.21158	48.8202	26.03744	-66.72094	17.08707	74.04397	127.74619	24.4101	-18.71441	-28.47845	0
2371	-16.2734	-89.5037	-76.48498	49.63387	36.61515	-82.99434	4.88202	60.21158	110.65912	13.01872	-39.05616	-49.63387	0
2372	-8.1367	-100.08141	-91.94471	54.51589	45.56552	-98.45407	-1.62734	47.19286	94.38572	7.32303	-56.9569	-70.78929	0
2373	-3.25468	-106.59077	-104.14976	61.02525	50.44754	-109.03178	-4.06835	38.24249	82.99434	5.69569	-68.34828	-85.43535	0
2374	-4.06835	-110.65912	-107.40444	65.0936	49.63387	-112.28646	-0.81367	38.24249	78.92599	8.1367	-70.78929	-89.5037	0
2375	-12.20505	-111.47279	-99.26774	65.0936	40.6835	-108.21811	7.32303	47.19286	84.62168	16.2734	-66.72094	-84.62168	0
2376	-21.96909	-109.03178	-85.43535	63.46626	29.29212	-98.45407	17.90074	59.39791	100.08141	29.29212	-57.77057	-74.04397	0
2377	-24.4101	-104.14976	-70.78929	60.21158	18.71441	-86.24902	27.66478	71.60296	118.79582	43.93818	-47.19286	-62.65259	0
2378	-21.15542	-100.08141	-61.83892	56.9569	13.83239	-78.11232	35.80148	76.48498	134.25555	54.51589	-43.12451	-54.51589	0
2379	-17.08707	-98.45407	-63.46626	56.14323	15.45973	-78.92599	41.49717	73.2303	143.20592	58.58424	-43.12451	-50.44754	0
2380	-15.45973	-99.26774	-69.97562	55.32956	24.4101	-82.99434	45.56552	68.34828	144.83326	57.77057	-43.12451	-48.8202	0
2381	-16.2734	-97.6404	-73.2303	55.32956	33.36047	-84.62168	47.19286	65.0936	138.3239	49.63387	-39.05616	-48.8202	0
2382	-10.57771	-91.94471	-69.97562	46.37919	38.24249	-82.18067	48.8202	65.90727	129.37353	35.80148	-30.10579	-51.26121	0
2383	2.44101	-87.06269	-64.27993	30.10579	39.05616	-81.367	48.8202	61.83892	120.42316	23.59643	-20.34175	-55.32956	0
2384	12.20505	-80.55333	-60.21158	18.71441	39.05616	-78.11232	47.19286	48.00653	113.9138	16.2734	-13.01872	-64.27993	0
2385	13.01872	-76.48498	-63.46626	18.71441	39.05616	-77.29865	43.93818	34.98781	113.10013	12.20505	-11.39138	-74.85764	0
2386	6.50936	-79.73966	-70.78929	26.85111	39.05616	-78.92599	38.24249	34.17414	119.60949	11.39138	-13.83239	-78.92599	0
2387	0	-86.24902	-78.11232	36.61515	38.24249	-79.73966	30.91946	44.75185	129.37353	14.64606	-19.52808	-74.04397	0
2388	-4.88202	-92.75838	-81.367	45.56552	34.98781	-81.367	21.96909	60.21158	138.3239	20.34175	-25.22377	-65.90727	0
2389	-8.95037	-96.01306	-82.18067	51.26121	33.36047	-83.80801	16.2734	74.04397	145.64693	25.22377	-33.36047	-56.9569	0
2390	-11.39138	-96.82673	-83.80801	52.07488	34.17414	-86.24902	17.08707	84.62168	152.15629	26.85111	-44.75185	-47.19286	0
2391	-11.39138	-96.01306	-85.43535	51.26121	35.80148	-88.69003	20.34175	90.31737	155.41097	24.4101	-57.77057	-40.6835	0
2392	-8.1367	-90.31737	-86.24902	46.37919	37.42882	-91.13104	25.22377	91.13104	153.78363	21.96909	-66.72094	-37.42882	0
2393	-4.06835	-81.367	-81.367	40.6835	35.80148	-92.75838	32.5468	87.06269	149.71528	21.15542	-66.72094	-32.5468	0
2394	-4.06835	-72.41663	-76.48498	34.17414	36.61515	-89.5037	41.49717	78.92599	146.4606	24.4101	-56.9569	-23.59643	0
2395	-1.62734	-64.27993	-81.367	24.4101	46.37919	-86.24902	50.44754	69.97562	144.01959	30.91946	-39.05616	-8.95037	0
2396	4.06835	-66.72094	-93.57205	18.71441	60.21158	-88.69003	56.14323	59.39791	141.57858	34.98781	-22.78276	1.62734	0
2397	9.76404	-78.11232	-104.96343	22.78276	69.97562	-95.19939	56.14323	53.70222	142.39225	33.36047	-15.45973	5.69569	0
2398	16.2734	-89.5037	-113.10013	28.47845	74.85764	-101.70875	54.51589	61.02525	147.27427	31.73313	-13.01872	4.88202	0
2399	23.59643	-96.82673	-122.86417	30.91946	79.73966	-108.21811	53.70222	74.85764	152.96996	30.91946	-15.45973	0.81367	0
2400	34.98781	-98.45407	-133.44188	30.91946	87.87636	-113.9138	53.70222	82.99434	157.85198	30.10579	-21.96909	-4.88202	0
2401	48.8202	-90.31737	-139.95124	29.29212	95.19939	-113.10013	55.32956	82.18067	157.85198	25.22377	-30.10579	-11.39138	0
2402	53.70222	-78.11232	-136.69656	27.66478	94.38572	-107.40444	56.9569	75.67131	151.34262	17.90074	-39.86983	-13.83239	0
2403	47.19286	-69.16195	-126.93252	26.85111	84.62168	-101.70875	56.9569	69.16195	135.88289	11.39138	-46.37919	-11.39138	0
2404	39.05616	-61.02525	-113.9138	24.4101	73.2303	-93.57205	55.32956	62.65259	112.28646	9.76404	-45.56552	-6.50936	0
2405	31.73313	-52.07488	-96.01306	20.34175	61.83892	-80.55333	51.26121	56.9569	86.24902	15.45973	-39.05616	-0.81367	0
2406	28.47845	-42.31084	-78.11232	12.20505	52.07488	-65.0936	48.8202	53.70222	74.04397	26.03744	-29.29212	4.88202	0
2407	31.73313	-30.91946	-64.27993	0.81367	46.37919	-49.63387	52.07488	53.70222	84.62168	40.6835	-16.2734	13.01872	0
2408	40.6835	-20.34175	-56.9569	-11.39138	47.19286	-39.86983	58.58424	56.9569	110.65912	56.9569	-4.06835	21.15542	0
2409	54.51589	-14.64606	-58.58424	-22.78276	56.14323	-39.05616	63.46626	61.83892	134.25555	67.53461	1.62734	27.66478	0
2410	71.60296	-11.39138	-68.34828	-34.17414	68.34828	-46.37919	66.72094	66.72094	146.4606	69.16195	0.81367	30.91946	0
2411	83.80801	-12.20505	-84.62168	-40.6835	80.55333	-59.39791	68.34828	71.60296	149.71528	64.27993	-3.25468	29.29212	0
2412	83.80801	-23.59643	-100.89508	-34.98781	87.87636	-74.04397	65.0936	73.2303	147.27427	55.32956	-11.39138	24.4101	0
2413	69.16195	-40.6835	-109.03178	-17.90074	85.43535	-83.80801	56.14323	66.72094	142.39225	43.12451	-21.15542	17.90074	0
2414	51.26121	-53.70222	-105.7771	-0.81367	75.67131	-85.43535	47.19286	55.32956	135.06922	32.5468	-26.85111	15.45973	0
2415	42.31084	-56.9569	-97.6404	8.1367	67.53461	-79.73966	40.6835	43.93818	128.55986	30.10579	-22.78276	19.52808	0
2416	42.31084	-50.44754	-88.69003	11.39138	64.27993	-69.16195	38.24249	35.80148	121.23683	30.91946	-11.39138	27.66478	0
2417	43.93818	-40.6835	-79.73966	8.95037	61.02525	-58.58424	37.42882	29.29212	112.28646	31.73313	-0.81367	30.91946	0
2418	43.93818	-35.80148	-74.04397	4.06835	57.77057	-52.88855	36.61515	24.4101	102.52242	30.91946	0.81367	30.10579	0
2419	37.42882	-35.80148	-71.60296	4.06835	53.70222	-53.70222	36.61515	23.59643	96.01306	32.5468	-2.44101	26.03744	0
2420	19.52808	-43.12451	-73.2303	15.45973	45.56552	-61.02525	38.24249	27.66478	94.38572	36.61515	-7.32303	22.78276	0
2421	4.06835	-56.14323	-82.18067	29.29212	39.86983	-72.41663	40.6835	31.73313	99.26774	43.93818	-12.20505	25.22377	0
2422	-0.81367	-73.2303	-92.75838	38.24249	41.49717	-85.43535	41.49717	37.42882	105.7771	49.63387	-17.90074	30.91946	0
2423	-3.25468	-88.69003	-98.45407	45.56552	45.56552	-96.82673	39.86983	43.12451	112.28646	52.07488	-22.78276	34.17414	0
2424	0	-94.38572	-95.19939	42.31084	46.37919	-99.26774	39.86983	48.00653	119.60949	52.88855	-21.96909	36.61515	0
2425	12.20505	-91.13104	-81.367	28.47845	44.75185	-91.94471	39.86983	51.26121	124.49151	54.51589	-17.08707	38.24249	0
2426	23.59643	-79.73966	-65.0936	17.08707	42.31084	-76.48498	39.05616	48.00653	119.60949	52.07488	-10.57771	34.17414	0
2427	28.47845	-65.90727	-55.32956	11.39138	37.42882	-60.21158	37.42882	39.05616	105.7771	46.37919	-3.25468	27.66478	0
2428	27.66478	-50.44754	-50.44754	6.50936	33.36047	-48.00653	37.42882	30.10579	94.38572	43.93818	0	24.4101	0
2429	28.47845	-35.80148	-54.51589	0	34.98781	-39.86983	41.49717	22.78276	90.31737	43.93818	-3.25468	21.96909	0
2430	37.42882	-24.4101	-66.72094	-9.76404	46.37919	-39.86983	48.8202	21.15542	91.13104	43.12451	-9.76404	19.52808	0
2431	56.14323	-18.71441	-85.43535	-22.78276	66.72094	-48.00653	56.14323	26.03744	95.19939	40.6835	-18.71441	15.45973	0
2432	69.16195	-21.96909	-103.33609	-26.85111	83.80801	-60.21158	61.83892	30.91946	99.26774	35.80148	-30.10579	8.95037	0
2433	69.97562	-31.73313	-107.40444	-20.34175	83.80801	-68.34828	65.0936	36.61515	99.26774	31.73313	-39.86983	4.88202	0
2434	64.27993	-37.42882	-96.01306	-8.95037	72.41663	-67.53461	63.46626	45.56552	94.38572	30.91946	-44.75185	3.25468	0
2435	56.14323	-35.80148	-78.92599	-3.25468	58.58424	-58.58424	61.83892	51.26121	90.31737	34.17414	-43.12451	1.62734	0
2436	47.19286	-21.96909	-64.27993	-4.06835	52.07488	-43.93818	60.21158	52.07488	86.24902	41.49717	-34.17414	-0.81367	0
2437	40.6835	0	-55.32956	-11.39138	56.14323	-27.66478	56.9569	49.63387	80.55333	48.00653	-22.78276	-8.95037	0
2438	40.6835	21.15542	-48.00653	-21.96909	57.77057	-13.83239	50.44754	45.56552	74.85764	50.44754	-15.45973	-23.59643	0
2439	34.17414	30.91946	-34.17414	-30.91946	47.19286	-4.06835	43.12451	40.6835	70.78929	47.19286	-13.83239	-39.86983	0
2440	17.90074	26.03744	-21.15542	-36.61515	30.10579	-0.81367	42.31084	35.80148	72.41663	42.31084	-12.20505	-48.00653	0
2441	8.1367	13.01872	-16.2734	-32.5468	20.34175	-2.44101	48.8202	31.73313	81.367	44.75185	-8.1367	-39.86983	0
2442	10.57771	-3.25468	-17.90074	-19.52808	19.52808	-4.88202	59.39791	31.73313	92.75838	56.14323	-6.50936	-21.15542	0
2443	16.2734	-20.34175	-26.03744	-5.69569	22.78276	-7.32303	71.60296	35.80148	103.33609	66.72094	-5.69569	-6.50936	0
2444	18.71441	-31.73313	-36.61515	3.25468	26.85111	-6.50936	80.55333	39.05616	109.03178	70.78929	-3.25468	4.06835	0
2445	26.85111	-24.4101	-39.05616	-0.81367	31.73313	-6.50936	86.24902	39.86983	110.65912	72.41663	0	17.08707	0
2446	41.49717	0.81367	-30.91946	-19.52808	34.98781	-6.50936	90.31737	42.31084	107.40444	74.85764	7.32303	29.29212	0
2447	49.63387	21.96909	-20.34175	-34.98781	33.36047	-0.81367	88.69003	44.75185	101.70875	74.85764	17.08707	36.61515	0
2448	50.44754	30.91946	-14.64606	-41.49717	30.10579	9.76404	82.18067	48.8202	99.26774	71.60296	23.59643	37.42882	0
2449	48.8202	31.73313	-10.57771	-41.49717	26.85111	17.90074	73.2303	54.51589	104.14976	68.34828	23.59643	34.98781	0
2450	50.44754	36.61515	-4.06835	-43.12451	22.78276	23.59643	61.83892	61.83892	113.9138	71.60296	21.15542	32.5468	0
2451	58.58424	49.63387	0.81367	-52.88855	21.96909	31.73313	46.37919	68.34828	123.67784	78.92599	21.15542	32.5468	0
2452	66.72094	66.72094	5.69569	-66.72094	25.22377	39.05616	29.29212	70.78929	130.1872	88.69003	25.22377	35.80148	0
2453	75.67131	83.80801	9.76404	-80.55333	28.47845	48.00653	11.39138	65.0936	129.37353	97.6404	30.10579	43.12451	0
2454	78.11232	94.38572	15.45973	-87.87636	28.47845	54.51589	-4.06835	46.37919	121.23683	100.89508	31.73313	47.19286	0
2455	68.34828	91.94471	22.78276	-85.43535	21.15542	55.32956	-16.2734	20.34175	113.9138	96.01306	26.85111	44.75185	0
2456	52.07488	82.18067	25.22377	-80.55333	16.2734	53.70222	-26.03744	-3.25468	109.03178	91.13104	21.96909	39.86983	0
2457	39.05616	74.04397	21.96909	-74.85764	19.52808	52.07488	-33.36047	-17.08707	112.28646	93.57205	19.52808	38.24249	0
2458	34.17414	69.97562	19.52808	-68.34828	21.96909	51.26121	-35.80148	-18.71441	122.0505	103.33609	19.52808	39.05616	0
2459	36.61515	66.72094	17.08707	-64.27993	22.78276	48.00653	-32.5468	-12.20505	134.25555	116.35481	18.71441	41.49717	0
2460	42.31084	64.27993	12.20505	-62.65259	23.59643	43.12451	-23.59643	-3.25468	144.01959	128.55986	16.2734	44.75185	0
2461	50.44754	61.02525	12.20505	-59.39791	23.59643	37.42882	-11.39138	1.62734	149.71528	135.06922	11.39138	43.93818	0
2462	61.83892	60.21158	19.52808	-57.77057	21.96909	34.98781	1.62734	1.62734	144.83326	135.06922	6.50936	42.31084	0
2463	71.60296	64.27993	30.10579	-57.77057	16.2734	39.05616	9.76404	-4.06835	126.93252	125.30518	7.32303	43.93818	0
2464	73.2303	63.46626	38.24249	-51.26121	5.69569	43.12451	4.88202	-12.20505	97.6404	102.52242	8.1367	43.12451	0
2465	62.65259	55.32956	38.24249	-38.24249	-2.44101	40.6835	-8.1367	-19.52808	68.34828	72.41663	4.06835	38.24249	0
2466	52.88855	48.00653	28.47845	-28.47845	0	34.98781	-19.52808	-24.4101	52.07488	50.44754	0	35.80148	0
2467	52.88855	39.05616	6.50936	-26.85111	13.83239	21.15542	-23.59643	-26.85111	49.63387	42.31084	-4.06835	39.86983	0
2468	58.58424	26.03744	-20.34175	-30.10579	34.17414	2.44101	-21.15542	-28.47845	52.07488	45.56552	-4.88202	43.93818	0
2469	70.78929	17.08707	-49.63387	-33.36047	57.77057	-14.64606	-13.83239	-24.4101	56.14323	56.9569	-1.62734	48.8202	0
2470	90.31737	7.32303	-79.73966	-35.80148	85.43535	-32.5468	-3.25468	-15.45973	61.83892	69.97562	4.06835	54.51589	0
2471	100.89508	-4.88202	-106.59077	-38.24249	101.70875	-44.75185	7.32303	-1.62734	73.2303	77.29865	6.50936	60.21158	0
2472	93.57205	-19.52808	-126.93252	-34.17414	100.08141	-52.88855	17.08707	9.76404	91.13104	79.73966	4.88202	66.72094	0
2473	78.92599	-34.98781	-138.3239	-23.59643	93.57205	-65.0936	24.4101	18.71441	109.03178	79.73966	3.25468	69.16195	0
2474	62.65259	-52.07488	-135.88289	-9.76404	86.24902	-78.11232	30.91946	24.4101	124.49151	79.73966	4.88202	67.53461	0
2475	44.75185	-62.65259	-121.23683	0	74.04397	-83.80801	34.17414	27.66478	135.88289	78.11232	7.32303	61.83892	0
2476	28.47845	-65.0936	-103.33609	5.69569	62.65259	-80.55333	32.5468	29.29212	139.95124	73.2303	5.69569	50.44754	0
2477	13.01872	-68.34828	-93.57205	12.20505	56.9569	-80.55333	26.03744	30.91946	135.88289	67.53461	0	32.5468	0
2478	0	-78.11232	-94.38572	26.03744	53.70222	-85.43535	23.59643	35.80148	126.93252	63.46626	-4.06835	13.83239	0
2479	-7.32303	-89.5037	-104.96343	43.12451	54.51589	-93.57205	27.66478	40.6835	116.35481	61.02525	-12.20505	0	0
2480	-9.76404	-102.52242	-117.98215	55.32956	59.39791	-104.14976	34.17414	36.61515	101.70875	53.70222	-26.03744	-11.39138	0
2481	-5.69569	-115.54114	-129.37353	62.65259	62.65259	-117.16848	37.42882	17.08707	82.99434	41.49717	-42.31084	-22.78276	0
2482	0.81367	-125.30518	-139.13757	65.90727	64.27993	-128.55986	34.98781	-9.76404	62.65259	25.22377	-56.14323	-34.98781	0
2483	8.1367	-127.74619	-142.39225	65.0936	66.72094	-134.25555	30.10579	-33.36047	45.56552	4.88202	-67.53461	-42.31084	0
2484	11.39138	-130.1872	-143.20592	60.21158	69.16195	-136.69656	25.22377	-43.93818	34.17414	-14.64606	-75.67131	-43.12451	0
2485	8.95037	-131.81454	-141.57858	56.9569	69.16195	-137.51023	21.15542	-43.12451	26.03744	-30.91946	-82.18067	-43.12451	0
2486	0.81367	-133.44188	-135.06922	61.02525	62.65259	-133.44188	15.45973	-38.24249	22.78276	-36.61515	-85.43535	-44.75185	0
2487	-8.95037	-135.06922	-126.11885	66.72094	53.70222	-126.93252	12.20505	-32.5468	27.66478	-30.10579	-81.367	-47.19286	0
2488	-20.34175	-135.06922	-113.9138	72.41663	43.12451	-121.23683	15.45973	-26.03744	40.6835	-14.64606	-71.60296	-46.37919	0
2489	-31.73313	-136.69656	-101.70875	80.55333	31.73313	-117.16848	21.15542	-17.90074	56.14323	2.44101	-61.02525	-43.12451	0
2490	-37.42882	-142.39225	-96.01306	90.31737	24.4101	-117.16848	26.03744	-9.76404	68.34828	16.2734	-54.51589	-40.6835	0
2491	-38.24249	-148.90161	-100.08141	95.19939	24.4101	-125.30518	29.29212	0	75.67131	22.78276	-54.51589	-39.05616	0
2492	-29.29212	-151.34262	-107.40444	93.57205	34.17414	-132.62821	32.5468	8.1367	79.73966	26.03744	-59.39791	-36.61515	0
2493	-11.39138	-152.96996	-117.98215	87.87636	52.07488	-133.44188	37.42882	13.83239	83.80801	23.59643	-61.83892	-36.61515	0
2494	0	-151.34262	-131.81454	77.29865	71.60296	-134.25555	43.93818	15.45973	82.99434	20.34175	-60.21158	-38.24249	0
2495	0	-150.52895	-142.39225	72.41663	80.55333	-139.13757	51.26121	13.83239	74.04397	19.52808	-55.32956	-37.42882	0
2496	-8.95037	-150.52895	-141.57858	75.67131	73.2303	-141.57858	56.9569	8.95037	61.83892	21.15542	-48.00653	-32.5468	0
2497	-21.96909	-146.4606	-131.81454	79.73966	55.32956	-139.95124	57.77057	1.62734	52.07488	26.03744	-41.49717	-30.10579	0
2498	-35.80148	-142.39225	-117.98215	84.62168	38.24249	-134.25555	50.44754	-5.69569	47.19286	29.29212	-39.86983	-34.17414	0
2499	-48.00653	-144.01959	-107.40444	87.06269	29.29212	-129.37353	36.61515	-9.76404	48.00653	27.66478	-43.12451	-42.31084	0
2500	-56.9569	-157.85198	-106.59077	88.69003	27.66478	-132.62821	24.4101	-5.69569	55.32956	23.59643	-45.56552	-48.00653	0
2501	-58.58424	-179.0074	-114.72747	93.57205	30.91946	-142.39225	17.08707	4.88202	64.27993	19.52808	-43.93818	-49.63387	0
2502	-55.32956	-200.16282	-126.93252	108.21811	33.36047	-156.22464	14.64606	17.08707	66.72094	13.01872	-42.31084	-54.51589	0
2503	-52.88855	-210.74053	-135.06922	127.74619	30.91946	-170.05703	16.2734	21.15542	57.77057	7.32303	-44.75185	-66.72094	0
2504	-55.32956	-206.67218	-140.76491	143.20592	29.29212	-177.38006	18.71441	8.95037	38.24249	0.81367	-54.51589	-86.24902	0
2505	-53.70222	-195.2808	-144.83326	144.01959	34.98781	-174.93905	18.71441	-20.34175	9.76404	-8.95037	-68.34828	-103.33609	0
2506	-38.24249	-177.38006	-145.64693	124.49151	47.19286	-164.36134	16.2734	-61.83892	-23.59643	-20.34175	-78.11232	-108.21811	0
2507	-17.08707	-156.22464	-143.20592	96.82673	58.58424	-152.15629	13.83239	-104.96343	-59.39791	-33.36047	-82.18067	-100.89508	0
2508	-0.81367	-138.3239	-139.13757	73.2303	66.72094	-139.95124	10.57771	-148.90161	-100.08141	-46.37919	-84.62168	-80.55333	0
2509	9.76404	-113.9138	-125.30518	49.63387	67.53461	-119.60949	0	-204.23117	-156.22464	-61.02525	-86.24902	-50.44754	0
2510	13.83239	-74.85764	-91.13104	25.22377	53.70222	-82.99434	-26.85111	-282.34349	-245.72834	-82.99434	-83.80801	-16.2734	0
2511	3.25468	-30.91946	-38.24249	7.32303	22.78276	-33.36047	-66.72094	-387.30692	-373.47453	-117.16848	-73.2303	19.52808	0
2512	-16.2734	13.83239	25.22377	-4.88202	-19.52808	20.34175	-108.21811	-507.73008	-530.51284	-157.03831	-48.00653	62.65259	0
2513	-33.36047	65.0936	93.57205	-20.34175	-62.65259	78.92599	-148.90161	-637.91728	-703.82455	-192.02612	-8.1367	112.28646	0
2514	-35.80148	126.93252	159.47932	-48.00653	-100.08141	142.39225	-189.58511	-774.61384	-877.13626	-213.99521	48.00653	171.68437	0
2515	-15.45973	206.67218	222.13191	-96.82673	-125.30518	213.18154	-231.08228	-912.93774	-1035.80191	-218.06356	125.30518	244.91467	0
2516	17.08707	311.63561	287.22551	-169.24336	-139.13757	298.61689	-279.08881	-1064.28036	-1183.07618	-206.67218	218.87723	334.41837	0
2517	43.93818	441.82281	375.10187	-257.11972	-159.47932	408.46234	-336.85938	-1244.10143	-1335.23247	-187.95777	322.21332	435.31345	0
2518	68.34828	587.46974	497.15237	-342.55507	-207.48585	541.90422	-403.58032	-1451.58728	-1504.47583	-165.98868	426.36308	538.64954	0
2519	95.19939	730.67566	638.73095	-415.78537	-275.02046	685.11014	-487.38833	-1673.71919	-1685.92424	-138.3239	524.00348	634.6626	0
2520	118.79582	847.84414	769.73182	-472.74227	-336.04571	803.90596	-591.53809	-1891.78275	-1856.79494	-98.45407	595.60644	706.26556	0
2521	143.20592	922.70178	864.11754	-512.6121	-371.03352	875.50892	-700.56987	-2078.11318	-1984.54113	-56.14323	630.59425	746.13539	0
2522	162.734	962.57161	898.29168	-539.46321	-375.91554	906.42838	-787.63256	-2199.35001	-2044.75271	-34.17414	638.73095	759.96778	0
2523	157.03831	934.09316	853.53983	-528.8855	-353.13278	873.06791	-834.82542	-2228.64213	-2017.08793	-36.61515	602.92947	736.37135	0
2524	126.11885	793.32825	715.21593	-449.95951	-296.98955	740.4397	-843.77579	-2160.29385	-1899.10578	-56.14323	501.22072	655.00435	0
2525	81.367	551.66826	493.89769	-312.44928	-206.67218	515.05311	-827.50239	-2013.83325	-1723.35306	-108.21811	332.79103	518.30779	0
2526	35.80148	256.30605	229.45494	-145.64693	-96.82673	239.21898	-802.27862	-1825.06181	-1545.973	-216.43622	109.03178	344.18241	0
2527	-8.95037	-41.49717	-30.91946	23.59643	9.76404	-36.61515	-777.86852	-1633.03569	-1418.22681	-393.00261	-138.3239	163.54767	0
2528	-48.8202	-301.87157	-248.98302	174.93905	96.01306	-274.20679	-765.66347	-1469.48802	-1366.15193	-621.64388	-358.0148	4.06835	0
2529	-76.48498	-496.3387	-403.58032	290.48019	152.96996	-448.33217	-764.03613	-1336.04614	-1366.9656	-849.47148	-512.6121	-114.72747	0
2530	-91.13104	-606.18415	-493.08402	355.57379	187.95777	-547.59991	-754.27209	-1208.29995	-1370.22028	-1016.27383	-604.55681	-186.33043	0
2531	-91.94471	-637.10361	-528.8855	370.21985	208.29952	-581.77405	-720.09795	-1066.72137	-1329.53678	-1086.24945	-641.98563	-215.62255	0
2532	-84.62168	-616.76186	-531.32651	353.13278	213.99521	-570.38267	-658.25903	-905.61471	-1225.38702	-1061.02568	-628.15324	-218.06356	0
2533	-74.04397	-573.63735	-516.68045	323.02699	208.29952	-536.20853	-570.38267	-730.67566	-1065.9077	-966.63996	-580.14671	-208.29952	0
2534	-58.58424	-525.63082	-492.27035	291.29386	202.60383	-497.96604	-469.48759	-557.36395	-878.7636	-839.70744	-514.23944	-190.39878	0
2535	-46.37919	-493.08402	-467.04658	268.5111	199.34915	-471.11493	-373.47453	-404.39399	-700.56987	-711.14758	-447.5185	-173.31171	0
2536	-42.31084	-477.62429	-446.70483	258.74706	195.2808	-456.46887	-293.73487	-283.97083	-554.10927	-597.23378	-391.37527	-162.734	0
2537	-40.6835	-454.02786	-428.80409	251.42403	196.09447	-438.56813	-231.08228	-193.65346	-442.63648	-499.59338	-346.62342	-154.5973	0
2538	-40.6835	-416.59904	-412.53069	243.28733	202.60383	-413.34436	-183.88942	-130.1872	-354.76012	-414.9717	-309.1946	-149.71528	0
2539	-40.6835	-381.61123	-397.07096	225.38659	202.60383	-393.81628	-148.90161	-92.75838	-278.27514	-344.18241	-279.08881	-146.4606	0
2540	-45.56552	-358.82847	-382.4249	202.60383	190.39878	-384.86591	-117.98215	-70.78929	-201.79016	-282.34349	-251.42403	-144.01959	0
2541	-50.44754	-349.06443	-366.1515	189.58511	172.49804	-376.72921	-84.62168	-49.63387	-119.60949	-225.38659	-222.13191	-135.88289	0
2542	-48.8202	-342.55507	-343.36874	182.26208	154.5973	-358.82847	-51.26121	-22.78276	-40.6835	-174.93905	-192.83979	-126.93252	0
2543	-43.93818	-325.468	-312.44928	173.31171	135.88289	-329.53635	-20.34175	10.57771	25.22377	-132.62821	-166.80235	-120.42316	0
2544	-39.05616	-299.43056	-273.39312	161.10666	116.35481	-292.10753	7.32303	53.70222	76.48498	-98.45407	-142.39225	-111.47279	0
2545	-35.80148	-265.25642	-231.08228	145.64693	95.19939	-250.61036	28.47845	96.01306	112.28646	-70.78929	-116.35481	-100.08141	0
2546	-34.17414	-227.8276	-186.33043	130.1872	72.41663	-207.48585	43.12451	128.55986	137.51023	-45.56552	-90.31737	-87.06269	0
2547	-35.80148	-195.2808	-143.20592	118.79582	46.37919	-168.42969	56.9569	149.71528	161.10666	-16.2734	-70.78929	-69.97562	0
2548	-39.86983	-169.24336	-110.65912	109.03178	26.85111	-140.76491	76.48498	165.98868	189.58511	16.2734	-56.14323	-53.70222	0
2549	-43.12451	-150.52895	-92.75838	98.45407	17.90074	-126.11885	97.6404	182.26208	220.50457	43.93818	-43.12451	-43.12451	0
2550	-51.26121	-142.39225	-89.5037	91.13104	15.45973	-122.86417	112.28646	196.90814	242.47366	54.51589	-35.80148	-40.6835	0
2551	-63.46626	-138.3239	-96.82673	85.43535	13.83239	-123.67784	117.16848	208.29952	253.05137	50.44754	-33.36047	-48.8202	0
2552	-71.60296	-141.57858	-113.9138	85.43535	18.71441	-127.74619	117.98215	215.62255	255.49238	39.05616	-34.98781	-63.46626	0
2553	-74.04397	-152.15629	-131.00087	92.75838	30.10579	-136.69656	115.54114	213.99521	253.86504	27.66478	-42.31084	-75.67131	0
2554	-74.04397	-161.10666	-138.3239	98.45407	35.80148	-141.57858	112.28646	200.97649	250.61036	25.22377	-52.88855	-82.99434	0
2555	-74.85764	-165.98868	-131.00087	104.14976	30.10579	-135.88289	109.03178	183.88942	248.16935	33.36047	-58.58424	-82.99434	0
2556	-77.29865	-165.17501	-112.28646	110.65912	17.90074	-123.67784	106.59077	177.38006	247.35568	45.56552	-52.07488	-74.04397	0
2557	-77.29865	-157.03831	-89.5037	110.65912	4.88202	-109.84545	106.59077	187.95777	247.35568	56.9569	-39.05616	-59.39791	0
2558	-71.60296	-143.20592	-72.41663	103.33609	-2.44101	-99.26774	110.65912	205.85851	250.61036	64.27993	-28.47845	-46.37919	0
2559	-61.02525	-122.0505	-65.0936	91.13104	-1.62734	-88.69003	113.9138	218.87723	257.11972	66.72094	-24.4101	-39.86983	0
2560	-51.26121	-97.6404	-65.0936	80.55333	9.76404	-78.11232	113.10013	225.38659	262.81541	63.46626	-23.59643	-36.61515	0
2561	-43.12451	-87.06269	-69.16195	72.41663	21.15542	-74.04397	107.40444	224.57292	268.5111	63.46626	-25.22377	-38.24249	0
2562	-41.49717	-93.57205	-74.04397	71.60296	26.85111	-78.92599	98.45407	218.06356	272.57945	66.72094	-30.10579	-45.56552	0
2563	-45.56552	-104.14976	-77.29865	75.67131	29.29212	-85.43535	88.69003	211.5542	275.83413	69.97562	-34.98781	-52.07488	0
2564	-45.56552	-105.7771	-74.04397	78.92599	26.85111	-85.43535	82.18067	207.48585	277.46147	71.60296	-35.80148	-56.9569	0
2565	-35.80148	-93.57205	-64.27993	82.18067	23.59643	-76.48498	84.62168	208.29952	279.08881	77.29865	-32.5468	-58.58424	0
2566	-23.59643	-81.367	-58.58424	84.62168	21.96909	-68.34828	97.6404	212.36787	279.08881	83.80801	-31.73313	-59.39791	0
2567	-18.71441	-85.43535	-64.27993	85.43535	24.4101	-74.85764	111.47279	216.43622	279.90248	88.69003	-38.24249	-59.39791	0
2568	-14.64606	-102.52242	-84.62168	82.18067	30.10579	-93.57205	122.86417	219.6909	283.15716	94.38572	-47.19286	-58.58424	0
2569	-7.32303	-118.79582	-109.03178	74.04397	37.42882	-113.9138	131.00087	226.20026	288.03918	98.45407	-52.07488	-60.21158	0
2570	2.44101	-120.42316	-124.49151	65.90727	47.19286	-122.0505	138.3239	238.40531	294.54854	100.89508	-49.63387	-63.46626	0
2571	10.57771	-110.65912	-122.0505	60.21158	52.88855	-113.9138	140.76491	254.67871	310.00827	104.96343	-44.75185	-62.65259	0
2572	8.1367	-105.7771	-109.03178	59.39791	53.70222	-100.89508	135.88289	269.32477	326.28167	109.84545	-42.31084	-56.14323	0
2573	-4.06835	-108.21811	-96.82673	61.83892	53.70222	-95.19939	124.49151	275.02046	331.16369	111.47279	-40.6835	-49.63387	0
2574	-15.45973	-113.9138	-93.57205	65.90727	54.51589	-97.6404	109.03178	266.07009	314.89029	107.40444	-38.24249	-48.00653	0
2575	-24.4101	-126.11885	-98.45407	73.2303	52.07488	-108.21811	95.19939	248.16935	287.22551	97.6404	-39.05616	-52.07488	0
2576	-30.10579	-141.57858	-105.7771	82.99434	47.19286	-122.86417	89.5037	232.70962	265.25642	85.43535	-40.6835	-58.58424	0
2577	-28.47845	-150.52895	-111.47279	86.24902	42.31084	-134.25555	96.01306	224.57292	253.86504	75.67131	-40.6835	-63.46626	0
2578	-25.22377	-153.78363	-115.54114	85.43535	40.6835	-139.95124	109.03178	223.75925	254.67871	74.04397	-35.80148	-63.46626	0
2579	-22.78276	-154.5973	-115.54114	87.06269	37.42882	-139.13757	126.93252	232.70962	268.5111	82.18067	-26.03744	-56.9569	0
2580	-17.08707	-148.90161	-105.7771	89.5037	29.29212	-130.1872	144.83326	253.05137	288.85285	100.08141	-10.57771	-44.75185	0
2581	-7.32303	-128.55986	-92.75838	78.11232	22.78276	-111.47279	159.47932	282.34349	305.12625	117.98215	6.50936	-34.98781	0
2582	3.25468	-96.01306	-80.55333	56.14323	21.15542	-88.69003	167.61602	308.38093	313.26295	126.11885	17.90074	-31.73313	0
2583	9.76404	-71.60296	-72.41663	41.49717	21.96909	-71.60296	166.80235	320.58598	312.44928	126.11885	17.90074	-32.5468	0
2584	6.50936	-61.83892	-69.16195	39.05616	24.4101	-62.65259	157.03831	313.26295	301.87157	122.0505	7.32303	-33.36047	0
2585	-1.62734	-58.58424	-71.60296	38.24249	25.22377	-57.77057	144.83326	293.73487	285.59817	117.16848	-6.50936	-34.17414	0
2586	-13.83239	-56.9569	-69.97562	36.61515	18.71441	-53.70222	134.25555	275.02046	269.32477	114.72747	-17.08707	-31.73313	0
2587	-22.78276	-52.88855	-56.14323	33.36047	7.32303	-45.56552	127.74619	269.32477	263.62908	117.98215	-18.71441	-27.66478	0
2588	-31.73313	-46.37919	-33.36047	32.5468	-5.69569	-34.17414	122.0505	277.46147	269.32477	124.49151	-11.39138	-24.4101	0
2589	-40.6835	-43.12451	-14.64606	34.17414	-16.2734	-25.22377	121.23683	292.10753	283.15716	134.25555	0	-21.15542	0
2590	-42.31084	-39.86983	-4.88202	34.17414	-19.52808	-20.34175	126.11885	306.75359	302.68524	143.20592	12.20505	-20.34175	0
2591	-36.61515	-34.98781	0	30.10579	-17.90074	-18.71441	131.81454	318.14497	322.21332	148.08794	25.22377	-23.59643	0
2592	-31.73313	-35.80148	2.44101	26.03744	-16.2734	-23.59643	135.06922	323.84066	337.67305	148.08794	35.80148	-30.10579	0
2593	-30.10579	-41.49717	0.81367	24.4101	-15.45973	-30.10579	135.06922	327.09534	349.06443	146.4606	35.80148	-34.98781	0
2594	-27.66478	-43.93818	-3.25468	23.59643	-12.20505	-31.73313	130.1872	327.09534	352.31911	142.39225	22.78276	-36.61515	0
2595	-18.71441	-34.17414	-5.69569	17.90074	-11.39138	-26.03744	124.49151	327.09534	347.43709	137.51023	5.69569	-34.17414	0
2596	-4.06835	-13.83239	-2.44101	3.25468	-15.45973	-11.39138	123.67784	327.90901	337.67305	131.81454	-8.1367	-23.59643	0
2597	3.25468	7.32303	7.32303	-8.1367	-21.96909	5.69569	126.11885	331.16369	328.72268	126.93252	-15.45973	-5.69569	0
2598	3.25468	25.22377	21.96909	-17.08707	-26.03744	23.59643	128.55986	342.55507	324.65433	125.30518	-15.45973	11.39138	0
2599	3.25468	35.80148	31.73313	-22.78276	-25.22377	34.98781	130.1872	361.26948	325.468	124.49151	-9.76404	24.4101	0
2600	4.88202	37.42882	30.91946	-26.03744	-17.90074	36.61515	130.1872	381.61123	329.53635	121.23683	-3.25468	30.10579	0
2601	7.32303	37.42882	26.85111	-25.22377	-10.57771	34.17414	125.30518	394.62995	333.6047	117.98215	4.06835	26.85111	0
2602	10.57771	46.37919	22.78276	-25.22377	-8.95037	34.17414	118.79582	401.13931	336.85938	119.60949	14.64606	19.52808	0
2603	12.20505	61.83892	18.71441	-28.47845	-13.01872	33.36047	111.47279	401.13931	336.04571	123.67784	21.15542	15.45973	0
2604	10.57771	75.67131	17.08707	-34.98781	-14.64606	34.17414	109.03178	401.13931	336.04571	128.55986	24.4101	13.83239	0
2605	12.20505	87.87636	20.34175	-48.00653	-6.50936	40.6835	114.72747	409.27601	342.55507	137.51023	30.10579	16.2734	0
2606	22.78276	95.19939	29.29212	-61.02525	-1.62734	52.07488	126.93252	426.36308	354.76012	149.71528	38.24249	21.96909	0
2607	37.42882	97.6404	44.75185	-68.34828	-6.50936	65.0936	139.13757	446.70483	366.96517	161.10666	43.12451	32.5468	0
2608	47.19286	103.33609	61.83892	-74.04397	-14.64606	79.73966	150.52895	464.60557	378.35655	167.61602	49.63387	45.56552	0
2609	53.70222	120.42316	78.92599	-78.92599	-19.52808	100.08141	159.47932	478.43796	385.67958	168.42969	56.14323	56.14323	0
2610	50.44754	142.39225	100.89508	-87.06269	-29.29212	122.86417	161.10666	484.13365	381.61123	159.47932	56.14323	60.21158	0
2611	32.5468	158.66565	128.55986	-98.45407	-49.63387	144.83326	156.22464	480.87897	364.52416	144.83326	48.8202	61.83892	0
2612	14.64606	171.68437	153.78363	-105.7771	-69.97562	161.92033	145.64693	475.18328	345.80975	132.62821	39.05616	63.46626	0
2613	7.32303	182.26208	170.05703	-108.21811	-81.367	170.8707	133.44188	471.11493	332.79103	129.37353	30.91946	64.27993	0
2614	5.69569	189.58511	179.82107	-109.03178	-87.06269	176.56639	123.67784	469.48759	323.02699	126.93252	33.36047	69.16195	0
2615	6.50936	194.46713	187.1441	-108.21811	-90.31737	183.88942	117.98215	470.30126	313.26295	123.67784	46.37919	79.73966	0
2616	11.39138	200.97649	191.21245	-108.21811	-90.31737	192.02612	117.98215	468.67392	307.56726	122.86417	65.0936	92.75838	0
2617	16.2734	205.85851	191.21245	-110.65912	-87.06269	196.90814	117.16848	464.60557	307.56726	125.30518	82.99434	105.7771	0
2618	20.34175	208.29952	194.46713	-113.9138	-90.31737	200.97649	113.9138	462.97823	305.93992	128.55986	96.82673	116.35481	0
2619	22.78276	209.11319	205.04484	-112.28646	-100.89508	207.48585	112.28646	465.41924	301.87157	130.1872	104.96343	122.86417	0
2620	26.03744	216.43622	214.80888	-113.9138	-108.21811	216.43622	117.16848	469.48759	298.61689	132.62821	109.84545	128.55986	0
2621	30.91946	224.57292	213.18154	-122.0505	-103.33609	219.6909	119.60949	472.74227	291.29386	130.1872	109.03178	131.81454	0
2622	36.61515	231.08228	204.23117	-131.00087	-91.13104	218.87723	112.28646	471.9286	276.6478	122.0505	100.89508	132.62821	0
2623	41.49717	249.79669	202.60383	-148.90161	-80.55333	227.01393	103.33609	466.23291	261.18807	115.54114	94.38572	138.3239	0
2624	49.63387	288.85285	214.80888	-181.44841	-75.67131	252.2377	98.45407	459.72355	248.98302	113.9138	95.19939	152.96996	0
2625	64.27993	332.79103	235.9643	-214.80888	-77.29865	280.71615	91.94471	449.95951	233.52329	112.28646	97.6404	166.80235	0
2626	81.367	368.59251	259.56073	-240.84632	-82.18067	303.49891	82.99434	432.87244	209.11319	104.14976	96.01306	172.49804	0
2627	94.38572	393.00261	280.71615	-252.2377	-88.69003	323.02699	71.60296	412.53069	174.12538	94.38572	92.75838	174.93905	0
2628	101.70875	406.835	294.54854	-249.79669	-94.38572	339.30039	60.21158	388.93426	133.44188	82.99434	91.13104	174.12538	0
2629	98.45407	409.27601	305.12625	-241.65999	-103.33609	350.69177	48.00653	368.59251	103.33609	74.85764	90.31737	172.49804	0
2630	81.367	405.20766	319.77231	-232.70962	-119.60949	359.64214	43.12451	357.20113	88.69003	69.16195	96.01306	176.56639	0
2631	61.02525	402.76665	336.85938	-223.75925	-137.51023	368.59251	46.37919	353.94645	83.80801	63.46626	103.33609	187.95777	0
2632	46.37919	399.51197	346.62342	-217.24989	-150.52895	374.2882	49.63387	357.20113	82.18067	58.58424	104.96343	199.34915	0
2633	36.61515	393.81628	350.69177	-211.5542	-157.85198	373.47453	45.56552	355.57379	75.67131	52.88855	102.52242	205.04484	0
2634	28.47845	389.74793	354.76012	-208.29952	-165.98868	374.2882	40.6835	346.62342	57.77057	44.75185	104.14976	209.11319	0
2635	22.78276	395.44362	365.33783	-206.67218	-175.75272	384.86591	40.6835	330.35002	29.29212	33.36047	110.65912	214.80888	0
2636	22.78276	410.90335	379.98389	-209.11319	-183.88942	400.32564	41.49717	308.38093	-10.57771	21.96909	118.79582	218.87723	0
2637	26.03744	424.73574	394.62995	-215.62255	-187.1441	413.34436	40.6835	283.15716	-52.88855	15.45973	127.74619	219.6909	0
2638	29.29212	427.99042	402.76665	-221.31824	-185.51676	414.15803	36.61515	261.18807	-80.55333	13.01872	133.44188	216.43622	0
2639	34.98781	427.17675	399.51197	-222.94558	-177.38006	409.27601	32.5468	246.54201	-90.31737	15.45973	134.25555	210.74053	0
2640	49.63387	438.56813	393.81628	-222.13191	-167.61602	412.53069	28.47845	239.21898	-88.69003	21.15542	134.25555	205.04484	0
2641	58.58424	458.09621	397.07096	-221.31824	-165.17501	423.1084	22.78276	231.08228	-82.18067	24.4101	132.62821	200.16282	0
2642	47.19286	470.30126	404.39399	-219.6909	-173.31171	435.31345	13.83239	209.92686	-83.80801	22.78276	127.74619	196.90814	0
2643	28.47845	473.55594	409.27601	-221.31824	-182.26208	445.89116	0.81367	173.31171	-100.08141	13.01872	119.60949	193.65346	0
2644	17.08707	470.30126	414.9717	-225.38659	-188.77144	451.58685	-16.2734	126.11885	-130.1872	-4.88202	107.40444	188.77144	0
2645	9.76404	455.6552	417.41271	-223.75925	-196.09447	445.07749	-34.98781	73.2303	-165.98868	-31.73313	90.31737	182.26208	0
2646	0.81367	432.87244	416.59904	-214.80888	-202.60383	430.43143	-48.8202	26.03744	-198.53548	-53.70222	71.60296	174.93905	0
2647	-8.95037	413.34436	415.78537	-204.23117	-209.92686	418.22638	-59.39791	-4.06835	-219.6909	-63.46626	52.07488	169.24336	0
2648	-17.08707	400.32564	414.9717	-195.2808	-216.43622	410.08968	-65.0936	-21.15542	-228.64127	-61.02525	32.5468	165.17501	0
2649	-21.96909	389.74793	410.08968	-189.58511	-218.06356	401.95298	-65.90727	-26.03744	-231.08228	-54.51589	14.64606	162.734	0
2650	-23.59643	381.61123	401.13931	-184.70309	-214.80888	393.81628	-64.27993	-28.47845	-232.70962	-51.26121	-0.81367	161.10666	0
2651	-23.59643	373.47453	388.93426	-179.82107	-209.11319	383.23857	-61.83892	-34.17414	-237.59164	-57.77057	-8.95037	155.41097	0
2652	-21.96909	354.76012	371.03352	-168.42969	-200.97649	364.52416	-56.9569	-42.31084	-247.35568	-74.85764	-8.1367	144.83326	0
2653	-22.78276	323.02699	350.69177	-147.27427	-195.2808	337.67305	-52.07488	-54.51589	-265.25642	-99.26774	-6.50936	135.06922	0
2654	-26.85111	292.10753	331.16369	-126.11885	-189.58511	312.44928	-48.8202	-67.53461	-287.22551	-122.86417	-7.32303	127.74619	0
2655	-31.73313	266.88376	311.63561	-111.47279	-180.63474	289.66652	-48.00653	-80.55333	-308.38093	-139.13757	-10.57771	121.23683	0
2656	-34.17414	244.91467	290.48019	-100.89508	-169.24336	267.69743	-46.37919	-90.31737	-318.14497	-142.39225	-11.39138	114.72747	0
2657	-38.24249	228.64127	273.39312	-93.57205	-162.734	250.61036	-44.75185	-95.19939	-310.82194	-134.25555	-9.76404	103.33609	0
2658	-42.31084	216.43622	262.00174	-87.87636	-159.47932	239.21898	-43.93818	-96.01306	-287.22551	-119.60949	-8.95037	90.31737	0
2659	-48.00653	198.53548	249.79669	-76.48498	-156.22464	224.57292	-43.93818	-94.38572	-252.2377	-101.70875	-11.39138	78.11232	0
2660	-45.56552	171.68437	225.38659	-61.83892	-144.01959	199.34915	-42.31084	-89.5037	-217.24989	-85.43535	-15.45973	65.90727	0
2661	-33.36047	144.83326	187.1441	-52.07488	-118.79582	165.98868	-37.42882	-88.69003	-193.65346	-71.60296	-23.59643	54.51589	0
2662	-15.45973	125.30518	144.83326	-52.88855	-87.87636	135.88289	-29.29212	-92.75838	-183.07575	-61.83892	-35.80148	49.63387	0
2663	11.39138	117.98215	111.47279	-67.53461	-55.32956	114.72747	-20.34175	-96.01306	-177.38006	-56.14323	-48.00653	52.88855	0
2664	44.75185	122.0505	96.01306	-93.57205	-29.29212	109.03178	-10.57771	-88.69003	-164.36134	-51.26121	-54.51589	62.65259	0
2665	65.90727	138.3239	98.45407	-115.54114	-17.90074	117.98215	-4.88202	-73.2303	-144.83326	-44.75185	-54.51589	74.85764	0
2666	69.16195	152.15629	105.7771	-122.86417	-18.71441	128.55986	-2.44101	-56.14323	-121.23683	-36.61515	-52.07488	81.367	0
2667	62.65259	150.52895	108.21811	-113.10013	-24.4101	129.37353	-0.81367	-40.6835	-97.6404	-27.66478	-50.44754	78.92599	0
2668	51.26121	130.1872	101.70875	-89.5037	-32.5468	115.54114	0.81367	-29.29212	-78.92599	-21.96909	-53.70222	67.53461	0
2669	34.17414	100.89508	87.06269	-61.83892	-36.61515	92.75838	4.06835	-21.15542	-65.90727	-17.90074	-60.21158	52.88855	0
2670	17.08707	74.04397	66.72094	-39.86983	-32.5468	65.90727	8.95037	-14.64606	-56.9569	-14.64606	-66.72094	39.05616	0
2671	8.1367	52.88855	42.31084	-25.22377	-21.96909	40.6835	14.64606	-9.76404	-53.70222	-16.2734	-74.85764	24.4101	0
2672	3.25468	38.24249	21.96909	-17.08707	-9.76404	22.78276	17.90074	-6.50936	-55.32956	-21.96909	-82.99434	9.76404	0
2673	1.62734	30.10579	12.20505	-13.01872	-0.81367	15.45973	17.08707	-4.88202	-57.77057	-30.10579	-90.31737	-3.25468	0
2674	3.25468	30.91946	15.45973	-15.45973	0	19.52808	18.71441	-4.88202	-58.58424	-35.80148	-96.01306	-14.64606	0
2675	8.95037	41.49717	26.85111	-24.4101	-2.44101	31.73313	21.15542	-4.88202	-52.88855	-33.36047	-95.19939	-18.71441	0
2676	13.01872	49.63387	34.98781	-30.91946	-6.50936	41.49717	23.59643	-6.50936	-41.49717	-25.22377	-91.94471	-16.2734	0
2677	13.83239	43.12451	28.47845	-30.10579	-4.06835	35.80148	22.78276	-8.95037	-30.91946	-14.64606	-88.69003	-17.90074	0
2678	13.01872	27.66478	12.20505	-24.4101	1.62734	20.34175	18.71441	-13.83239	-23.59643	-5.69569	-83.80801	-26.03744	0
2679	9.76404	11.39138	-0.81367	-17.90074	7.32303	6.50936	16.2734	-19.52808	-15.45973	1.62734	-82.99434	-34.98781	0
2680	8.1367	-2.44101	-9.76404	-12.20505	10.57771	-2.44101	19.52808	-26.03744	-5.69569	11.39138	-86.24902	-40.6835	0
2681	2.44101	-14.64606	-19.52808	-3.25468	9.76404	-10.57771	29.29212	-26.03744	5.69569	20.34175	-86.24902	-40.6835	0
2682	-8.95037	-28.47845	-32.5468	10.57771	4.88202	-20.34175	36.61515	-17.08707	17.90074	24.4101	-81.367	-35.80148	0
2683	-22.78276	-48.00653	-43.12451	29.29212	0	-34.98781	35.80148	-4.88202	26.85111	24.4101	-78.11232	-33.36047	0
2684	-34.17414	-68.34828	-49.63387	48.8202	-0.81367	-50.44754	26.85111	4.06835	32.5468	23.59643	-78.92599	-35.80148	0
2685	-39.05616	-82.99434	-52.88855	63.46626	0	-62.65259	16.2734	10.57771	42.31084	24.4101	-77.29865	-37.42882	0
2686	-40.6835	-94.38572	-52.07488	71.60296	4.06835	-73.2303	6.50936	12.20505	56.9569	30.10579	-71.60296	-37.42882	0
2687	-40.6835	-97.6404	-48.8202	69.16195	13.01872	-79.73966	1.62734	10.57771	74.04397	38.24249	-62.65259	-34.98781	0
2688	-37.42882	-84.62168	-48.00653	55.32956	24.4101	-76.48498	3.25468	11.39138	89.5037	48.00653	-56.9569	-29.29212	0
2689	-31.73313	-61.83892	-42.31084	40.6835	26.85111	-60.21158	8.1367	15.45973	98.45407	58.58424	-54.51589	-24.4101	0
2690	-23.59643	-44.75185	-30.10579	30.91946	17.08707	-42.31084	13.83239	19.52808	100.89508	66.72094	-55.32956	-22.78276	0
2691	-14.64606	-34.98781	-18.71441	27.66478	3.25468	-29.29212	19.52808	24.4101	98.45407	69.97562	-57.77057	-26.03744	0
2692	-7.32303	-32.5468	-13.01872	30.91946	-2.44101	-19.52808	26.03744	27.66478	95.19939	70.78929	-57.77057	-29.29212	0
2693	-4.06835	-40.6835	-11.39138	38.24249	-3.25468	-13.83239	30.91946	28.47845	91.94471	68.34828	-56.9569	-30.91946	0
2694	-4.06835	-53.70222	-17.90074	43.93818	0	-19.52808	28.47845	26.85111	88.69003	59.39791	-57.77057	-35.80148	0
2695	-8.95037	-64.27993	-31.73313	45.56552	7.32303	-34.17414	17.08707	21.15542	87.87636	48.8202	-63.46626	-47.19286	0
2696	-18.71441	-68.34828	-43.12451	43.12451	14.64606	-46.37919	3.25468	13.83239	87.06269	43.93818	-70.78929	-58.58424	0
2697	-24.4101	-69.97562	-47.19286	42.31084	15.45973	-53.70222	-1.62734	10.57771	88.69003	43.93818	-71.60296	-63.46626	0
2698	-23.59643	-77.29865	-48.00653	47.19286	13.83239	-63.46626	-1.62734	12.20505	93.57205	46.37919	-68.34828	-65.90727	0
2699	-23.59643	-90.31737	-52.88855	53.70222	18.71441	-77.29865	0	16.2734	99.26774	46.37919	-67.53461	-70.78929	0
2700	-28.47845	-103.33609	-66.72094	59.39791	28.47845	-93.57205	2.44101	20.34175	104.14976	41.49717	-69.97562	-74.04397	0
2701	-30.91946	-112.28646	-80.55333	64.27993	33.36047	-104.14976	8.1367	25.22377	108.21811	38.24249	-68.34828	-71.60296	0
2702	-21.15542	-116.35481	-84.62168	61.83892	33.36047	-106.59077	15.45973	32.5468	109.84545	38.24249	-60.21158	-65.0936	0
2703	-2.44101	-117.98215	-83.80801	51.26121	35.80148	-107.40444	21.96909	43.12451	111.47279	38.24249	-49.63387	-62.65259	0
2704	8.1367	-114.72747	-83.80801	45.56552	39.86983	-105.7771	28.47845	52.07488	112.28646	34.98781	-43.12451	-60.21158	0
2705	8.95037	-113.10013	-87.87636	50.44754	42.31084	-104.96343	33.36047	52.88855	109.84545	30.91946	-41.49717	-57.77057	0
2706	3.25468	-115.54114	-100.08141	57.77057	48.00653	-112.28646	35.80148	43.93818	101.70875	26.85111	-40.6835	-60.21158	0
2707	-0.81367	-114.72747	-111.47279	63.46626	52.88855	-119.60949	34.17414	33.36047	93.57205	27.66478	-39.05616	-65.90727	0
2708	-3.25468	-109.03178	-115.54114	61.83892	54.51589	-119.60949	30.10579	28.47845	92.75838	29.29212	-37.42882	-71.60296	0
2709	0	-103.33609	-115.54114	54.51589	56.9569	-114.72747	24.4101	33.36047	99.26774	34.17414	-39.05616	-74.85764	0
2710	1.62734	-100.89508	-114.72747	48.8202	62.65259	-110.65912	20.34175	45.56552	109.03178	38.24249	-40.6835	-75.67131	0
2711	-3.25468	-100.08141	-107.40444	49.63387	73.2303	-105.7771	22.78276	61.83892	118.79582	40.6835	-44.75185	-72.41663	0
2712	-4.06835	-91.13104	-97.6404	43.93818	83.80801	-94.38572	34.17414	78.11232	127.74619	43.93818	-50.44754	-66.72094	0
2713	11.39138	-71.60296	-92.75838	26.03744	91.13104	-80.55333	47.19286	87.06269	131.00087	49.63387	-52.88855	-64.27993	0
2714	30.91946	-53.70222	-90.31737	8.95037	87.87636	-69.97562	57.77057	85.43535	124.49151	53.70222	-51.26121	-62.65259	0
2715	38.24249	-42.31084	-80.55333	0.81367	75.67131	-60.21158	64.27993	77.29865	113.10013	49.63387	-48.00653	-56.14323	0
2716	33.36047	-35.80148	-64.27993	0	56.9569	-48.8202	66.72094	68.34828	101.70875	35.80148	-44.75185	-48.00653	0
2717	21.96909	-32.5468	-48.00653	3.25468	38.24249	-39.05616	63.46626	59.39791	96.01306	21.96909	-41.49717	-42.31084	0
2718	12.20505	-34.17414	-36.61515	8.1367	26.85111	-36.61515	56.9569	48.8202	97.6404	15.45973	-36.61515	-39.05616	0
2719	2.44101	-50.44754	-36.61515	19.52808	24.4101	-44.75185	49.63387	36.61515	101.70875	15.45973	-35.80148	-39.86983	0
2720	-8.1367	-77.29865	-49.63387	39.05616	26.85111	-56.14323	43.93818	28.47845	110.65912	19.52808	-39.86983	-43.93818	0
2721	-18.71441	-101.70875	-65.0936	60.21158	30.10579	-69.97562	41.49717	26.85111	125.30518	25.22377	-44.75185	-49.63387	0
2722	-25.22377	-121.23683	-72.41663	80.55333	33.36047	-84.62168	41.49717	34.17414	140.76491	34.98781	-44.75185	-51.26121	0
2723	-30.10579	-131.00087	-77.29865	91.94471	33.36047	-95.19939	41.49717	49.63387	149.71528	43.12451	-43.93818	-50.44754	0
2724	-27.66478	-126.93252	-81.367	87.87636	33.36047	-98.45407	34.98781	60.21158	149.71528	44.75185	-45.56552	-52.88855	0
2725	-20.34175	-113.10013	-81.367	74.85764	33.36047	-95.19939	23.59643	65.90727	142.39225	44.75185	-43.93818	-56.9569	0
2726	-18.71441	-94.38572	-75.67131	63.46626	29.29212	-87.87636	12.20505	69.16195	128.55986	47.19286	-37.42882	-58.58424	0
2727	-17.08707	-76.48498	-65.90727	52.07488	24.4101	-76.48498	8.95037	72.41663	124.49151	50.44754	-28.47845	-56.9569	0
2728	-14.64606	-61.02525	-56.9569	39.05616	19.52808	-65.0936	13.83239	73.2303	131.81454	56.9569	-17.08707	-50.44754	0
2729	-14.64606	-57.77057	-52.07488	28.47845	13.83239	-62.65259	21.96909	72.41663	139.13757	64.27993	-6.50936	-43.12451	0
2730	-10.57771	-67.53461	-53.70222	20.34175	9.76404	-68.34828	27.66478	69.97562	145.64693	62.65259	-4.88202	-42.31084	0
2731	-2.44101	-80.55333	-62.65259	15.45973	12.20505	-77.29865	32.5468	68.34828	157.03831	52.07488	-12.20505	-49.63387	0
2732	7.32303	-90.31737	-75.67131	8.95037	21.96909	-86.24902	35.80148	69.97562	170.05703	38.24249	-24.4101	-61.02525	0
2733	15.45973	-91.94471	-87.06269	8.1367	33.36047	-89.5037	39.05616	77.29865	183.07575	28.47845	-34.98781	-72.41663	0
2734	11.39138	-97.6404	-93.57205	21.96909	39.86983	-95.19939	42.31084	88.69003	192.83979	27.66478	-35.80148	-76.48498	0
2735	-3.25468	-109.03178	-96.01306	44.75185	38.24249	-101.70875	45.56552	97.6404	194.46713	31.73313	-28.47845	-73.2303	0
2736	-19.52808	-115.54114	-90.31737	62.65259	31.73313	-101.70875	47.19286	100.08141	190.39878	37.42882	-15.45973	-67.53461	0
2737	-30.10579	-116.35481	-80.55333	71.60296	26.03744	-96.82673	44.75185	97.6404	185.51676	42.31084	-3.25468	-64.27993	0
2738	-32.5468	-113.10013	-72.41663	69.97562	26.85111	-87.06269	38.24249	90.31737	182.26208	45.56552	3.25468	-65.0936	0
2739	-28.47845	-101.70875	-70.78929	57.77057	34.17414	-78.92599	34.98781	83.80801	181.44841	48.00653	7.32303	-65.90727	0
2740	-17.90074	-87.06269	-74.04397	42.31084	41.49717	-74.85764	38.24249	80.55333	183.88942	51.26121	8.95037	-67.53461	0
2741	-7.32303	-74.04397	-76.48498	31.73313	43.93818	-75.67131	43.12451	81.367	184.70309	51.26121	8.95037	-72.41663	0
2742	-7.32303	-66.72094	-71.60296	30.10579	40.6835	-79.73966	47.19286	82.99434	180.63474	48.00653	6.50936	-78.11232	0
2743	-17.90074	-70.78929	-63.46626	39.86983	36.61515	-82.99434	48.00653	78.92599	170.8707	39.86983	0.81367	-87.87636	0
2744	-35.80148	-84.62168	-66.72094	55.32956	31.73313	-94.38572	43.93818	69.97562	155.41097	22.78276	-13.01872	-102.52242	0
2745	-52.07488	-101.70875	-84.62168	67.53461	28.47845	-113.9138	36.61515	56.9569	137.51023	0	-26.03744	-117.16848	0
2746	-53.70222	-117.16848	-105.7771	73.2303	32.5468	-123.67784	26.85111	43.93818	118.79582	-17.08707	-26.03744	-122.0505	0
2747	-41.49717	-124.49151	-119.60949	72.41663	47.19286	-119.60949	23.59643	39.86983	109.03178	-13.83239	-17.08707	-109.84545	0
2748	-26.03744	-121.23683	-123.67784	64.27993	64.27993	-109.84545	30.10579	48.00653	111.47279	8.95037	-10.57771	-92.75838	0
2749	-11.39138	-109.03178	-117.98215	53.70222	71.60296	-101.70875	34.98781	56.9569	115.54114	35.80148	-10.57771	-81.367	0
2750	-5.69569	-103.33609	-109.84545	49.63387	66.72094	-99.26774	31.73313	62.65259	115.54114	50.44754	-21.96909	-80.55333	0
2751	-6.50936	-107.40444	-109.84545	53.70222	59.39791	-100.08141	27.66478	65.90727	114.72747	52.07488	-39.05616	-92.75838	0
2752	-3.25468	-112.28646	-115.54114	55.32956	58.58424	-104.96343	27.66478	67.53461	114.72747	45.56552	-52.88855	-106.59077	0
2753	0	-114.72747	-122.0505	55.32956	60.21158	-110.65912	34.17414	69.97562	116.35481	38.24249	-59.39791	-111.47279	0
2754	3.25468	-113.9138	-121.23683	53.70222	58.58424	-112.28646	43.93818	71.60296	119.60949	37.42882	-54.51589	-104.96343	0
2755	1.62734	-106.59077	-109.84545	52.07488	52.07488	-105.7771	50.44754	65.90727	123.67784	36.61515	-46.37919	-93.57205	0
2756	0	-100.08141	-91.13104	50.44754	40.6835	-92.75838	50.44754	48.8202	124.49151	29.29212	-44.75185	-83.80801	0
2757	-0.81367	-96.01306	-72.41663	46.37919	30.91946	-77.29865	43.93818	29.29212	121.23683	17.08707	-45.56552	-77.29865	0
2758	-0.81367	-86.24902	-59.39791	37.42882	26.03744	-63.46626	40.6835	21.96909	114.72747	8.95037	-39.05616	-67.53461	0
2759	-0.81367	-72.41663	-48.8202	26.85111	22.78276	-51.26121	43.93818	26.03744	109.03178	10.57771	-21.15542	-55.32956	0
2760	0.81367	-71.60296	-40.6835	18.71441	21.96909	-44.75185	47.19286	31.73313	105.7771	17.90074	-0.81367	-49.63387	0
2761	0.81367	-86.24902	-38.24249	18.71441	26.85111	-52.07488	48.8202	33.36047	103.33609	24.4101	10.57771	-54.51589	0
2762	-4.88202	-103.33609	-48.8202	30.10579	36.61515	-68.34828	48.00653	30.91946	103.33609	25.22377	12.20505	-65.0936	0
2763	-12.20505	-116.35481	-69.16195	45.56552	43.93818	-87.06269	43.93818	25.22377	103.33609	22.78276	4.88202	-75.67131	0
2764	-17.08707	-124.49151	-87.06269	60.21158	46.37919	-102.52242	38.24249	19.52808	100.08141	20.34175	-5.69569	-84.62168	0
2765	-20.34175	-125.30518	-95.19939	68.34828	43.12451	-109.03178	34.17414	15.45973	96.01306	21.96909	-14.64606	-88.69003	0
2766	-20.34175	-118.79582	-94.38572	68.34828	38.24249	-106.59077	33.36047	13.83239	90.31737	27.66478	-14.64606	-85.43535	0
2767	-20.34175	-111.47279	-87.87636	65.0936	34.98781	-99.26774	32.5468	13.83239	84.62168	32.5468	-10.57771	-80.55333	0
2768	-19.52808	-107.40444	-81.367	61.83892	33.36047	-91.13104	31.73313	14.64606	82.99434	34.17414	-7.32303	-78.11232	0
2769	-16.2734	-105.7771	-80.55333	59.39791	34.98781	-87.06269	31.73313	15.45973	88.69003	36.61515	-4.06835	-77.29865	0
2770	-17.08707	-108.21811	-83.80801	56.14323	34.98781	-90.31737	32.5468	18.71441	102.52242	44.75185	0	-75.67131	0
2771	-20.34175	-119.60949	-90.31737	59.39791	34.98781	-100.89508	33.36047	22.78276	117.16848	52.88855	0.81367	-73.2303	0
2772	-19.52808	-135.06922	-96.82673	69.97562	38.24249	-113.10013	35.80148	28.47845	129.37353	57.77057	0	-73.2303	0
2773	-14.64606	-136.69656	-99.26774	75.67131	41.49717	-121.23683	41.49717	32.5468	135.88289	61.83892	0.81367	-74.04397	0
2774	-4.06835	-119.60949	-95.19939	65.0936	44.75185	-122.0505	45.56552	31.73313	138.3239	66.72094	3.25468	-69.16195	0
2775	9.76404	-96.01306	-87.87636	46.37919	46.37919	-113.9138	43.93818	27.66478	135.88289	70.78929	1.62734	-59.39791	0
2776	18.71441	-75.67131	-78.92599	30.10579	41.49717	-96.82673	35.80148	20.34175	127.74619	66.72094	-4.88202	-50.44754	0
2777	19.52808	-61.83892	-67.53461	18.71441	34.17414	-78.92599	25.22377	10.57771	114.72747	56.9569	-17.08707	-46.37919	0
2778	17.08707	-61.83892	-60.21158	15.45973	30.10579	-69.16195	15.45973	0	102.52242	49.63387	-28.47845	-48.00653	0
2779	14.64606	-73.2303	-65.0936	21.96909	29.29212	-71.60296	11.39138	-6.50936	93.57205	46.37919	-31.73313	-51.26121	0
2780	14.64606	-87.06269	-78.92599	33.36047	36.61515	-79.73966	13.83239	-2.44101	91.13104	43.93818	-30.10579	-52.07488	0
2781	14.64606	-98.45407	-94.38572	42.31084	45.56552	-89.5037	17.08707	4.06835	94.38572	43.12451	-28.47845	-53.70222	0
2782	7.32303	-106.59077	-107.40444	51.26121	51.26121	-101.70875	19.52808	10.57771	101.70875	44.75185	-30.10579	-57.77057	0
2783	0	-113.9138	-117.16848	60.21158	53.70222	-112.28646	24.4101	18.71441	109.03178	47.19286	-30.91946	-61.02525	0
2784	-4.88202	-117.98215	-119.60949	64.27993	54.51589	-117.16848	34.98781	30.10579	113.9138	49.63387	-26.85111	-56.9569	0
2785	-5.69569	-117.16848	-113.9138	63.46626	52.07488	-115.54114	47.19286	38.24249	112.28646	48.8202	-17.08707	-47.19286	0
2786	-2.44101	-107.40444	-99.26774	55.32956	48.8202	-107.40444	55.32956	43.93818	104.96343	42.31084	-6.50936	-34.98781	0
2787	3.25468	-87.87636	-80.55333	40.6835	41.49717	-93.57205	57.77057	39.05616	92.75838	31.73313	1.62734	-26.03744	0
2788	8.1367	-68.34828	-64.27993	26.85111	33.36047	-79.73966	54.51589	23.59643	78.92599	17.08707	5.69569	-22.78276	0
2789	4.06835	-61.02525	-55.32956	18.71441	26.03744	-72.41663	49.63387	8.95037	65.90727	4.06835	0	-23.59643	0
2790	-4.06835	-68.34828	-51.26121	18.71441	16.2734	-70.78929	48.00653	1.62734	57.77057	-0.81367	-8.95037	-30.10579	0
2791	-8.1367	-71.60296	-42.31084	24.4101	8.95037	-63.46626	52.07488	4.88202	60.21158	5.69569	-8.95037	-35.80148	0
2792	-8.1367	-56.14323	-25.22377	24.4101	8.95037	-49.63387	58.58424	19.52808	77.29865	21.15542	-1.62734	-29.29212	0
2793	0	-27.66478	-12.20505	11.39138	14.64606	-39.05616	67.53461	39.05616	101.70875	35.80148	4.88202	-13.83239	0
2794	18.71441	-4.06835	-15.45973	-6.50936	26.85111	-34.17414	71.60296	54.51589	119.60949	48.8202	15.45973	0	0
2795	43.93818	10.57771	-26.85111	-25.22377	43.93818	-29.29212	65.90727	63.46626	122.86417	57.77057	27.66478	6.50936	0
2796	61.83892	21.15542	-27.66478	-39.86983	53.70222	-21.15542	52.88855	64.27993	108.21811	59.39791	34.17414	8.95037	0
2797	65.0936	24.4101	-20.34175	-41.49717	52.07488	-9.76404	40.6835	58.58424	84.62168	54.51589	30.10579	9.76404	0
2798	57.77057	19.52808	-15.45973	-26.85111	43.12451	-1.62734	31.73313	49.63387	64.27993	48.00653	23.59643	12.20505	0
2799	48.00653	13.01872	-17.90074	-8.1367	35.80148	-2.44101	27.66478	41.49717	59.39791	48.8202	22.78276	13.01872	0
2800	39.86983	9.76404	-23.59643	5.69569	31.73313	-8.1367	30.91946	35.80148	71.60296	56.9569	30.91946	14.64606	0
2801	25.22377	7.32303	-19.52808	13.01872	20.34175	-13.01872	39.05616	32.5468	93.57205	69.97562	37.42882	14.64606	0
2802	-3.25468	4.06835	0	20.34175	-3.25468	-17.08707	44.75185	28.47845	117.16848	82.18067	37.42882	9.76404	0
2803	-36.61515	-6.50936	18.71441	32.5468	-30.91946	-17.08707	40.6835	21.15542	138.3239	88.69003	34.17414	1.62734	0
2804	-48.8202	-19.52808	19.52808	39.05616	-37.42882	-13.83239	23.59643	13.01872	147.27427	88.69003	30.10579	-7.32303	0
2805	-26.85111	-17.90074	6.50936	23.59643	-17.90074	-4.06835	0	3.25468	139.95124	82.99434	26.03744	-21.15542	0
2806	9.76404	2.44101	1.62734	-7.32303	6.50936	11.39138	-18.71441	-7.32303	119.60949	76.48498	22.78276	-33.36047	0
2807	36.61515	32.5468	7.32303	-38.24249	17.90074	29.29212	-30.91946	-20.34175	98.45407	72.41663	24.4101	-39.86983	0
2808	47.19286	59.39791	16.2734	-57.77057	15.45973	47.19286	-38.24249	-27.66478	87.06269	73.2303	31.73313	-38.24249	0
2809	52.07488	75.67131	25.22377	-67.53461	10.57771	60.21158	-41.49717	-24.4101	89.5037	81.367	43.93818	-27.66478	0
2810	48.00653	71.60296	30.10579	-62.65259	12.20505	60.21158	-43.12451	-12.20505	100.89508	88.69003	50.44754	-12.20505	0
2811	36.61515	53.70222	26.03744	-46.37919	17.90074	46.37919	-43.93818	2.44101	113.9138	91.94471	45.56552	0.81367	0
2812	30.91946	34.17414	12.20505	-30.91946	20.34175	27.66478	-44.75185	9.76404	126.11885	87.06269	34.98781	8.1367	0
2813	32.5468	21.96909	-4.88202	-23.59643	17.90074	11.39138	-43.93818	7.32303	135.06922	77.29865	21.15542	6.50936	0
2814	36.61515	19.52808	-10.57771	-27.66478	13.01872	10.57771	-35.80148	4.06835	139.95124	71.60296	11.39138	4.06835	0
2815	38.24249	21.96909	0	-37.42882	5.69569	24.4101	-18.71441	3.25468	140.76491	74.04397	12.20505	8.1367	0
2816	37.42882	27.66478	13.83239	-44.75185	-4.88202	36.61515	-2.44101	1.62734	137.51023	80.55333	20.34175	14.64606	0
2817	34.98781	32.5468	20.34175	-46.37919	-17.08707	36.61515	5.69569	0	130.1872	83.80801	27.66478	17.08707	0
2818	31.73313	32.5468	26.03744	-42.31084	-21.96909	31.73313	6.50936	-0.81367	121.23683	82.18067	30.10579	15.45973	0
2819	26.03744	30.10579	27.66478	-36.61515	-17.90074	26.03744	1.62734	0	113.10013	78.92599	30.10579	13.83239	0
2820	14.64606	26.03744	21.15542	-26.85111	-10.57771	20.34175	-3.25468	0.81367	108.21811	74.04397	30.91946	11.39138	0
2821	0	18.71441	0.81367	-13.01872	5.69569	6.50936	-7.32303	3.25468	102.52242	65.90727	31.73313	3.25468	0
2822	-8.95037	0.81367	-31.73313	0	28.47845	-17.08707	-8.1367	2.44101	92.75838	55.32956	30.91946	-9.76404	0
2823	-13.83239	-28.47845	-63.46626	14.64606	45.56552	-46.37919	-5.69569	-2.44101	79.73966	45.56552	27.66478	-23.59643	0
2824	-15.45973	-62.65259	-85.43535	34.17414	55.32956	-73.2303	-2.44101	-8.1367	70.78929	39.05616	22.78276	-34.98781	0
2825	-17.08707	-89.5037	-95.19939	50.44754	55.32956	-91.13104	0	-11.39138	69.16195	36.61515	17.90074	-43.12451	0
2826	-15.45973	-104.96343	-97.6404	59.39791	50.44754	-100.89508	2.44101	-9.76404	75.67131	38.24249	12.20505	-48.8202	0
2827	-13.01872	-113.9138	-97.6404	63.46626	48.8202	-107.40444	2.44101	-4.88202	83.80801	39.86983	8.95037	-57.77057	0
2828	-11.39138	-119.60949	-91.94471	64.27993	46.37919	-110.65912	0	-0.81367	87.87636	39.86983	9.76404	-73.2303	0
2829	-11.39138	-122.0505	-89.5037	65.90727	43.93818	-109.84545	0	0	86.24902	37.42882	8.95037	-89.5037	0
2830	-8.1367	-123.67784	-99.26774	67.53461	47.19286	-109.84545	3.25468	0.81367	78.11232	33.36047	5.69569	-99.26774	0
2831	-0.81367	-127.74619	-118.79582	68.34828	54.51589	-118.79582	13.83239	-1.62734	61.83892	28.47845	0	-101.70875	0
2832	5.69569	-139.13757	-143.20592	69.97562	62.65259	-136.69656	24.4101	-13.01872	34.17414	17.90074	-8.1367	-98.45407	0
2833	8.1367	-152.96996	-162.734	75.67131	71.60296	-157.03831	29.29212	-29.29212	0	0.81367	-16.2734	-93.57205	0
2834	0	-165.17501	-169.24336	86.24902	74.04397	-170.05703	25.22377	-43.93818	-33.36047	-17.90074	-24.4101	-91.13104	0
2835	-9.76404	-170.05703	-166.80235	96.01306	70.78929	-174.12538	15.45973	-54.51589	-51.26121	-31.73313	-35.80148	-91.94471	0
2836	-17.08707	-167.61602	-161.10666	97.6404	65.90727	-170.8707	8.1367	-63.46626	-48.8202	-35.80148	-45.56552	-89.5037	0
2837	-22.78276	-158.66565	-155.41097	94.38572	59.39791	-162.734	4.06835	-69.97562	-32.5468	-30.10579	-50.44754	-83.80801	0
2838	-24.4101	-148.90161	-144.83326	88.69003	52.07488	-152.15629	4.06835	-72.41663	-13.83239	-19.52808	-53.70222	-74.04397	0
2839	-30.10579	-143.20592	-131.81454	88.69003	43.93818	-144.01959	5.69569	-65.90727	0	-9.76404	-49.63387	-62.65259	0
2840	-39.05616	-141.57858	-121.23683	97.6404	34.17414	-141.57858	7.32303	-52.88855	7.32303	-6.50936	-35.80148	-49.63387	0
2841	-42.31084	-144.01959	-116.35481	104.96343	28.47845	-141.57858	10.57771	-39.05616	8.1367	-8.95037	-17.08707	-40.6835	0
2842	-38.24249	-150.52895	-115.54114	103.33609	30.10579	-142.39225	16.2734	-27.66478	14.64606	-13.01872	-0.81367	-34.98781	0
2843	-33.36047	-157.03831	-113.10013	94.38572	32.5468	-142.39225	24.4101	-15.45973	35.80148	-15.45973	6.50936	-33.36047	0
2844	-35.80148	-159.47932	-104.96343	85.43535	29.29212	-137.51023	33.36047	-4.88202	63.46626	-13.01872	6.50936	-34.98781	0
2845	-48.8202	-161.10666	-94.38572	78.11232	18.71441	-130.1872	39.86983	0	84.62168	-7.32303	-0.81367	-42.31084	0
2846	-56.9569	-161.10666	-89.5037	72.41663	13.83239	-126.11885	39.86983	1.62734	98.45407	-1.62734	-11.39138	-47.19286	0
2847	-49.63387	-156.22464	-96.01306	68.34828	22.78276	-126.11885	34.17414	2.44101	107.40444	3.25468	-18.71441	-44.75185	0
2848	-34.17414	-149.71528	-111.47279	68.34828	38.24249	-132.62821	27.66478	0.81367	112.28646	8.1367	-25.22377	-39.05616	0
2849	-23.59643	-144.83326	-128.55986	75.67131	51.26121	-143.20592	22.78276	-3.25468	115.54114	10.57771	-26.85111	-37.42882	0
2850	-21.15542	-144.01959	-135.88289	83.80801	56.14323	-148.90161	21.15542	-5.69569	119.60949	17.90074	-21.96909	-35.80148	0
2851	-27.66478	-146.4606	-128.55986	89.5037	48.00653	-148.90161	21.96909	-4.88202	122.0505	26.85111	-15.45973	-34.17414	0
2852	-37.42882	-153.78363	-115.54114	92.75838	36.61515	-150.52895	25.22377	-0.81367	117.98215	31.73313	-17.08707	-39.05616	0
2853	-43.93818	-162.734	-111.47279	94.38572	31.73313	-153.78363	27.66478	0	106.59077	30.91946	-24.4101	-47.19286	0
2854	-49.63387	-174.12538	-117.16848	98.45407	31.73313	-157.85198	30.10579	-3.25468	94.38572	28.47845	-30.91946	-54.51589	0
2855	-52.07488	-185.51676	-126.93252	107.40444	34.98781	-163.54767	32.5468	-6.50936	82.99434	27.66478	-32.5468	-56.9569	0
2856	-48.00653	-194.46713	-140.76491	117.16848	43.93818	-165.98868	34.17414	-13.83239	65.90727	24.4101	-32.5468	-54.51589	0
2857	-39.86983	-205.04484	-159.47932	122.86417	58.58424	-166.80235	33.36047	-33.36047	34.17414	13.01872	-32.5468	-48.00653	0
2858	-31.73313	-210.74053	-173.31171	125.30518	70.78929	-170.8707	30.10579	-69.16195	-13.83239	-5.69569	-32.5468	-39.86983	0
2859	-23.59643	-196.09447	-166.80235	120.42316	69.97562	-162.734	26.85111	-116.35481	-72.41663	-24.4101	-37.42882	-36.61515	0
2860	-26.03744	-164.36134	-133.44188	108.21811	52.07488	-137.51023	20.34175	-174.93905	-139.13757	-39.05616	-46.37919	-34.98781	0
2861	-41.49717	-131.00087	-88.69003	96.01306	21.15542	-104.14976	0.81367	-255.49238	-225.38659	-56.14323	-53.70222	-27.66478	0
2862	-55.32956	-94.38572	-43.12451	81.367	-7.32303	-67.53461	-32.5468	-359.64214	-338.48672	-78.92599	-50.44754	-8.95037	0
2863	-59.39791	-48.00653	4.06835	55.32956	-30.10579	-21.96909	-75.67131	-479.25163	-471.9286	-104.14976	-30.91946	27.66478	0
2864	-52.88855	9.76404	55.32956	21.15542	-45.56552	31.73313	-123.67784	-605.37048	-617.57553	-130.1872	4.88202	82.99434	0
2865	-33.36047	78.92599	109.03178	-22.78276	-59.39791	93.57205	-174.93905	-733.11667	-768.10448	-155.41097	58.58424	150.52895	0
2866	-4.06835	162.734	167.61602	-80.55333	-75.67131	164.36134	-223.75925	-862.4902	-921.88811	-172.49804	126.11885	227.8276	0
2867	24.4101	262.81541	240.84632	-147.27427	-100.89508	251.42403	-270.13844	-1006.50979	-1085.43578	-179.0074	206.67218	311.63561	0
2868	53.70222	387.30692	337.67305	-224.57292	-137.51023	361.26948	-319.77231	-1183.88985	-1266.88419	-177.38006	301.87157	403.58032	0
2869	84.62168	536.20853	458.09621	-314.07662	-186.33043	497.15237	-372.66086	-1401.13974	-1467.86068	-173.31171	403.58032	500.40705	0
2870	110.65912	697.31519	592.35176	-406.835	-242.47366	644.42664	-437.75446	-1640.35872	-1677.78754	-162.734	502.84806	597.23378	0
2871	127.74619	838.89377	727.42098	-485.76099	-302.68524	789.2599	-525.63082	-1876.32302	-1872.25467	-136.69656	585.02873	689.99216	0
2872	138.3239	943.04353	847.03047	-542.71789	-357.20113	917.00609	-638.73095	-2083.80887	-2029.29298	-88.69003	642.7993	772.9865	0
2873	144.01959	1013.01915	922.70178	-580.14671	-391.37527	998.37309	-753.45842	-2233.52415	-2127.74705	-39.05616	682.66913	827.50239	0
2874	139.13757	1019.52851	923.51545	-580.14671	-393.81628	996.74575	-833.19808	-2292.10839	-2136.69742	-11.39138	688.36482	829.12973	0
2875	115.54114	917.81976	829.9434	-517.49412	-358.82847	890.15498	-861.67653	-2239.21984	-2031.73399	-8.1367	629.78058	766.47714	0
2876	74.04397	699.7562	641.17196	-387.30692	-285.59817	679.41445	-846.2168	-2096.82759	-1838.08053	-38.24249	494.71136	641.98563	0
2877	26.85111	401.13931	382.4249	-216.43622	-178.19373	394.62995	-810.41532	-1903.9878	-1630.59468	-122.86417	287.22551	469.48759	0
2878	-13.01872	81.367	100.08141	-37.42882	-56.9569	90.31737	-776.24118	-1703.01131	-1477.62472	-279.08881	36.61515	277.46147	0
2879	-44.75185	-202.60383	-153.78363	120.42316	52.88855	-179.82107	-751.83108	-1525.63125	-1391.3757	-499.59338	-215.62255	97.6404	0
2880	-66.72094	-418.22638	-345.80975	240.03265	139.13757	-382.4249	-737.99869	-1379.98432	-1358.8289	-727.42098	-423.92207	-38.24249	0
2881	-77.29865	-554.10927	-467.86025	314.07662	196.90814	-506.10274	-723.35263	-1250.61079	-1355.57422	-898.29168	-557.36395	-120.42316	0
2882	-78.92599	-619.20287	-531.32651	348.25076	229.45494	-567.94166	-694.87418	-1116.35524	-1337.67348	-999.18676	-615.13452	-157.85198	0
2883	-80.55333	-637.91728	-554.10927	358.0148	239.21898	-589.09708	-646.05398	-965.82629	-1275.83456	-1034.98824	-615.94819	-169.24336	0
2884	-87.06269	-632.22159	-546.78624	358.82847	230.26861	-584.21506	-580.14671	-803.09229	-1165.98911	-1008.13713	-585.02873	-170.8707	0
2885	-89.5037	-606.99782	-524.00348	348.25076	213.99521	-560.61863	-502.03439	-640.35829	-1020.34218	-934.09316	-535.39486	-170.05703	0
2886	-80.55333	-567.94166	-493.89769	323.84066	201.79016	-526.44449	-418.22638	-488.202	-852.72616	-826.68872	-475.18328	-162.734	0
2887	-66.72094	-526.44449	-462.97823	294.54854	193.65346	-491.45668	-335.23204	-353.13278	-679.41445	-701.38354	-409.27601	-148.90161	0
2888	-56.14323	-490.64301	-435.31345	270.13844	185.51676	-460.53722	-258.74706	-240.84632	-516.68045	-575.26469	-344.99608	-133.44188	0
2889	-48.00653	-461.35089	-416.59904	248.98302	182.26208	-436.94079	-199.34915	-157.03831	-382.4249	-462.97823	-290.48019	-121.23683	0
2890	-38.24249	-434.49978	-409.27601	225.38659	188.77144	-420.66739	-159.47932	-105.7771	-284.7845	-376.72921	-252.2377	-117.16848	0
2891	-20.34175	-402.76665	-397.88463	201.79016	192.83979	-400.32564	-130.1872	-79.73966	-212.36787	-310.82194	-223.75925	-113.9138	0
2892	0.81367	-363.71049	-367.77884	179.82107	181.44841	-366.96517	-99.26774	-64.27993	-148.08794	-256.30605	-195.2808	-105.7771	0
2893	14.64606	-318.14497	-324.65433	163.54767	160.29299	-322.21332	-65.0936	-44.75185	-83.80801	-206.67218	-168.42969	-91.13104	0
2894	14.64606	-267.69743	-278.27514	149.71528	139.95124	-273.39312	-29.29212	-13.01872	-21.15542	-158.66565	-145.64693	-75.67131	0
2895	6.50936	-225.38659	-235.15063	135.06922	118.79582	-227.8276	0	29.29212	31.73313	-115.54114	-121.23683	-64.27993	0
2896	-8.1367	-200.97649	-198.53548	124.49151	95.19939	-192.02612	19.52808	75.67131	74.85764	-78.92599	-91.13104	-55.32956	0
2897	-24.4101	-179.0074	-169.24336	117.98215	74.04397	-166.80235	37.42882	122.0505	114.72747	-45.56552	-64.27993	-44.75185	0
2898	-35.80148	-153.78363	-152.15629	113.10013	63.46626	-152.15629	56.14323	162.734	157.03831	-14.64606	-40.6835	-30.91946	0
2899	-39.86983	-135.06922	-152.15629	108.21811	67.53461	-149.71528	73.2303	188.77144	191.21245	8.1367	-24.4101	-20.34175	0
2900	-34.98781	-124.49151	-158.66565	101.70875	75.67131	-153.78363	84.62168	200.97649	210.74053	20.34175	-19.52808	-17.90074	0
2901	-26.03744	-122.86417	-159.47932	93.57205	77.29865	-156.22464	92.75838	208.29952	223.75925	27.66478	-18.71441	-17.90074	0
2902	-18.71441	-124.49151	-151.34262	83.80801	75.67131	-150.52895	99.26774	217.24989	240.84632	34.17414	-18.71441	-18.71441	0
2903	-16.2734	-126.11885	-138.3239	76.48498	74.04397	-139.95124	105.7771	222.94558	259.56073	42.31084	-22.78276	-22.78276	0
2904	-17.90074	-127.74619	-126.93252	73.2303	69.97562	-131.00087	111.47279	225.38659	272.57945	49.63387	-25.22377	-25.22377	0
2905	-23.59643	-131.81454	-119.60949	73.2303	61.83892	-123.67784	113.10013	220.50457	276.6478	54.51589	-22.78276	-24.4101	0
2906	-34.98781	-135.88289	-110.65912	79.73966	48.00653	-113.9138	110.65912	209.11319	271.76578	55.32956	-17.90074	-20.34175	0
2907	-48.00653	-130.1872	-100.08141	88.69003	31.73313	-100.89508	109.03178	200.97649	262.00174	56.14323	-8.1367	-13.83239	0
2908	-54.51589	-113.10013	-88.69003	91.13104	17.90074	-89.5037	112.28646	202.60383	255.49238	61.02525	3.25468	-5.69569	0
2909	-50.44754	-96.82673	-79.73966	81.367	10.57771	-82.18067	116.35481	211.5542	255.49238	66.72094	10.57771	0	0
2910	-39.05616	-83.80801	-78.11232	62.65259	13.83239	-82.99434	120.42316	221.31824	259.56073	69.16195	12.20505	1.62734	0
2911	-18.71441	-76.48498	-87.06269	43.93818	27.66478	-88.69003	124.49151	231.08228	264.44275	70.78929	11.39138	2.44101	0
2912	4.06835	-78.11232	-100.08141	30.10579	42.31084	-96.01306	127.74619	240.03265	265.25642	71.60296	10.57771	0.81367	0
2913	21.96909	-86.24902	-109.84545	25.22377	50.44754	-103.33609	130.1872	245.72834	262.00174	73.2303	11.39138	-1.62734	0
2914	30.91946	-95.19939	-117.16848	30.10579	57.77057	-109.84545	133.44188	244.91467	259.56073	74.04397	13.83239	0	0
2915	32.5468	-101.70875	-128.55986	38.24249	70.78929	-117.16848	136.69656	235.15063	256.30605	71.60296	14.64606	2.44101	0
2916	25.22377	-104.96343	-146.4606	40.6835	87.87636	-122.86417	139.13757	216.43622	249.79669	66.72094	15.45973	4.06835	0
2917	13.83239	-105.7771	-157.03831	35.80148	95.19939	-121.23683	137.51023	196.09447	238.40531	64.27993	17.90074	1.62734	0
2918	1.62734	-105.7771	-148.08794	30.91946	85.43535	-113.10013	133.44188	184.70309	223.75925	63.46626	20.34175	0	0
2919	-4.88202	-98.45407	-122.0505	27.66478	65.0936	-99.26774	126.11885	187.1441	216.43622	69.16195	26.03744	6.50936	0
2920	-4.06835	-85.43535	-94.38572	24.4101	47.19286	-80.55333	117.98215	194.46713	220.50457	83.80801	35.80148	20.34175	0
2921	5.69569	-71.60296	-77.29865	16.2734	39.86983	-65.90727	110.65912	205.04484	231.08228	98.45407	44.75185	33.36047	0
2922	20.34175	-57.77057	-75.67131	5.69569	43.12451	-57.77057	109.03178	213.99521	237.59164	105.7771	48.8202	38.24249	0
2923	32.5468	-48.8202	-82.99434	0	52.07488	-58.58424	111.47279	218.87723	238.40531	107.40444	47.19286	35.80148	0
2924	36.61515	-45.56552	-89.5037	2.44101	59.39791	-62.65259	117.16848	216.43622	241.65999	107.40444	44.75185	33.36047	0
2925	32.5468	-43.93818	-90.31737	13.01872	62.65259	-64.27993	123.67784	218.06356	253.86504	109.03178	48.00653	34.98781	0
2926	24.4101	-41.49717	-87.87636	21.96909	60.21158	-67.53461	130.1872	228.64127	271.76578	112.28646	55.32956	39.05616	0
2927	15.45973	-38.24249	-84.62168	29.29212	55.32956	-72.41663	135.06922	240.03265	291.29386	114.72747	64.27993	41.49717	0
2928	8.1367	-35.80148	-82.18067	27.66478	52.07488	-74.04397	139.95124	247.35568	310.00827	122.0505	69.97562	42.31084	0
2929	0.81367	-31.73313	-76.48498	16.2734	50.44754	-66.72094	144.83326	253.86504	319.77231	133.44188	71.60296	43.93818	0
2930	-4.06835	-29.29212	-65.0936	8.1367	43.93818	-55.32956	148.08794	264.44275	321.39965	141.57858	70.78929	44.75185	0
2931	-2.44101	-28.47845	-56.14323	4.88202	35.80148	-47.19286	148.90161	277.46147	320.58598	143.20592	66.72094	43.12451	0
2932	5.69569	-27.66478	-53.70222	2.44101	34.17414	-44.75185	148.08794	289.66652	319.77231	143.20592	64.27993	42.31084	0
2933	15.45973	-26.85111	-56.14323	0	35.80148	-47.19286	147.27427	298.61689	319.77231	143.20592	63.46626	42.31084	0
2934	25.22377	-25.22377	-57.77057	-3.25468	39.86983	-48.00653	143.20592	305.12625	319.77231	142.39225	60.21158	39.86983	0
2935	34.98781	-21.15542	-54.51589	-8.1367	43.12451	-45.56552	135.88289	307.56726	318.95864	138.3239	53.70222	34.17414	0
2936	45.56552	-11.39138	-44.75185	-17.90074	45.56552	-36.61515	131.00087	307.56726	319.77231	134.25555	48.8202	29.29212	0
2937	54.51589	3.25468	-31.73313	-30.91946	42.31084	-21.15542	127.74619	308.38093	324.65433	133.44188	49.63387	27.66478	0
2938	58.58424	21.96909	-21.15542	-41.49717	35.80148	-0.81367	126.93252	312.44928	332.79103	136.69656	52.07488	27.66478	0
2939	60.21158	36.61515	-17.08707	-48.00653	30.91946	13.83239	131.81454	323.02699	344.18241	140.76491	56.14323	28.47845	0
2940	61.83892	39.05616	-21.96909	-50.44754	33.36047	17.08707	142.39225	340.92773	361.26948	147.27427	59.39791	30.91946	0
2941	60.21158	31.73313	-36.61515	-43.93818	40.6835	7.32303	154.5973	361.26948	384.05224	150.52895	62.65259	30.91946	0
2942	53.70222	19.52808	-52.07488	-31.73313	48.00653	-8.95037	165.17501	378.35655	406.835	151.34262	67.53461	31.73313	0
2943	45.56552	7.32303	-61.02525	-21.15542	50.44754	-25.22377	170.05703	388.12059	418.22638	151.34262	70.78929	31.73313	0
2944	43.93818	4.88202	-58.58424	-19.52808	49.63387	-31.73313	169.24336	388.12059	409.27601	148.90161	71.60296	29.29212	0
2945	50.44754	19.52808	-43.12451	-27.66478	45.56552	-24.4101	165.17501	382.4249	382.4249	143.20592	67.53461	24.4101	0
2946	61.02525	42.31084	-21.96909	-36.61515	37.42882	-6.50936	158.66565	374.2882	350.69177	135.06922	65.0936	21.96909	0
2947	65.90727	61.83892	-7.32303	-43.12451	27.66478	16.2734	152.15629	366.96517	328.72268	127.74619	64.27993	25.22377	0
2948	59.39791	72.41663	0	-47.19286	17.90074	37.42882	144.83326	362.08315	319.77231	122.86417	61.83892	30.10579	0
2949	45.56552	73.2303	9.76404	-50.44754	6.50936	50.44754	139.95124	365.33783	325.468	124.49151	62.65259	31.73313	0
2950	34.17414	74.85764	25.22377	-55.32956	-4.06835	59.39791	142.39225	380.79756	344.99608	137.51023	70.78929	32.5468	0
2951	32.5468	83.80801	37.42882	-63.46626	-8.95037	68.34828	150.52895	401.95298	369.40618	154.5973	82.99434	33.36047	0
2952	39.86983	93.57205	37.42882	-73.2303	-5.69569	72.41663	159.47932	419.85372	386.49325	168.42969	93.57205	31.73313	0
2953	52.88855	100.08141	30.10579	-82.18067	4.88202	70.78929	165.98868	432.05877	396.25729	178.19373	102.52242	30.91946	0
2954	67.53461	104.96343	23.59643	-90.31737	17.08707	67.53461	171.68437	440.19547	400.32564	183.07575	108.21811	32.5468	0
2955	79.73966	109.03178	21.15542	-96.01306	25.22377	66.72094	172.49804	443.45015	397.88463	182.26208	109.03178	31.73313	0
2956	88.69003	113.9138	25.22377	-100.08141	28.47845	69.16195	166.80235	441.00914	387.30692	173.31171	105.7771	25.22377	0
2957	91.94471	117.16848	33.36047	-99.26774	26.03744	74.85764	157.85198	434.49978	369.40618	160.29299	99.26774	16.2734	0
2958	89.5037	117.98215	42.31084	-96.01306	21.15542	79.73966	145.64693	432.87244	349.8781	152.96996	87.06269	13.83239	0
2959	80.55333	124.49151	57.77057	-96.82673	8.1367	90.31737	138.3239	441.82281	334.41837	151.34262	78.11232	17.08707	0
2960	65.90727	140.76491	86.24902	-99.26774	-13.01872	113.10013	140.76491	458.09621	322.21332	150.52895	78.92599	23.59643	0
2961	51.26121	162.734	116.35481	-105.7771	-34.98781	139.13757	148.08794	474.36961	316.51763	147.27427	90.31737	33.36047	0
2962	43.93818	181.44841	135.88289	-113.10013	-48.8202	157.85198	157.03831	486.57466	314.89029	142.39225	108.21811	44.75185	0
2963	39.86983	192.02612	146.4606	-119.60949	-56.14323	170.8707	165.17501	494.71136	314.89029	135.06922	126.93252	57.77057	0
2964	42.31084	197.72181	155.41097	-127.74619	-60.21158	183.07575	170.8707	500.40705	315.70396	127.74619	145.64693	72.41663	0
2965	55.32956	203.4175	160.29299	-140.76491	-55.32956	192.83979	172.49804	502.03439	313.26295	119.60949	161.10666	86.24902	0
2966	74.85764	210.74053	161.10666	-156.22464	-46.37919	194.46713	169.24336	500.40705	304.31258	113.10013	173.31171	92.75838	0
2967	95.19939	223.75925	168.42969	-170.8707	-41.49717	194.46713	162.734	495.52503	294.54854	109.84545	178.19373	95.19939	0
2968	108.21811	241.65999	181.44841	-185.51676	-42.31084	205.04484	151.34262	489.01567	286.41184	109.03178	174.12538	100.08141	0
2969	111.47279	257.11972	195.2808	-196.90814	-47.19286	223.75925	135.88289	480.87897	282.34349	113.10013	168.42969	106.59077	0
2970	105.7771	266.88376	203.4175	-203.4175	-53.70222	237.59164	122.86417	471.9286	283.97083	120.42316	165.98868	109.84545	0
2971	94.38572	270.95211	204.23117	-208.29952	-58.58424	241.65999	113.10013	466.23291	283.15716	126.11885	165.98868	111.47279	0
2972	87.06269	268.5111	205.85851	-206.67218	-61.02525	246.54201	109.03178	466.23291	277.46147	130.1872	170.05703	110.65912	0
2973	84.62168	266.07009	212.36787	-196.09447	-64.27993	256.30605	111.47279	469.48759	266.88376	135.88289	179.82107	111.47279	0
2974	80.55333	266.88376	218.87723	-188.77144	-69.16195	261.18807	113.10013	473.55594	254.67871	139.13757	191.21245	117.16848	0
2975	69.97562	271.76578	227.01393	-189.58511	-78.92599	263.62908	109.03178	470.30126	242.47366	135.06922	196.09447	127.74619	0
2976	61.02525	284.7845	240.84632	-193.65346	-90.31737	271.76578	100.08141	460.53722	230.26861	123.67784	197.72181	137.51023	0
2977	61.02525	304.31258	254.67871	-200.97649	-96.82673	283.15716	89.5037	450.77318	221.31824	108.21811	195.2808	144.83326	0
2978	68.34828	323.02699	264.44275	-207.48585	-97.6404	293.73487	79.73966	441.82281	213.99521	95.19939	189.58511	148.90161	0
2979	78.92599	343.36874	271.76578	-213.18154	-96.82673	306.75359	71.60296	437.75446	209.11319	92.75838	184.70309	153.78363	0
2980	99.26774	374.2882	280.71615	-223.75925	-92.75838	326.28167	69.16195	436.12712	205.85851	98.45407	183.88942	163.54767	0
2981	118.79582	407.64867	287.22551	-241.65999	-86.24902	344.18241	65.90727	429.61776	196.90814	104.14976	183.88942	170.05703	0
2982	128.55986	431.2451	289.66652	-257.11972	-82.18067	353.13278	59.39791	414.15803	176.56639	101.70875	182.26208	170.8707	0
2983	126.11885	442.63648	296.98955	-266.88376	-86.24902	361.26948	51.26121	396.25729	148.90161	96.01306	183.07575	168.42969	0
2984	116.35481	443.45015	312.44928	-270.13844	-98.45407	374.2882	43.12451	381.61123	121.23683	91.13104	188.77144	171.68437	0
2985	96.82673	437.75446	333.6047	-264.44275	-119.60949	391.37527	35.80148	370.21985	97.6404	88.69003	196.09447	179.82107	0
2986	68.34828	436.12712	361.26948	-250.61036	-147.27427	406.02133	29.29212	361.26948	78.92599	85.43535	200.16282	191.21245	0
2987	55.32956	440.19547	377.54288	-246.54201	-161.10666	415.78537	23.59643	353.13278	62.65259	78.92599	197.72181	201.79016	0
2988	67.53461	448.33217	377.54288	-257.11972	-154.5973	423.1084	21.15542	342.55507	44.75185	65.90727	192.83979	205.85851	0
2989	85.43535	456.46887	372.66086	-270.95211	-144.01959	426.36308	18.71441	319.77231	24.4101	49.63387	184.70309	203.4175	0
2990	96.01306	464.60557	371.84719	-281.52982	-139.13757	427.99042	13.01872	282.34349	2.44101	34.17414	174.93905	200.16282	0
2991	97.6404	475.18328	379.17022	-288.03918	-142.39225	432.05877	3.25468	241.65999	-21.96909	19.52808	170.05703	200.16282	0
2992	92.75838	484.13365	389.74793	-293.73487	-152.96996	438.56813	-5.69569	211.5542	-48.00653	8.95037	175.75272	206.67218	0
2993	84.62168	490.64301	401.13931	-298.61689	-166.80235	445.07749	-12.20505	191.21245	-74.85764	1.62734	187.1441	217.24989	0
2994	75.67131	500.40705	414.9717	-298.61689	-180.63474	453.21419	-14.64606	173.31171	-99.26774	-1.62734	200.16282	228.64127	0
2995	66.72094	519.12146	423.92207	-293.73487	-183.07575	462.16456	-14.64606	151.34262	-120.42316	-4.88202	209.92686	238.40531	0
2996	65.90727	540.27688	425.54941	-289.66652	-171.68437	471.9286	-14.64606	122.86417	-140.76491	-13.01872	210.74053	245.72834	0
2997	74.85764	554.92294	430.43143	-286.41184	-161.92033	483.31998	-15.45973	88.69003	-165.98868	-23.59643	199.34915	243.28733	0
2998	81.367	550.85459	435.31345	-283.97083	-161.10666	487.38833	-18.71441	54.51589	-194.46713	-33.36047	183.07575	231.89595	0
2999	80.55333	521.56247	429.61776	-275.83413	-161.92033	469.48759	-23.59643	29.29212	-218.06356	-41.49717	163.54767	221.31824	0
3000	70.78929	472.74227	416.59904	-257.11972	-158.66565	436.12712	-26.85111	13.01872	-231.08228	-46.37919	145.64693	211.5542	0
3001	52.07488	422.29473	391.37527	-231.08228	-158.66565	399.51197	-26.85111	8.1367	-231.89595	-47.19286	136.69656	201.79016	0
3002	31.73313	384.05224	360.45581	-206.67218	-163.54767	366.96517	-26.85111	13.01872	-224.57292	-48.00653	138.3239	193.65346	0
3003	17.90074	358.0148	336.85938	-188.77144	-165.98868	343.36874	-30.91946	13.83239	-222.13191	-53.70222	141.57858	183.88942	0
3004	10.57771	336.04571	318.95864	-174.12538	-162.734	324.65433	-39.86983	-1.62734	-235.15063	-67.53461	140.76491	170.8707	0
3005	7.32303	317.3313	298.61689	-159.47932	-153.78363	302.68524	-51.26121	-30.91946	-262.00174	-81.367	135.06922	156.22464	0
3006	6.50936	306.75359	275.83413	-147.27427	-139.95124	279.08881	-61.83892	-59.39791	-288.85285	-88.69003	121.23683	140.76491	0
3007	10.57771	299.43056	253.05137	-139.95124	-124.49151	260.3744	-66.72094	-82.99434	-299.43056	-91.13104	102.52242	126.93252	0
3008	17.08707	289.66652	235.15063	-139.95124	-114.72747	253.86504	-60.21158	-90.31737	-286.41184	-86.24902	85.43535	114.72747	0
3009	26.85111	282.34349	225.38659	-144.83326	-105.7771	253.05137	-44.75185	-79.73966	-259.56073	-75.67131	73.2303	104.14976	0
3010	32.5468	271.76578	221.31824	-147.27427	-100.89508	248.16935	-28.47845	-61.83892	-230.26861	-63.46626	65.0936	94.38572	0
3011	26.03744	257.11972	216.43622	-139.95124	-102.52242	242.47366	-12.20505	-43.93818	-205.85851	-53.70222	61.02525	84.62168	0
3012	14.64606	244.101	207.48585	-131.00087	-107.40444	235.15063	2.44101	-27.66478	-187.95777	-48.8202	61.02525	75.67131	0
3013	5.69569	227.01393	196.90814	-122.0505	-107.40444	222.94558	8.95037	-17.90074	-174.93905	-44.75185	68.34828	74.85764	0
3014	-1.62734	204.23117	186.33043	-115.54114	-103.33609	202.60383	1.62734	-24.4101	-165.98868	-45.56552	76.48498	74.85764	0
3015	-0.81367	183.07575	171.68437	-112.28646	-92.75838	181.44841	-11.39138	-43.12451	-161.10666	-50.44754	78.92599	70.78929	0
3016	12.20505	167.61602	150.52895	-109.84545	-72.41663	160.29299	-21.15542	-65.90727	-158.66565	-51.26121	74.85764	65.0936	0
3017	29.29212	152.15629	125.30518	-101.70875	-48.8202	139.13757	-20.34175	-81.367	-153.78363	-45.56552	63.46626	53.70222	0
3018	37.42882	135.06922	104.96343	-87.87636	-33.36047	119.60949	-12.20505	-79.73966	-139.95124	-34.98781	49.63387	34.98781	0
3019	38.24249	118.79582	90.31737	-76.48498	-26.03744	103.33609	-4.88202	-66.72094	-120.42316	-20.34175	37.42882	11.39138	0
3020	33.36047	102.52242	77.29865	-68.34828	-22.78276	88.69003	-2.44101	-56.9569	-104.96343	-9.76404	26.03744	-15.45973	0
3021	26.03744	88.69003	65.90727	-64.27993	-17.90074	75.67131	-0.81367	-52.07488	-91.13104	-4.06835	17.90074	-39.86983	0
3022	21.15542	82.18067	60.21158	-63.46626	-11.39138	69.16195	1.62734	-46.37919	-71.60296	0.81367	21.15542	-50.44754	0
3023	18.71441	83.80801	56.9569	-65.0936	-4.88202	68.34828	5.69569	-37.42882	-46.37919	5.69569	35.80148	-42.31084	0
3024	15.45973	83.80801	50.44754	-64.27993	-0.81367	65.0936	7.32303	-28.47845	-23.59643	14.64606	52.07488	-24.4101	0
3025	12.20505	69.97562	40.6835	-52.07488	-1.62734	53.70222	5.69569	-21.15542	-13.83239	20.34175	61.02525	-6.50936	0
3026	10.57771	47.19286	33.36047	-33.36047	-7.32303	38.24249	4.06835	-16.2734	-20.34175	19.52808	57.77057	4.06835	0
3027	7.32303	31.73313	31.73313	-17.90074	-13.83239	29.29212	3.25468	-8.95037	-32.5468	17.90074	44.75185	5.69569	0
3028	3.25468	26.85111	29.29212	-13.83239	-13.83239	25.22377	4.06835	-0.81367	-39.05616	15.45973	29.29212	-2.44101	0
3029	2.44101	23.59643	15.45973	-18.71441	-2.44101	21.15542	5.69569	2.44101	-29.29212	14.64606	17.08707	-20.34175	0
3030	6.50936	13.01872	-8.1367	-19.52808	14.64606	11.39138	2.44101	3.25468	-3.25468	13.01872	4.06835	-43.12451	0
3031	10.57771	-4.06835	-30.91946	-13.01872	26.85111	-4.06835	-4.88202	1.62734	28.47845	9.76404	-6.50936	-64.27993	0
3032	8.95037	-18.71441	-40.6835	-2.44101	28.47845	-18.71441	-13.01872	0.81367	57.77057	10.57771	-6.50936	-80.55333	0
3033	4.88202	-26.85111	-38.24249	5.69569	23.59643	-24.4101	-17.08707	1.62734	80.55333	15.45973	6.50936	-87.06269	0
3034	4.88202	-28.47845	-28.47845	11.39138	17.08707	-20.34175	-13.83239	7.32303	91.13104	25.22377	30.10579	-82.99434	0
3035	4.88202	-23.59643	-16.2734	11.39138	9.76404	-12.20505	0	16.2734	87.06269	34.98781	52.88855	-68.34828	0
3036	5.69569	-18.71441	-10.57771	8.1367	7.32303	-8.95037	18.71441	21.96909	72.41663	43.12451	61.02525	-49.63387	0
3037	12.20505	-18.71441	-17.08707	2.44101	14.64606	-14.64606	33.36047	22.78276	49.63387	49.63387	43.12451	-39.05616	0
3038	22.78276	-20.34175	-34.17414	0	28.47845	-27.66478	39.86983	17.08707	37.42882	52.07488	4.88202	-40.6835	0
3039	32.5468	-21.96909	-53.70222	-0.81367	42.31084	-43.12451	40.6835	5.69569	41.49717	50.44754	-36.61515	-52.07488	0
3040	39.05616	-26.03744	-68.34828	-2.44101	52.07488	-52.88855	37.42882	-0.81367	51.26121	43.12451	-65.0936	-61.02525	0
3041	37.42882	-34.98781	-73.2303	-0.81367	52.88855	-56.9569	34.98781	0	61.83892	33.36047	-66.72094	-61.02525	0
3042	23.59643	-45.56552	-71.60296	8.1367	45.56552	-60.21158	34.17414	3.25468	64.27993	22.78276	-43.12451	-51.26121	0
3043	8.95037	-56.9569	-69.16195	20.34175	37.42882	-65.0936	34.98781	8.95037	58.58424	11.39138	-9.76404	-35.80148	0
3044	0	-65.90727	-70.78929	30.91946	34.17414	-70.78929	36.61515	8.1367	55.32956	1.62734	16.2734	-21.96909	0
3045	-7.32303	-69.16195	-73.2303	39.86983	31.73313	-77.29865	35.80148	-1.62734	56.9569	-2.44101	30.91946	-17.90074	0
3046	-15.45973	-70.78929	-74.04397	46.37919	26.03744	-78.11232	33.36047	-11.39138	64.27993	-1.62734	31.73313	-18.71441	0
3047	-26.85111	-73.2303	-75.67131	51.26121	15.45973	-73.2303	26.85111	-17.08707	74.85764	0	15.45973	-24.4101	0
3048	-39.86983	-74.04397	-69.97562	53.70222	3.25468	-65.0936	20.34175	-17.90074	82.99434	0.81367	-8.95037	-37.42882	0
3049	-46.37919	-74.85764	-58.58424	55.32956	-4.06835	-58.58424	17.08707	-9.76404	90.31737	6.50936	-32.5468	-50.44754	0
3050	-43.12451	-74.85764	-52.07488	52.07488	-3.25468	-59.39791	12.20505	3.25468	96.01306	12.20505	-48.00653	-62.65259	0
3051	-32.5468	-74.04397	-56.14323	43.12451	5.69569	-66.72094	5.69569	15.45973	100.08141	14.64606	-52.88855	-70.78929	0
3052	-14.64606	-74.04397	-65.90727	34.17414	20.34175	-75.67131	2.44101	25.22377	107.40444	21.15542	-40.6835	-66.72094	0
3053	0.81367	-77.29865	-74.85764	33.36047	30.91946	-82.99434	1.62734	29.29212	117.98215	33.36047	-17.90074	-49.63387	0
3054	2.44101	-78.92599	-77.29865	36.61515	34.98781	-84.62168	3.25468	26.85111	130.1872	48.00653	10.57771	-28.47845	0
3055	-9.76404	-74.04397	-69.97562	39.05616	30.10579	-78.11232	4.06835	21.15542	140.76491	59.39791	35.80148	-15.45973	0
3056	-27.66478	-66.72094	-54.51589	43.12451	15.45973	-69.16195	1.62734	20.34175	150.52895	63.46626	41.49717	-14.64606	0
3057	-39.86983	-58.58424	-37.42882	43.12451	-3.25468	-63.46626	-0.81367	26.85111	157.03831	57.77057	25.22377	-25.22377	0
3058	-52.07488	-56.9569	-21.96909	43.12451	-17.90074	-55.32956	-2.44101	32.5468	157.03831	44.75185	-2.44101	-44.75185	0
3059	-65.0936	-65.0936	-13.83239	51.26121	-22.78276	-48.00653	0	34.98781	147.27427	29.29212	-34.17414	-63.46626	0
3060	-71.60296	-76.48498	-14.64606	62.65259	-21.96909	-46.37919	4.88202	34.17414	134.25555	17.90074	-59.39791	-77.29865	0
3061	-74.04397	-87.87636	-20.34175	73.2303	-19.52808	-52.07488	12.20505	36.61515	123.67784	16.2734	-67.53461	-82.18067	0
3062	-75.67131	-99.26774	-28.47845	82.18067	-15.45973	-61.83892	21.96909	45.56552	119.60949	28.47845	-52.07488	-78.11232	0
3063	-78.11232	-107.40444	-33.36047	89.5037	-14.64606	-69.97562	30.10579	57.77057	125.30518	47.19286	-21.15542	-67.53461	0
3064	-69.16195	-108.21811	-43.12451	87.06269	-7.32303	-76.48498	33.36047	65.0936	139.13757	67.53461	9.76404	-52.88855	0
3065	-45.56552	-107.40444	-64.27993	75.67131	11.39138	-87.87636	31.73313	65.90727	155.41097	84.62168	30.91946	-38.24249	0
3066	-13.01872	-106.59077	-93.57205	57.77057	34.98781	-101.70875	30.10579	61.83892	168.42969	95.19939	32.5468	-28.47845	0
3067	17.90074	-100.08141	-114.72747	38.24249	48.8202	-108.21811	27.66478	56.14323	173.31171	94.38572	12.20505	-29.29212	0
3068	28.47845	-90.31737	-120.42316	31.73313	50.44754	-109.84545	22.78276	51.26121	169.24336	79.73966	-24.4101	-40.6835	0
3069	12.20505	-84.62168	-114.72747	47.19286	42.31084	-113.10013	13.83239	46.37919	157.85198	53.70222	-69.16195	-56.9569	0
3070	-12.20505	-87.06269	-101.70875	70.78929	29.29212	-111.47279	7.32303	40.6835	142.39225	27.66478	-104.14976	-74.04397	0
3071	-29.29212	-92.75838	-83.80801	90.31737	17.90074	-100.89508	4.88202	38.24249	128.55986	8.1367	-117.98215	-90.31737	0
3072	-38.24249	-104.14976	-61.02525	100.08141	10.57771	-85.43535	5.69569	41.49717	126.11885	-1.62734	-109.84545	-101.70875	0
3073	-43.12451	-118.79582	-41.49717	105.7771	8.95037	-77.29865	6.50936	49.63387	125.30518	-1.62734	-82.99434	-101.70875	0
3074	-48.8202	-131.00087	-38.24249	104.96343	10.57771	-80.55333	8.95037	61.83892	121.23683	4.06835	-47.19286	-91.94471	0
3075	-47.19286	-142.39225	-58.58424	99.26774	18.71441	-97.6404	12.20505	75.67131	119.60949	14.64606	-14.64606	-77.29865	0
3076	-35.80148	-149.71528	-91.94471	91.94471	36.61515	-120.42316	13.01872	83.80801	122.86417	25.22377	4.06835	-65.0936	0
3077	-21.15542	-150.52895	-123.67784	84.62168	56.14323	-141.57858	11.39138	85.43535	129.37353	31.73313	1.62734	-63.46626	0
3078	-3.25468	-146.4606	-145.64693	78.92599	72.41663	-152.15629	11.39138	82.18067	132.62821	31.73313	-20.34175	-78.92599	0
3079	9.76404	-143.20592	-157.85198	78.11232	82.18067	-156.22464	13.01872	77.29865	131.00087	26.03744	-55.32956	-106.59077	0
3080	9.76404	-147.27427	-161.10666	82.18067	82.99434	-158.66565	17.08707	65.0936	126.93252	16.2734	-87.87636	-138.3239	0
3081	-4.06835	-151.34262	-150.52895	88.69003	69.97562	-152.96996	21.96909	46.37919	122.86417	8.95037	-102.52242	-162.734	0
3082	-27.66478	-148.08794	-119.60949	95.19939	41.49717	-135.88289	27.66478	31.73313	123.67784	6.50936	-90.31737	-168.42969	0
3083	-45.56552	-139.95124	-85.43535	100.89508	10.57771	-114.72747	34.17414	24.4101	128.55986	8.95037	-56.14323	-155.41097	0
3084	-56.9569	-134.25555	-63.46626	103.33609	-5.69569	-100.89508	39.05616	30.91946	131.81454	17.90074	-17.08707	-131.00087	0
3085	-61.83892	-129.37353	-55.32956	100.89508	-10.57771	-94.38572	42.31084	50.44754	127.74619	26.03744	9.76404	-100.89508	0
3086	-65.90727	-127.74619	-52.07488	98.45407	-11.39138	-91.13104	43.12451	67.53461	117.16848	26.03744	13.01872	-73.2303	0
3087	-68.34828	-133.44188	-56.9569	100.08141	-7.32303	-96.01306	42.31084	72.41663	106.59077	17.08707	-10.57771	-59.39791	0
3088	-62.65259	-144.83326	-74.04397	103.33609	0.81367	-109.84545	38.24249	64.27993	99.26774	4.06835	-51.26121	-63.46626	0
3089	-52.07488	-156.22464	-95.19939	105.7771	8.1367	-126.11885	32.5468	50.44754	96.01306	-4.88202	-91.13104	-78.11232	0
3090	-39.05616	-157.85198	-107.40444	100.89508	13.83239	-132.62821	26.85111	41.49717	101.70875	-5.69569	-113.9138	-96.01306	0
3091	-24.4101	-139.13757	-104.96343	89.5037	21.96909	-122.86417	23.59643	44.75185	115.54114	4.88202	-107.40444	-108.21811	0
3092	-13.01872	-109.03178	-95.19939	77.29865	26.03744	-101.70875	23.59643	56.9569	134.25555	25.22377	-71.60296	-108.21811	0
3093	-11.39138	-84.62168	-85.43535	66.72094	22.78276	-81.367	28.47845	71.60296	152.96996	45.56552	-17.90074	-96.01306	0
3094	-21.15542	-77.29865	-75.67131	63.46626	16.2734	-70.78929	34.17414	82.99434	166.80235	58.58424	30.91946	-73.2303	0
3095	-35.80148	-87.06269	-67.53461	70.78929	8.1367	-73.2303	37.42882	90.31737	170.8707	61.02525	61.02525	-48.00653	0
3096	-57.77057	-104.14976	-65.90727	81.367	0	-80.55333	34.98781	92.75838	165.17501	56.9569	56.14323	-31.73313	0
3097	-82.18067	-119.60949	-65.90727	89.5037	-8.95037	-86.24902	27.66478	87.87636	150.52895	48.00653	17.08707	-34.98781	0
3098	-95.19939	-129.37353	-62.65259	93.57205	-16.2734	-87.87636	18.71441	75.67131	131.81454	35.80148	-37.42882	-55.32956	0
3099	-90.31737	-133.44188	-58.58424	95.19939	-17.90074	-89.5037	10.57771	59.39791	116.35481	21.96909	-94.38572	-80.55333	0
3100	-71.60296	-134.25555	-63.46626	95.19939	-9.76404	-96.01306	7.32303	47.19286	100.89508	4.06835	-135.88289	-103.33609	0
3101	-46.37919	-135.06922	-82.18067	92.75838	9.76404	-108.21811	13.83239	42.31084	87.06269	-15.45973	-147.27427	-120.42316	0
3102	-21.96909	-138.3239	-106.59077	90.31737	34.17414	-122.0505	26.03744	41.49717	85.43535	-21.96909	-126.11885	-119.60949	0
3103	-5.69569	-143.20592	-122.86417	88.69003	50.44754	-132.62821	39.05616	42.31084	98.45407	-12.20505	-81.367	-96.82673	0
3104	0.81367	-145.64693	-126.11885	92.75838	52.07488	-135.88289	48.8202	46.37919	114.72747	4.88202	-26.03744	-61.83892	0
3105	1.62734	-147.27427	-126.11885	98.45407	51.26121	-132.62821	50.44754	48.8202	127.74619	24.4101	18.71441	-33.36047	0
3106	-2.44101	-152.15629	-126.93252	97.6404	52.88855	-124.49151	44.75185	41.49717	131.81454	39.86983	34.98781	-22.78276	0
3107	-8.1367	-152.15629	-120.42316	88.69003	49.63387	-116.35481	36.61515	27.66478	127.74619	48.00653	17.90074	-31.73313	0
3108	-13.01872	-144.83326	-105.7771	78.11232	42.31084	-106.59077	29.29212	15.45973	124.49151	46.37919	-24.4101	-52.07488	0
3109	-17.90074	-136.69656	-90.31737	69.97562	33.36047	-98.45407	24.4101	13.83239	126.11885	42.31084	-72.41663	-72.41663	0
3110	-30.10579	-129.37353	-77.29865	69.97562	21.15542	-93.57205	20.34175	21.96909	132.62821	40.6835	-101.70875	-82.99434	0
3111	-48.00653	-122.86417	-69.97562	78.92599	8.95037	-95.19939	18.71441	30.91946	139.13757	43.12451	-104.96343	-87.06269	0
3112	-65.0936	-119.60949	-69.16195	86.24902	-0.81367	-100.08141	19.52808	39.86983	143.20592	46.37919	-83.80801	-82.18067	0
3113	-74.04397	-119.60949	-72.41663	90.31737	-5.69569	-102.52242	21.15542	48.8202	144.01959	52.88855	-41.49717	-65.90727	0
3114	-70.78929	-116.35481	-74.85764	88.69003	-4.06835	-99.26774	22.78276	54.51589	141.57858	64.27993	7.32303	-44.75185	0
3115	-55.32956	-104.14976	-72.41663	76.48498	2.44101	-90.31737	25.22377	53.70222	135.88289	77.29865	43.93818	-26.85111	0
3116	-38.24249	-87.87636	-65.0936	59.39791	10.57771	-77.29865	26.85111	47.19286	130.1872	82.99434	52.07488	-17.90074	0
3117	-27.66478	-77.29865	-64.27993	43.93818	21.96909	-71.60296	22.78276	34.17414	122.86417	78.11232	26.85111	-17.90074	0
3118	-24.4101	-84.62168	-74.04397	41.49717	37.42882	-82.18067	13.01872	17.90074	108.21811	62.65259	-22.78276	-32.5468	0
3119	-25.22377	-109.03178	-84.62168	53.70222	49.63387	-105.7771	8.1367	8.1367	89.5037	40.6835	-81.367	-57.77057	0
3120	-32.5468	-138.3239	-96.01306	74.85764	51.26121	-129.37353	11.39138	8.1367	74.04397	20.34175	-125.30518	-80.55333	0
3121	-49.63387	-163.54767	-103.33609	100.08141	46.37919	-144.01959	17.90074	9.76404	68.34828	10.57771	-132.62821	-88.69003	0
3122	-70.78929	-175.75272	-102.52242	118.79582	39.86983	-144.83326	20.34175	9.76404	71.60296	12.20505	-100.08141	-78.92599	0
3123	-79.73966	-175.75272	-100.89508	121.23683	31.73313	-134.25555	22.78276	16.2734	82.99434	23.59643	-42.31084	-56.14323	0
3124	-65.90727	-169.24336	-97.6404	103.33609	28.47845	-117.16848	26.85111	24.4101	99.26774	42.31084	17.08707	-28.47845	0
3125	-41.49717	-158.66565	-91.94471	82.18067	28.47845	-101.70875	31.73313	26.85111	109.84545	59.39791	56.14323	-11.39138	0
3126	-19.52808	-146.4606	-86.24902	70.78929	26.85111	-94.38572	35.80148	26.85111	107.40444	61.83892	56.9569	-9.76404	0
3127	-12.20505	-138.3239	-81.367	67.53461	22.78276	-97.6404	36.61515	19.52808	96.01306	49.63387	20.34175	-23.59643	0
3128	-18.71441	-139.13757	-80.55333	70.78929	19.52808	-111.47279	34.98781	5.69569	81.367	28.47845	-39.05616	-49.63387	0
3129	-29.29212	-146.4606	-87.06269	78.92599	20.34175	-126.93252	30.10579	-8.95037	67.53461	5.69569	-102.52242	-80.55333	0
3130	-38.24249	-148.08794	-94.38572	85.43535	22.78276	-132.62821	23.59643	-20.34175	56.14323	-11.39138	-147.27427	-107.40444	0
3131	-39.86983	-135.88289	-91.13104	82.18067	21.96909	-122.0505	18.71441	-26.85111	51.26121	-17.90074	-157.85198	-122.86417	0
3132	-39.86983	-113.10013	-80.55333	72.41663	21.15542	-100.08141	15.45973	-24.4101	52.07488	-8.95037	-128.55986	-117.98215	0
3133	-43.12451	-89.5037	-69.16195	63.46626	20.34175	-76.48498	19.52808	-14.64606	56.14323	13.01872	-72.41663	-90.31737	0
3134	-41.49717	-66.72094	-55.32956	52.07488	17.90074	-59.39791	32.5468	0	59.39791	40.6835	-4.88202	-51.26121	0
3135	-27.66478	-48.00653	-45.56552	36.61515	17.90074	-48.00653	48.00653	17.08707	62.65259	60.21158	47.19286	-17.08707	0
3136	-7.32303	-34.17414	-42.31084	18.71441	23.59643	-40.6835	57.77057	27.66478	65.0936	69.16195	63.46626	0	0
3137	13.01872	-23.59643	-43.93818	2.44101	31.73313	-36.61515	62.65259	30.10579	66.72094	66.72094	37.42882	-3.25468	0
3138	37.42882	-17.08707	-52.88855	-11.39138	45.56552	-36.61515	62.65259	21.96909	65.0936	52.88855	-18.71441	-30.10579	0
3139	48.00653	-24.4101	-66.72094	-12.20505	56.14323	-43.12451	57.77057	5.69569	59.39791	30.91946	-83.80801	-69.16195	0
3140	31.73313	-48.00653	-74.04397	7.32303	50.44754	-49.63387	48.00653	-0.81367	61.02525	17.08707	-126.11885	-97.6404	0
3141	1.62734	-68.34828	-68.34828	31.73313	34.17414	-52.88855	39.05616	5.69569	75.67131	21.96909	-124.49151	-104.14976	0
3142	-26.03744	-81.367	-57.77057	52.07488	18.71441	-56.14323	34.17414	16.2734	96.82673	39.05616	-81.367	-91.13104	0
3143	-44.75185	-85.43535	-48.8202	66.72094	5.69569	-56.9569	36.61515	25.22377	114.72747	61.02525	-13.01872	-61.02525	0
3144	-44.75185	-73.2303	-40.6835	69.97562	0	-50.44754	42.31084	34.98781	127.74619	84.62168	60.21158	-21.15542	0
3145	-31.73313	-52.88855	-31.73313	57.77057	0.81367	-37.42882	47.19286	43.12451	129.37353	104.14976	115.54114	11.39138	0
3146	-18.71441	-34.98781	-21.15542	37.42882	1.62734	-20.34175	48.00653	50.44754	118.79582	110.65912	126.93252	23.59643	0
3147	-11.39138	-21.96909	-3.25468	21.15542	0	-6.50936	45.56552	53.70222	104.14976	98.45407	88.69003	13.01872	0
3148	-10.57771	-15.45973	19.52808	13.83239	-6.50936	0	39.86983	48.00653	87.87636	72.41663	17.08707	-14.64606	0
3149	-11.39138	-14.64606	38.24249	8.1367	-13.83239	7.32303	30.91946	33.36047	80.55333	44.75185	-52.88855	-54.51589	0
3150	-6.50936	-17.90074	52.07488	-6.50936	-21.15542	19.52808	24.4101	15.45973	85.43535	34.98781	-90.31737	-84.62168	0
3151	-4.88202	-23.59643	61.02525	-19.52808	-24.4101	23.59643	13.83239	-4.88202	91.13104	44.75185	-85.43535	-94.38572	0
3152	-13.01872	-30.10579	61.02525	-11.39138	-23.59643	17.90074	-4.88202	-25.22377	93.57205	62.65259	-47.19286	-84.62168	0
3153	-18.71441	-30.91946	54.51589	6.50936	-21.15542	11.39138	-26.03744	-34.17414	99.26774	84.62168	13.01872	-54.51589	0
3154	-18.71441	-20.34175	46.37919	14.64606	-20.34175	10.57771	-43.93818	-27.66478	109.84545	105.7771	74.85764	-13.83239	0
3155	-19.52808	-3.25468	43.12451	13.01872	-24.4101	17.08707	-55.32956	-14.64606	121.23683	119.60949	117.16848	17.08707	0
3156	-21.15542	10.57771	42.31084	8.1367	-28.47845	24.4101	-61.02525	-5.69569	129.37353	120.42316	120.42316	30.91946	0
3157	-15.45973	17.08707	40.6835	0.81367	-23.59643	23.59643	-61.02525	-2.44101	126.93252	104.96343	78.92599	26.03744	0
3158	-2.44101	21.15542	39.86983	-8.95037	-10.57771	19.52808	-53.70222	-7.32303	118.79582	77.29865	11.39138	7.32303	0
3159	8.95037	31.73313	37.42882	-21.96909	1.62734	21.15542	-39.05616	-16.2734	105.7771	49.63387	-53.70222	-18.71441	0
3160	20.34175	48.00653	33.36047	-34.17414	8.1367	29.29212	-25.22377	-27.66478	92.75838	26.85111	-100.89508	-43.93818	0
3161	30.91946	60.21158	32.5468	-43.93818	11.39138	39.05616	-17.08707	-39.86983	81.367	15.45973	-125.30518	-61.83892	0
3162	42.31084	65.0936	33.36047	-49.63387	12.20505	44.75185	-13.01872	-49.63387	74.04397	17.90074	-140.76491	-73.2303	0
3163	47.19286	70.78929	33.36047	-53.70222	10.57771	48.8202	-13.83239	-55.32956	66.72094	26.03744	-147.27427	-84.62168	0
3164	39.86983	78.92599	34.17414	-61.02525	3.25468	53.70222	-17.08707	-55.32956	59.39791	33.36047	-139.13757	-93.57205	0
3165	27.66478	80.55333	36.61515	-61.83892	-2.44101	56.9569	-20.34175	-53.70222	56.14323	41.49717	-128.55986	-93.57205	0
3166	9.76404	64.27993	37.42882	-45.56552	-6.50936	49.63387	-24.4101	-47.19286	61.83892	47.19286	-110.65912	-85.43535	0
3167	-13.83239	26.03744	28.47845	-13.01872	-11.39138	26.03744	-25.22377	-31.73313	75.67131	52.88855	-65.90727	-70.78929	0
3168	-36.61515	-20.34175	8.95037	26.03744	-14.64606	-7.32303	-19.52808	-9.76404	93.57205	65.0936	-2.44101	-45.56552	0
3169	-46.37919	-58.58424	-15.45973	55.32956	-8.95037	-42.31084	-7.32303	8.95037	107.40444	78.92599	60.21158	-19.52808	0
3170	-38.24249	-83.80801	-41.49717	66.72094	8.1367	-68.34828	7.32303	21.15542	113.9138	89.5037	100.08141	-2.44101	0
3171	-18.71441	-96.01306	-67.53461	62.65259	30.91946	-86.24902	21.96909	24.4101	116.35481	91.13104	100.89508	8.95037	0
3172	3.25468	-99.26774	-91.13104	52.07488	50.44754	-98.45407	30.91946	19.52808	112.28646	78.92599	57.77057	4.88202	0
3173	21.15542	-99.26774	-111.47279	41.49717	64.27993	-107.40444	28.47845	7.32303	99.26774	52.88855	-18.71441	-21.15542	0
3174	26.85111	-99.26774	-122.86417	37.42882	71.60296	-113.10013	17.90074	-4.06835	82.18067	26.85111	-104.96343	-69.16195	0
3175	21.96909	-101.70875	-122.86417	40.6835	72.41663	-113.9138	9.76404	-9.76404	70.78929	13.01872	-166.80235	-119.60949	0
3176	13.83239	-109.03178	-117.98215	49.63387	67.53461	-114.72747	4.88202	-11.39138	63.46626	9.76404	-181.44841	-148.90161	0
3177	3.25468	-122.0505	-119.60949	60.21158	63.46626	-122.0505	4.06835	-14.64606	61.02525	12.20505	-152.15629	-149.71528	0
3178	-6.50936	-134.25555	-127.74619	68.34828	64.27993	-131.81454	6.50936	-21.96909	67.53461	15.45973	-91.13104	-127.74619	0
3179	-14.64606	-139.95124	-133.44188	69.97562	66.72094	-138.3239	8.95037	-32.5468	79.73966	14.64606	-22.78276	-98.45407	0
3180	-17.90074	-139.95124	-135.88289	69.97562	65.90727	-139.13757	8.95037	-43.12451	89.5037	9.76404	22.78276	-78.11232	0
3181	-17.90074	-139.95124	-135.06922	70.78929	63.46626	-138.3239	8.1367	-47.19286	87.06269	0	26.03744	-66.72094	0
3182	-16.2734	-140.76491	-134.25555	72.41663	61.02525	-140.76491	5.69569	-41.49717	69.97562	-17.08707	-9.76404	-66.72094	0
3183	-14.64606	-142.39225	-132.62821	75.67131	57.77057	-143.20592	0	-34.98781	39.86983	-34.17414	-55.32956	-82.18067	0
3184	-17.90074	-147.27427	-127.74619	84.62168	49.63387	-144.01959	-5.69569	-36.61515	0	-43.93818	-83.80801	-105.7771	0
3185	-26.03744	-148.08794	-119.60949	91.13104	38.24249	-140.76491	-3.25468	-39.86983	-30.10579	-48.00653	-105.7771	-117.98215	0
3186	-29.29212	-136.69656	-106.59077	91.94471	30.10579	-132.62821	8.95037	-39.05616	-36.61515	-43.12451	-110.65912	-118.79582	0
3187	-25.22377	-116.35481	-98.45407	86.24902	34.98781	-120.42316	24.4101	-35.80148	-18.71441	-25.22377	-83.80801	-110.65912	0
3188	-21.96909	-99.26774	-99.26774	77.29865	48.8202	-109.84545	33.36047	-30.91946	11.39138	-4.88202	-34.98781	-95.19939	0
3189	-23.59643	-90.31737	-103.33609	75.67131	60.21158	-107.40444	32.5468	-26.03744	38.24249	8.1367	13.01872	-79.73966	0
3190	-26.03744	-88.69003	-110.65912	81.367	64.27993	-113.9138	26.03744	-20.34175	52.88855	11.39138	37.42882	-74.04397	0
3191	-25.22377	-99.26774	-115.54114	84.62168	61.02525	-119.60949	19.52808	-13.83239	54.51589	8.95037	28.47845	-73.2303	0
3192	-22.78276	-117.98215	-112.28646	84.62168	53.70222	-117.98215	16.2734	-12.20505	44.75185	2.44101	-11.39138	-78.92599	0
3193	-24.4101	-134.25555	-108.21811	84.62168	44.75185	-117.98215	15.45973	-21.96909	26.85111	-11.39138	-75.67131	-96.82673	0
3194	-29.29212	-144.01959	-111.47279	83.80801	42.31084	-123.67784	16.2734	-41.49717	13.01872	-27.66478	-141.57858	-117.98215	0
3195	-35.80148	-152.15629	-121.23683	84.62168	46.37919	-133.44188	20.34175	-55.32956	18.71441	-34.17414	-179.82107	-127.74619	0
3196	-42.31084	-162.734	-130.1872	91.13104	49.63387	-145.64693	30.10579	-52.07488	46.37919	-24.4101	-173.31171	-128.55986	0
3197	-50.44754	-174.93905	-135.88289	102.52242	47.19286	-157.03831	43.12451	-30.91946	87.06269	-1.62734	-126.11885	-118.79582	0
3198	-58.58424	-183.07575	-136.69656	113.10013	41.49717	-165.17501	52.88855	-4.06835	124.49151	26.03744	-56.9569	-100.08141	0
3199	-65.0936	-188.77144	-134.25555	123.67784	34.98781	-168.42969	53.70222	14.64606	147.27427	54.51589	8.1367	-81.367	0
3200	-67.53461	-192.02612	-130.1872	132.62821	31.73313	-168.42969	43.12451	24.4101	145.64693	70.78929	47.19286	-74.04397	0
3201	-67.53461	-196.09447	-126.93252	137.51023	33.36047	-168.42969	25.22377	18.71441	122.0505	68.34828	41.49717	-74.85764	0
3202	-67.53461	-200.16282	-126.11885	139.95124	36.61515	-170.05703	4.06835	-3.25468	84.62168	48.8202	-4.06835	-82.18067	0
3203	-63.46626	-198.53548	-126.11885	135.88289	38.24249	-168.42969	-13.83239	-43.12451	43.93818	21.15542	-74.04397	-97.6404	0
3204	-56.14323	-185.51676	-122.86417	125.30518	37.42882	-158.66565	-27.66478	-95.19939	0	-9.76404	-147.27427	-112.28646	0
3205	-50.44754	-170.05703	-116.35481	112.28646	34.98781	-146.4606	-35.80148	-148.90161	-50.44754	-40.6835	-199.34915	-117.98215	0
3206	-44.75185	-156.22464	-111.47279	100.89508	34.17414	-135.88289	-43.12451	-204.23117	-117.16848	-68.34828	-213.99521	-117.16848	0
3207	-37.42882	-141.57858	-104.96343	88.69003	33.36047	-125.30518	-56.14323	-272.57945	-205.85851	-92.75838	-190.39878	-106.59077	0
3208	-31.73313	-118.79582	-85.43535	74.04397	26.03744	-103.33609	-75.67131	-358.82847	-318.14497	-116.35481	-132.62821	-74.04397	0
3209	-26.03744	-75.67131	-45.56552	50.44754	7.32303	-61.83892	-96.01306	-456.46887	-446.70483	-139.95124	-68.34828	-14.64606	0
3210	-13.83239	-6.50936	8.95037	8.95037	-13.01872	0	-115.54114	-557.36395	-584.21506	-165.98868	-22.78276	65.0936	0
3211	4.88202	76.48498	67.53461	-43.93818	-30.10579	70.78929	-139.95124	-662.32738	-731.48933	-195.2808	16.2734	141.57858	0
3212	23.59643	166.80235	123.67784	-104.96343	-43.12451	144.01959	-170.8707	-778.68219	-884.45929	-220.50457	56.9569	203.4175	0
3213	36.61515	257.11972	184.70309	-165.17501	-58.58424	218.87723	-208.29952	-908.05572	-1034.98824	-235.15063	94.38572	256.30605	0
3214	43.12451	349.06443	265.25642	-214.80888	-93.57205	304.31258	-257.11972	-1056.14366	-1180.63517	-244.101	136.69656	307.56726	0
3215	43.93818	454.02786	376.72921	-262.81541	-152.96996	413.34436	-314.07662	-1229.45537	-1331.16412	-244.91467	200.16282	362.08315	0
3216	41.49717	580.96038	517.49412	-320.58598	-229.45494	546.78624	-374.2882	-1423.10883	-1490.64344	-232.70962	294.54854	432.87244	0
3217	44.75185	726.60731	670.46408	-390.5616	-308.38093	696.50152	-440.19547	-1619.2033	-1652.56377	-202.60383	419.04005	523.18981	0
3218	52.88855	875.50892	813.67	-468.67392	-375.91554	842.96212	-520.7488	-1797.39703	-1797.39703	-156.22464	530.51284	624.08489	0
3219	64.27993	1002.44144	921.07444	-543.53156	-418.22638	959.31693	-603.74314	-1926.77056	-1898.29211	-107.40444	593.16543	717.65694	0
3220	78.92599	1061.02568	958.50326	-583.40139	-427.17675	1008.13713	-660.70004	-1982.10012	-1928.3979	-78.92599	623.27122	772.17283	0
3221	82.99434	999.18676	894.22333	-553.2956	-395.44362	945.48454	-686.73748	-1955.24901	-1874.69568	-68.34828	601.30213	751.83108	0
3222	65.90727	804.71963	722.53896	-443.45015	-323.02699	762.40879	-687.55115	-1859.23595	-1750.20417	-84.62168	481.69264	638.73095	0
3223	28.47845	514.23944	474.36961	-276.6478	-220.50457	492.27035	-669.65041	-1725.79407	-1605.37091	-153.78363	262.00174	451.58685	0
3224	-18.71441	192.83979	204.23117	-89.5037	-110.65912	196.09447	-646.05398	-1584.21549	-1488.20243	-292.9212	-20.34175	226.20026	0
3225	-68.34828	-99.26774	-36.61515	82.99434	-15.45973	-69.97562	-626.5259	-1454.02829	-1414.97213	-497.96604	-304.31258	8.1367	0
3226	-111.47279	-331.97736	-224.57292	213.99521	55.32956	-279.90248	-620.01654	-1343.36917	-1387.30735	-734.74401	-530.51284	-159.47932	0
3227	-140.76491	-497.15237	-358.0148	296.17588	108.21811	-419.85372	-624.89856	-1242.47409	-1389.74836	-949.55289	-666.39573	-261.18807	0
3228	-143.20592	-596.42011	-451.58685	340.92773	144.01959	-495.52503	-627.33957	-1131.0013	-1383.239	-1095.19982	-707.8929	-302.68524	0
3229	-116.35481	-628.15324	-506.91641	348.25076	166.80235	-528.8855	-603.74314	-987.79538	-1330.35045	-1141.57901	-687.55115	-293.73487	0
3230	-75.67131	-602.92947	-519.12146	325.468	181.44841	-528.8855	-548.41358	-811.22899	-1216.43665	-1089.50413	-641.98563	-254.67871	0
3231	-38.24249	-550.04092	-496.3387	292.10753	190.39878	-502.03439	-467.86025	-628.15324	-1059.39834	-973.14932	-574.45102	-217.24989	0
3232	-11.39138	-489.82934	-461.35089	255.49238	195.2808	-465.41924	-379.98389	-469.48759	-887.71397	-835.63909	-500.40705	-199.34915	0
3233	2.44101	-439.3818	-429.61776	223.75925	197.72181	-432.05877	-301.0579	-349.8781	-722.53896	-705.45189	-427.99042	-201.79016	0
3234	4.06835	-406.835	-407.64867	205.85851	194.46713	-409.27601	-241.65999	-265.25642	-572.01001	-595.60644	-356.38746	-210.74053	0
3235	0	-391.37527	-396.25729	198.53548	185.51676	-395.44362	-199.34915	-196.90814	-440.19547	-502.84806	-306.75359	-211.5542	0
3236	-8.95037	-386.49325	-387.30692	197.72181	176.56639	-387.30692	-165.98868	-135.06922	-320.58598	-414.9717	-270.13844	-205.04484	0
3237	-16.2734	-380.79756	-373.47453	197.72181	170.05703	-378.35655	-132.62821	-82.18067	-210.74053	-327.90901	-223.75925	-192.83979	0
3238	-17.90074	-371.03352	-356.38746	192.83979	163.54767	-364.52416	-99.26774	-42.31084	-115.54114	-244.91467	-172.49804	-174.93905	0
3239	-17.90074	-361.26948	-342.55507	188.77144	158.66565	-353.13278	-76.48498	-15.45973	-40.6835	-175.75272	-129.37353	-157.85198	0
3240	-17.08707	-349.8781	-323.02699	185.51676	148.08794	-337.67305	-64.27993	2.44101	13.01872	-126.11885	-104.14976	-144.01959	0
3241	-17.08707	-321.39965	-283.15716	178.19373	122.0505	-302.68524	-52.07488	26.03744	53.70222	-96.01306	-94.38572	-136.69656	0
3242	-17.90074	-272.57945	-228.64127	157.03831	91.94471	-251.42403	-30.10579	58.58424	88.69003	-74.04397	-91.94471	-133.44188	0
3243	-13.83239	-217.24989	-183.07575	124.49151	73.2303	-201.79016	-2.44101	91.94471	117.16848	-52.07488	-96.82673	-133.44188	0
3244	-5.69569	-173.31171	-155.41097	95.19939	68.34828	-167.61602	24.4101	121.23683	137.51023	-29.29212	-109.03178	-129.37353	0
3245	3.25468	-146.4606	-139.95124	74.85764	70.78929	-148.08794	48.8202	142.39225	156.22464	-9.76404	-114.72747	-116.35481	0
3246	8.95037	-132.62821	-129.37353	64.27993	72.41663	-137.51023	71.60296	157.85198	181.44841	7.32303	-103.33609	-100.08141	0
3247	7.32303	-126.93252	-121.23683	62.65259	68.34828	-130.1872	93.57205	176.56639	215.62255	27.66478	-72.41663	-82.99434	0
3248	-1.62734	-126.93252	-114.72747	65.90727	59.39791	-126.11885	109.84545	201.79016	247.35568	48.8202	-25.22377	-63.46626	0
3249	-14.64606	-131.81454	-112.28646	71.60296	49.63387	-127.74619	117.98215	226.20026	262.81541	65.90727	21.96909	-49.63387	0
3250	-24.4101	-139.95124	-116.35481	78.92599	45.56552	-134.25555	121.23683	237.59164	262.81541	73.2303	50.44754	-47.19286	0
3251	-21.96909	-141.57858	-122.86417	78.11232	49.63387	-135.88289	118.79582	234.33696	253.86504	69.97562	49.63387	-51.26121	0
3252	-7.32303	-126.11885	-123.67784	63.46626	56.14323	-127.74619	111.47279	218.87723	240.03265	58.58424	22.78276	-59.39791	0
3253	13.83239	-100.89508	-119.60949	40.6835	61.83892	-112.28646	102.52242	194.46713	227.8276	41.49717	-21.96909	-76.48498	0
3254	37.42882	-75.67131	-117.16848	17.90074	65.0936	-99.26774	97.6404	169.24336	223.75925	24.4101	-69.97562	-92.75838	0
3255	47.19286	-64.27993	-111.47279	7.32303	65.90727	-92.75838	96.01306	153.78363	226.20026	17.08707	-97.6404	-97.6404	0
3256	32.5468	-72.41663	-103.33609	18.71441	63.46626	-93.57205	98.45407	156.22464	233.52329	26.85111	-92.75838	-96.01306	0
3257	4.06835	-92.75838	-95.19939	43.12451	58.58424	-99.26774	110.65912	174.12538	248.98302	51.26121	-59.39791	-87.87636	0
3258	-16.2734	-113.10013	-92.75838	64.27993	54.51589	-106.59077	129.37353	199.34915	270.95211	82.99434	-6.50936	-69.16195	0
3259	-24.4101	-127.74619	-97.6404	75.67131	51.26121	-115.54114	145.64693	217.24989	292.9212	109.84545	43.93818	-52.07488	0
3260	-25.22377	-138.3239	-108.21811	81.367	51.26121	-125.30518	148.90161	225.38659	309.1946	121.23683	71.60296	-48.00653	0
3261	-21.15542	-139.13757	-115.54114	78.92599	52.07488	-128.55986	139.13757	220.50457	308.38093	113.9138	64.27993	-52.88855	0
3262	-10.57771	-128.55986	-109.84545	70.78929	50.44754	-116.35481	122.0505	201.79016	286.41184	91.94471	27.66478	-63.46626	0
3263	0.81367	-115.54114	-94.38572	62.65259	46.37919	-93.57205	105.7771	181.44841	252.2377	64.27993	-19.52808	-78.11232	0
3264	11.39138	-101.70875	-78.11232	56.9569	39.86983	-75.67131	96.01306	171.68437	218.06356	39.86983	-61.02525	-94.38572	0
3265	17.90074	-96.82673	-69.97562	57.77057	30.91946	-72.41663	93.57205	169.24336	191.21245	24.4101	-83.80801	-112.28646	0
3266	20.34175	-104.96343	-79.73966	63.46626	31.73313	-79.73966	94.38572	172.49804	175.75272	19.52808	-82.99434	-122.86417	0
3267	21.15542	-116.35481	-100.89508	65.90727	43.93818	-87.06269	98.45407	183.07575	178.19373	28.47845	-57.77057	-117.16848	0
3268	20.34175	-126.11885	-113.10013	61.02525	55.32956	-90.31737	104.96343	201.79016	196.90814	51.26121	-13.01872	-94.38572	0
3269	19.52808	-132.62821	-113.10013	51.26121	59.39791	-91.94471	108.21811	222.13191	219.6909	78.11232	33.36047	-69.97562	0
3270	9.76404	-130.1872	-109.03178	49.63387	56.9569	-92.75838	109.84545	233.52329	237.59164	98.45407	64.27993	-57.77057	0
3271	-8.95037	-118.79582	-103.33609	61.02525	46.37919	-91.94471	109.84545	237.59164	251.42403	107.40444	67.53461	-54.51589	0
3272	-25.22377	-108.21811	-96.01306	69.97562	34.98781	-91.94471	107.40444	231.08228	258.74706	104.14976	45.56552	-56.9569	0
3273	-31.73313	-101.70875	-87.87636	72.41663	26.85111	-91.94471	102.52242	220.50457	254.67871	92.75838	6.50936	-67.53461	0
3274	-29.29212	-96.01306	-80.55333	69.16195	21.96909	-89.5037	95.19939	213.99521	244.101	81.367	-33.36047	-77.29865	0
3275	-24.4101	-89.5037	-74.85764	61.83892	20.34175	-85.43535	91.13104	210.74053	235.9643	78.92599	-57.77057	-78.11232	0
3276	-17.08707	-82.99434	-72.41663	53.70222	23.59643	-81.367	90.31737	213.99521	234.33696	87.87636	-57.77057	-77.29865	0
3277	-5.69569	-76.48498	-74.04397	45.56552	31.73313	-78.92599	95.19939	227.01393	241.65999	107.40444	-34.98781	-74.04397	0
3278	6.50936	-72.41663	-78.11232	37.42882	41.49717	-76.48498	109.03178	244.91467	262.81541	133.44188	3.25468	-60.21158	0
3279	13.01872	-72.41663	-82.18067	33.36047	47.19286	-76.48498	131.81454	255.49238	290.48019	164.36134	48.00653	-44.75185	0
3280	13.83239	-75.67131	-85.43535	32.5468	49.63387	-78.92599	153.78363	251.42403	310.82194	183.88942	78.11232	-39.86983	0
3281	9.76404	-81.367	-88.69003	33.36047	49.63387	-82.99434	162.734	240.03265	314.07662	178.19373	78.11232	-41.49717	0
3282	2.44101	-89.5037	-87.87636	32.5468	44.75185	-88.69003	155.41097	236.77797	305.93992	144.83326	52.88855	-45.56552	0
3283	-3.25468	-94.38572	-78.11232	30.10579	36.61515	-92.75838	142.39225	246.54201	300.24423	109.03178	18.71441	-51.26121	0
3284	-9.76404	-96.01306	-62.65259	30.10579	26.03744	-93.57205	131.81454	260.3744	301.87157	88.69003	-8.95037	-58.58424	0
3285	-14.64606	-93.57205	-48.8202	33.36047	15.45973	-87.06269	123.67784	270.13844	308.38093	80.55333	-22.78276	-67.53461	0
3286	-14.64606	-86.24902	-37.42882	35.80148	6.50936	-71.60296	118.79582	277.46147	316.51763	84.62168	-17.08707	-71.60296	0
3287	-17.08707	-74.85764	-26.03744	37.42882	-0.81367	-55.32956	116.35481	285.59817	327.90901	98.45407	2.44101	-67.53461	0
3288	-25.22377	-62.65259	-12.20505	40.6835	-10.57771	-39.05616	116.35481	298.61689	344.18241	116.35481	28.47845	-59.39791	0
3289	-34.98781	-53.70222	-1.62734	43.93818	-20.34175	-28.47845	118.79582	311.63561	363.71049	133.44188	56.14323	-53.70222	0
3290	-42.31084	-50.44754	0	48.00653	-22.78276	-26.03744	119.60949	318.95864	377.54288	142.39225	75.67131	-53.70222	0
3291	-48.00653	-53.70222	-4.88202	52.07488	-21.96909	-30.10579	121.23683	323.02699	378.35655	140.76491	79.73966	-53.70222	0
3292	-50.44754	-55.32956	-7.32303	53.70222	-21.96909	-32.5468	121.23683	325.468	365.33783	128.55986	66.72094	-53.70222	0
3293	-48.00653	-51.26121	-4.88202	49.63387	-20.34175	-26.03744	119.60949	323.84066	341.7414	113.10013	45.56552	-58.58424	0
3294	-44.75185	-48.00653	0	47.19286	-17.90074	-15.45973	121.23683	318.14497	315.70396	104.14976	30.10579	-58.58424	0
3295	-42.31084	-48.8202	1.62734	48.00653	-16.2734	-10.57771	124.49151	314.89029	298.61689	105.7771	30.10579	-50.44754	0
3296	-41.49717	-48.8202	0	48.00653	-16.2734	-14.64606	128.55986	320.58598	296.17588	117.98215	41.49717	-43.93818	0
3297	-39.86983	-47.19286	-0.81367	45.56552	-16.2734	-18.71441	134.25555	340.11406	305.93992	137.51023	55.32956	-39.05616	0
3298	-34.17414	-43.93818	-3.25468	40.6835	-13.83239	-21.96909	136.69656	370.21985	318.14497	154.5973	65.0936	-33.36047	0
3299	-22.78276	-34.98781	-5.69569	29.29212	-8.1367	-20.34175	132.62821	401.95298	326.28167	165.17501	70.78929	-20.34175	0
3300	-8.1367	-21.15542	-8.1367	14.64606	0	-15.45973	123.67784	423.92207	329.53635	162.734	73.2303	0.81367	0
3301	0.81367	-8.1367	-6.50936	2.44101	3.25468	-8.1367	111.47279	427.17675	325.468	139.95124	68.34828	18.71441	0
3302	9.76404	14.64606	4.88202	-13.01872	1.62734	8.95037	104.14976	411.71702	314.07662	107.40444	58.58424	26.85111	0
3303	24.4101	54.51589	27.66478	-40.6835	-1.62734	39.86983	104.96343	393.81628	301.0579	81.367	49.63387	30.10579	0
3304	42.31084	97.6404	52.07488	-69.97562	-4.88202	73.2303	110.65912	383.23857	290.48019	69.16195	39.86983	26.85111	0
3305	51.26121	131.00087	72.41663	-91.13104	-11.39138	100.89508	119.60949	379.17022	287.22551	69.97562	38.24249	19.52808	0
3306	51.26121	152.96996	88.69003	-102.52242	-23.59643	122.0505	131.81454	383.23857	296.17588	83.80801	49.63387	17.08707	0
3307	46.37919	161.92033	101.70875	-104.14976	-36.61515	133.44188	141.57858	395.44362	310.00827	101.70875	68.34828	21.15542	0
3308	36.61515	160.29299	111.47279	-97.6404	-45.56552	136.69656	143.20592	414.9717	323.84066	113.10013	87.87636	26.03744	0
3309	20.34175	152.96996	117.16848	-83.80801	-48.8202	135.06922	139.13757	432.87244	330.35002	115.54114	104.96343	33.36047	0
3310	9.76404	143.20592	120.42316	-73.2303	-52.07488	130.1872	133.44188	441.82281	325.468	110.65912	112.28646	41.49717	0
3311	11.39138	137.51023	126.11885	-75.67131	-58.58424	131.00087	131.00087	440.19547	312.44928	106.59077	109.84545	47.19286	0
3312	19.52808	144.83326	134.25555	-87.06269	-62.65259	138.3239	131.00087	432.05877	301.0579	104.96343	103.33609	50.44754	0
3313	27.66478	159.47932	140.76491	-97.6404	-65.0936	148.90161	129.37353	425.54941	294.54854	105.7771	93.57205	52.88855	0
3314	32.5468	174.93905	147.27427	-106.59077	-65.90727	159.47932	123.67784	425.54941	296.17588	104.14976	80.55333	60.21158	0
3315	31.73313	192.83979	161.10666	-113.9138	-70.78929	174.93905	115.54114	430.43143	301.0579	103.33609	73.2303	73.2303	0
3316	22.78276	212.36787	186.33043	-118.79582	-85.43535	197.72181	107.40444	436.12712	301.87157	106.59077	79.73966	84.62168	0
3317	1.62734	221.31824	217.24989	-113.10013	-108.21811	218.06356	99.26774	438.56813	296.98955	112.28646	97.6404	88.69003	0
3318	-20.34175	218.06356	241.65999	-100.89508	-131.00087	230.26861	88.69003	439.3818	284.7845	109.84545	117.16848	87.87636	0
3319	-29.29212	218.06356	252.2377	-96.01306	-139.95124	239.21898	82.99434	441.00914	268.5111	100.08141	135.06922	92.75838	0
3320	-18.71441	228.64127	253.86504	-105.7771	-135.06922	247.35568	78.92599	438.56813	243.28733	91.94471	146.4606	104.96343	0
3321	-2.44101	244.91467	252.2377	-122.0505	-126.93252	253.86504	71.60296	423.1084	212.36787	84.62168	146.4606	113.10013	0
3322	13.01872	267.69743	255.49238	-141.57858	-120.42316	265.25642	62.65259	397.07096	180.63474	76.48498	139.13757	113.9138	0
3323	27.66478	292.10753	264.44275	-161.10666	-117.98215	279.90248	55.32956	371.84719	153.78363	69.16195	127.74619	113.9138	0
3324	36.61515	309.1946	275.02046	-172.49804	-117.16848	291.29386	50.44754	354.76012	134.25555	62.65259	117.98215	110.65912	0
3325	37.42882	317.3313	283.97083	-177.38006	-119.60949	297.80322	48.00653	349.06443	122.0505	59.39791	113.9138	104.96343	0
3326	37.42882	327.90901	292.9212	-182.26208	-124.49151	305.12625	50.44754	353.94645	117.98215	63.46626	117.16848	101.70875	0
3327	48.00653	349.06443	303.49891	-192.83979	-129.37353	321.39965	58.58424	362.89682	116.35481	70.78929	128.55986	107.40444	0
3328	63.46626	379.17022	318.14497	-202.60383	-131.81454	344.18241	69.16195	371.84719	113.9138	73.2303	146.4606	122.86417	0
3329	68.34828	401.13931	336.04571	-209.92686	-138.3239	365.33783	75.67131	373.47453	112.28646	65.0936	165.17501	138.3239	0
3330	52.88855	409.27601	355.57379	-208.29952	-154.5973	377.54288	70.78929	360.45581	103.33609	52.07488	172.49804	143.20592	0
3331	28.47845	409.27601	368.59251	-199.34915	-171.68437	379.98389	53.70222	336.04571	82.18067	39.05616	164.36134	142.39225	0
3332	9.76404	406.02133	377.54288	-192.83979	-183.88942	381.61123	34.17414	310.82194	58.58424	26.03744	150.52895	144.83326	0
3333	0	401.13931	392.18894	-191.21245	-193.65346	388.12059	17.08707	284.7845	34.17414	13.01872	135.88289	147.27427	0
3334	-4.88202	397.07096	410.90335	-192.83979	-200.16282	397.07096	1.62734	253.86504	1.62734	1.62734	118.79582	142.39225	0
3335	-7.32303	396.25729	422.29473	-196.09447	-205.04484	405.20766	-8.95037	220.50457	-34.17414	-4.88202	104.96343	130.1872	0
3336	-4.06835	397.88463	423.92207	-200.16282	-205.85851	410.90335	-19.52808	185.51676	-65.0936	-14.64606	98.45407	122.86417	0
3337	4.88202	403.58032	415.78537	-202.60383	-199.34915	410.08968	-25.22377	152.15629	-89.5037	-26.85111	102.52242	125.30518	0
3338	16.2734	412.53069	397.07096	-205.85851	-187.1441	403.58032	-23.59643	127.74619	-110.65912	-39.86983	113.9138	131.81454	0
3339	25.22377	416.59904	376.72921	-213.18154	-174.12538	397.88463	-19.52808	116.35481	-131.00087	-57.77057	128.55986	135.06922	0
3340	34.98781	407.64867	362.08315	-222.13191	-162.734	393.00261	-17.90074	113.9138	-148.90161	-73.2303	138.3239	132.62821	0
3341	39.05616	389.74793	358.0148	-224.57292	-159.47932	388.93426	-22.78276	112.28646	-164.36134	-86.24902	138.3239	131.00087	0
3342	25.22377	372.66086	363.71049	-212.36787	-169.24336	384.05224	-33.36047	100.08141	-178.19373	-98.45407	127.74619	132.62821	0
3343	0.81367	361.26948	375.10187	-191.21245	-187.1441	379.98389	-45.56552	78.11232	-192.83979	-106.59077	112.28646	134.25555	0
3344	-20.34175	356.38746	386.49325	-172.49804	-204.23117	377.54288	-52.88855	49.63387	-205.85851	-107.40444	96.82673	133.44188	0
3345	-37.42882	350.69177	392.18894	-160.29299	-215.62255	372.66086	-54.51589	20.34175	-218.06356	-104.14976	84.62168	125.30518	0
3346	-42.31084	345.80975	384.86591	-154.5973	-213.99521	362.89682	-56.14323	-2.44101	-228.64127	-104.96343	74.85764	113.9138	0
3347	-36.61515	344.99608	362.08315	-158.66565	-202.60383	347.43709	-56.14323	-17.90074	-237.59164	-110.65912	67.53461	104.14976	0
3348	-22.78276	347.43709	333.6047	-174.93905	-186.33043	331.97736	-52.88855	-26.03744	-245.72834	-115.54114	65.90727	96.01306	0
3349	-6.50936	344.18241	314.07662	-186.33043	-167.61602	318.14497	-48.00653	-31.73313	-254.67871	-117.98215	69.16195	85.43535	0
3350	0.81367	328.72268	304.31258	-179.82107	-156.22464	306.75359	-45.56552	-34.98781	-262.00174	-120.42316	71.60296	71.60296	0
3351	-3.25468	307.56726	299.43056	-161.92033	-152.96996	296.17588	-43.93818	-40.6835	-270.13844	-125.30518	69.16195	61.83892	0
3352	-10.57771	287.22551	295.36221	-143.20592	-154.5973	287.22551	-46.37919	-56.14323	-282.34349	-131.81454	60.21158	58.58424	0
3353	-16.2734	270.13844	291.29386	-126.11885	-158.66565	278.27514	-48.00653	-74.85764	-294.54854	-131.81454	47.19286	54.51589	0
3354	-21.15542	251.42403	288.03918	-107.40444	-165.17501	267.69743	-48.00653	-83.80801	-297.80322	-122.0505	30.91946	43.93818	0
3355	-23.59643	231.08228	279.08881	-89.5037	-167.61602	253.86504	-47.19286	-83.80801	-288.85285	-112.28646	18.71441	29.29212	0
3356	-25.22377	213.18154	262.00174	-78.92599	-159.47932	235.9643	-43.12451	-78.92599	-271.76578	-100.08141	13.83239	21.96909	0
3357	-24.4101	196.90814	237.59164	-74.85764	-141.57858	215.62255	-34.98781	-74.85764	-256.30605	-84.62168	12.20505	21.96909	0
3358	-20.34175	174.12538	205.85851	-70.78929	-118.79582	187.95777	-29.29212	-77.29865	-247.35568	-72.41663	4.88202	21.15542	0
3359	-14.64606	144.83326	168.42969	-62.65259	-93.57205	154.5973	-28.47845	-84.62168	-240.84632	-65.0936	-5.69569	13.01872	0
3360	-10.57771	117.98215	134.25555	-53.70222	-72.41663	123.67784	-30.10579	-95.19939	-231.08228	-64.27993	-10.57771	0	0
3361	-9.76404	97.6404	110.65912	-44.75185	-59.39791	103.33609	-30.10579	-101.70875	-218.06356	-68.34828	-5.69569	-5.69569	0
3362	-8.95037	87.06269	97.6404	-39.86983	-52.88855	90.31737	-26.03744	-97.6404	-199.34915	-71.60296	3.25468	-6.50936	0
3363	-11.39138	84.62168	96.01306	-36.61515	-53.70222	84.62168	-17.08707	-88.69003	-173.31171	-73.2303	8.1367	-10.57771	0
3364	-15.45973	86.24902	100.89508	-34.17414	-58.58424	85.43535	-6.50936	-80.55333	-141.57858	-74.04397	7.32303	-21.15542	0
3365	-11.39138	90.31737	99.26774	-38.24249	-56.14323	87.87636	0.81367	-66.72094	-114.72747	-69.97562	11.39138	-31.73313	0
3366	-2.44101	91.13104	88.69003	-42.31084	-46.37919	84.62168	4.06835	-46.37919	-98.45407	-61.02525	20.34175	-36.61515	0
3367	-8.1367	69.97562	74.04397	-30.10579	-40.6835	67.53461	0	-32.5468	-93.57205	-53.70222	23.59643	-39.86983	0
3368	-27.66478	34.17414	56.9569	-1.62734	-41.49717	43.93818	-6.50936	-30.10579	-91.94471	-51.26121	17.90074	-44.75185	0
3369	-47.19286	4.88202	40.6835	26.03744	-43.12451	25.22377	-11.39138	-34.17414	-87.06269	-51.26121	4.88202	-43.12451	0
3370	-56.14323	-10.57771	27.66478	41.49717	-43.12451	13.83239	-8.1367	-40.6835	-78.92599	-48.00653	-7.32303	-33.36047	0
3371	-55.32956	-17.90074	19.52808	43.12451	-37.42882	8.1367	0.81367	-45.56552	-69.97562	-39.05616	-15.45973	-22.78276	0
3372	-50.44754	-20.34175	15.45973	39.86983	-29.29212	7.32303	8.1367	-50.44754	-56.9569	-26.85111	-18.71441	-17.08707	0
3373	-46.37919	-19.52808	17.08707	32.5468	-25.22377	7.32303	4.06835	-53.70222	-39.86983	-17.08707	-20.34175	-17.08707	0
3374	-43.93818	-19.52808	15.45973	22.78276	-23.59643	3.25468	-7.32303	-48.8202	-19.52808	-10.57771	-24.4101	-22.78276	0
3375	-37.42882	-19.52808	5.69569	16.2734	-14.64606	-4.88202	-21.15542	-39.86983	3.25468	-4.88202	-29.29212	-34.17414	0
3376	-26.03744	-19.52808	-8.1367	15.45973	-3.25468	-13.83239	-33.36047	-31.73313	21.15542	1.62734	-34.98781	-48.8202	0
3377	-15.45973	-18.71441	-17.90074	15.45973	2.44101	-19.52808	-39.86983	-21.96909	33.36047	11.39138	-37.42882	-59.39791	0
3378	-12.20505	-20.34175	-18.71441	15.45973	3.25468	-20.34175	-28.47845	-3.25468	45.56552	23.59643	-30.91946	-61.02525	0
3379	-16.2734	-23.59643	-15.45973	17.90074	0	-21.15542	-7.32303	17.90074	58.58424	37.42882	-17.90074	-52.07488	0
3380	-22.78276	-29.29212	-13.01872	23.59643	-3.25468	-21.96909	8.95037	30.10579	64.27993	44.75185	-9.76404	-39.05616	0
3381	-26.03744	-30.91946	-10.57771	26.03744	-7.32303	-24.4101	17.90074	26.85111	64.27993	44.75185	-9.76404	-32.5468	0
3382	-26.85111	-28.47845	-7.32303	26.03744	-10.57771	-26.85111	19.52808	16.2734	61.83892	37.42882	-15.45973	-33.36047	0
3383	-28.47845	-30.10579	-9.76404	26.03744	-8.1367	-29.29212	13.83239	2.44101	56.14323	22.78276	-21.96909	-35.80148	0
3384	-22.78276	-31.73313	-21.15542	23.59643	4.06835	-30.10579	8.1367	-6.50936	50.44754	8.95037	-23.59643	-37.42882	0
3385	-9.76404	-34.98781	-31.73313	21.96909	21.96909	-29.29212	4.88202	-8.1367	48.00653	2.44101	-19.52808	-37.42882	0
3386	-1.62734	-38.24249	-35.80148	23.59643	34.17414	-28.47845	4.06835	-4.06835	46.37919	2.44101	-14.64606	-36.61515	0
3387	0.81367	-39.05616	-40.6835	23.59643	39.86983	-34.17414	3.25468	0.81367	48.8202	4.88202	-13.01872	-37.42882	0
3388	4.06835	-41.49717	-50.44754	25.22377	43.12451	-43.12451	4.88202	8.1367	57.77057	7.32303	-13.83239	-40.6835	0
3389	12.20505	-46.37919	-65.0936	23.59643	46.37919	-50.44754	9.76404	13.83239	71.60296	6.50936	-14.64606	-43.12451	0
3390	27.66478	-46.37919	-80.55333	13.83239	52.07488	-57.77057	13.83239	17.90074	84.62168	2.44101	-17.08707	-41.49717	0
3391	46.37919	-39.05616	-94.38572	-0.81367	59.39791	-65.90727	17.08707	20.34175	91.94471	4.06835	-17.08707	-39.05616	0
3392	55.32956	-34.98781	-104.14976	-8.95037	65.0936	-69.16195	21.96909	22.78276	91.13104	8.1367	-15.45973	-37.42882	0
3393	52.07488	-42.31084	-109.84545	-3.25468	67.53461	-65.90727	27.66478	30.10579	87.06269	7.32303	-17.08707	-39.86983	0
3394	38.24249	-58.58424	-107.40444	10.57771	62.65259	-61.02525	32.5468	43.12451	86.24902	0	-24.4101	-39.86983	0
3395	20.34175	-71.60296	-94.38572	22.78276	50.44754	-56.14323	32.5468	52.88855	84.62168	-4.06835	-28.47845	-30.10579	0
3396	2.44101	-79.73966	-73.2303	31.73313	34.98781	-50.44754	31.73313	49.63387	86.24902	3.25468	-23.59643	-21.96909	0
3397	-15.45973	-78.92599	-51.26121	35.80148	17.08707	-45.56552	30.10579	34.17414	89.5037	16.2734	-17.08707	-24.4101	0
3398	-35.80148	-75.67131	-35.80148	42.31084	1.62734	-43.93818	23.59643	11.39138	88.69003	21.96909	-16.2734	-37.42882	0
3399	-51.26121	-78.11232	-28.47845	52.07488	-8.95037	-48.00653	15.45973	-4.06835	82.99434	18.71441	-18.71441	-48.8202	0
3400	-58.58424	-82.18067	-28.47845	60.21158	-14.64606	-54.51589	8.95037	-3.25468	78.11232	10.57771	-21.15542	-49.63387	0
3401	-60.21158	-86.24902	-32.5468	65.90727	-13.01872	-60.21158	6.50936	5.69569	77.29865	8.1367	-24.4101	-49.63387	0
3402	-59.39791	-91.13104	-38.24249	71.60296	-12.20505	-66.72094	8.1367	13.01872	78.92599	10.57771	-30.10579	-53.70222	0
3403	-58.58424	-93.57205	-44.75185	76.48498	-13.01872	-71.60296	8.95037	16.2734	76.48498	12.20505	-36.61515	-59.39791	0
3404	-54.51589	-92.75838	-50.44754	75.67131	-9.76404	-74.04397	12.20505	18.71441	76.48498	15.45973	-39.86983	-57.77057	0
3405	-39.05616	-83.80801	-55.32956	63.46626	0.81367	-71.60296	20.34175	30.10579	85.43535	22.78276	-34.98781	-43.93818	0
3406	-8.1367	-65.90727	-62.65259	37.42882	21.96909	-64.27993	31.73313	48.8202	103.33609	32.5468	-25.22377	-31.73313	0
3407	30.10579	-51.26121	-74.85764	4.88202	45.56552	-59.39791	43.12451	62.65259	123.67784	39.86983	-15.45973	-27.66478	0
3408	64.27993	-43.93818	-92.75838	-18.71441	63.46626	-61.83892	49.63387	65.90727	138.3239	44.75185	-7.32303	-30.10579	0
3409	78.11232	-46.37919	-108.21811	-23.59643	74.04397	-72.41663	49.63387	60.21158	142.39225	48.00653	-5.69569	-41.49717	0
3410	68.34828	-59.39791	-117.98215	-8.1367	78.11232	-87.87636	45.56552	52.07488	141.57858	49.63387	-10.57771	-59.39791	0
3411	46.37919	-74.85764	-124.49151	15.45973	75.67131	-104.14976	39.86983	49.63387	138.3239	48.00653	-21.15542	-73.2303	0
3412	25.22377	-88.69003	-124.49151	37.42882	69.97562	-114.72747	30.10579	50.44754	133.44188	39.86983	-35.80148	-78.92599	0
3413	9.76404	-91.94471	-117.16848	45.56552	63.46626	-111.47279	19.52808	54.51589	131.81454	26.85111	-49.63387	-80.55333	0
3414	1.62734	-78.11232	-101.70875	37.42882	56.9569	-96.01306	13.01872	65.0936	136.69656	15.45973	-55.32956	-78.92599	0
3415	0	-56.9569	-82.99434	24.4101	46.37919	-71.60296	6.50936	79.73966	145.64693	13.83239	-52.07488	-74.85764	0
3416	0	-37.42882	-69.16195	14.64606	34.17414	-49.63387	4.88202	91.13104	152.96996	21.96909	-43.93818	-68.34828	0
3417	0	-31.73313	-61.02525	12.20505	26.85111	-39.86983	7.32303	97.6404	157.85198	32.5468	-37.42882	-63.46626	0
3418	-4.06835	-43.93818	-58.58424	21.15542	24.4101	-46.37919	11.39138	94.38572	157.85198	39.05616	-34.17414	-62.65259	0
3419	-12.20505	-66.72094	-61.83892	36.61515	25.22377	-61.83892	15.45973	86.24902	153.78363	43.12451	-33.36047	-61.83892	0
3420	-17.90074	-87.87636	-69.97562	50.44754	27.66478	-78.11232	21.96909	78.11232	150.52895	43.93818	-34.98781	-56.9569	0
3421	-17.08707	-100.89508	-78.92599	57.77057	34.17414	-91.13104	28.47845	72.41663	147.27427	38.24249	-39.05616	-56.14323	0
3422	-11.39138	-106.59077	-87.87636	58.58424	41.49717	-99.26774	33.36047	69.97562	141.57858	28.47845	-39.86983	-56.9569	0
3423	-3.25468	-104.96343	-94.38572	54.51589	48.00653	-102.52242	35.80148	72.41663	137.51023	22.78276	-35.80148	-55.32956	0
3424	3.25468	-96.82673	-95.19939	47.19286	52.07488	-99.26774	36.61515	77.29865	137.51023	26.85111	-25.22377	-49.63387	0
3425	7.32303	-84.62168	-88.69003	39.86983	52.07488	-91.13104	36.61515	81.367	144.01959	35.80148	-15.45973	-46.37919	0
3426	9.76404	-70.78929	-75.67131	31.73313	49.63387	-81.367	35.80148	82.99434	156.22464	46.37919	-10.57771	-46.37919	0
3427	7.32303	-60.21158	-62.65259	26.85111	42.31084	-71.60296	37.42882	84.62168	172.49804	55.32956	-12.20505	-48.8202	0
3428	0	-56.14323	-53.70222	26.85111	28.47845	-62.65259	39.05616	86.24902	189.58511	56.14323	-21.96909	-56.14323	0
3429	-4.06835	-55.32956	-48.00653	24.4101	13.83239	-56.9569	40.6835	86.24902	200.16282	47.19286	-36.61515	-65.90727	0
3430	-4.06835	-56.14323	-48.8202	16.2734	8.1367	-58.58424	41.49717	83.80801	197.72181	36.61515	-46.37919	-68.34828	0
3431	4.06835	-56.9569	-57.77057	8.1367	18.71441	-68.34828	44.75185	84.62168	183.07575	34.17414	-47.19286	-65.0936	0
3432	20.34175	-58.58424	-76.48498	4.88202	40.6835	-81.367	52.88855	83.80801	157.85198	37.42882	-43.12451	-64.27993	0
3433	35.80148	-62.65259	-98.45407	4.06835	63.46626	-92.75838	57.77057	71.60296	125.30518	36.61515	-40.6835	-69.16195	0
3434	43.12451	-71.60296	-116.35481	8.1367	81.367	-103.33609	51.26121	47.19286	94.38572	34.98781	-43.93818	-81.367	0
3435	41.49717	-85.43535	-130.1872	17.90074	92.75838	-116.35481	34.98781	20.34175	74.04397	37.42882	-52.88855	-100.89508	0
3436	35.80148	-92.75838	-141.57858	23.59643	97.6404	-122.0505	19.52808	6.50936	70.78929	36.61515	-59.39791	-116.35481	0
3437	32.5468	-91.94471	-144.01959	24.4101	96.82673	-119.60949	13.01872	13.01872	87.87636	37.42882	-55.32956	-117.16848	0
3438	35.80148	-87.06269	-138.3239	20.34175	93.57205	-112.28646	17.90074	32.5468	111.47279	43.93818	-41.49717	-104.96343	0
3439	31.73313	-82.18067	-122.86417	21.15542	82.18067	-103.33609	28.47845	49.63387	127.74619	51.26121	-27.66478	-94.38572	0
3440	13.01872	-86.24902	-104.96343	33.36047	60.21158	-94.38572	39.86983	62.65259	134.25555	49.63387	-24.4101	-92.75838	0
3441	-7.32303	-95.19939	-95.19939	49.63387	40.6835	-91.13104	44.75185	66.72094	132.62821	38.24249	-34.98781	-92.75838	0
3442	-18.71441	-100.08141	-96.01306	56.14323	30.91946	-92.75838	45.56552	59.39791	125.30518	23.59643	-56.9569	-87.87636	0
3443	-17.90074	-97.6404	-100.89508	47.19286	30.10579	-93.57205	45.56552	52.07488	118.79582	13.83239	-74.04397	-81.367	0
3444	-7.32303	-93.57205	-105.7771	33.36047	35.80148	-89.5037	45.56552	48.8202	115.54114	10.57771	-76.48498	-72.41663	0
3445	-2.44101	-88.69003	-104.96343	29.29212	35.80148	-82.99434	44.75185	46.37919	112.28646	11.39138	-65.90727	-65.0936	0
3446	-12.20505	-89.5037	-94.38572	39.05616	27.66478	-78.92599	43.12451	47.19286	113.10013	7.32303	-49.63387	-60.21158	0
3447	-27.66478	-97.6404	-82.99434	55.32956	19.52808	-82.18067	39.86983	53.70222	122.0505	0	-38.24249	-58.58424	0
3448	-35.80148	-100.08141	-74.85764	64.27993	14.64606	-87.06269	38.24249	61.02525	130.1872	-4.88202	-30.91946	-59.39791	0
3449	-34.98781	-92.75838	-71.60296	61.83892	13.83239	-90.31737	39.86983	62.65259	131.00087	-6.50936	-24.4101	-65.0936	0
3450	-31.73313	-88.69003	-74.85764	59.39791	17.90074	-91.94471	42.31084	61.83892	128.55986	-8.1367	-19.52808	-78.11232	0
3451	-25.22377	-92.75838	-80.55333	57.77057	24.4101	-92.75838	46.37919	59.39791	125.30518	-5.69569	-20.34175	-87.06269	0
3452	-17.90074	-100.08141	-84.62168	55.32956	30.10579	-95.19939	49.63387	57.77057	126.11885	1.62734	-23.59643	-87.06269	0
3453	-13.01872	-102.52242	-83.80801	53.70222	32.5468	-96.82673	50.44754	56.9569	128.55986	13.01872	-23.59643	-79.73966	0
3454	-8.1367	-99.26774	-83.80801	52.07488	34.98781	-96.82673	50.44754	55.32956	129.37353	22.78276	-19.52808	-68.34828	0
3455	0.81367	-94.38572	-86.24902	43.93818	41.49717	-96.01306	49.63387	52.07488	129.37353	28.47845	-14.64606	-61.02525	0
3456	14.64606	-86.24902	-87.06269	29.29212	49.63387	-92.75838	46.37919	49.63387	130.1872	33.36047	-13.83239	-56.9569	0
3457	27.66478	-76.48498	-87.87636	15.45973	58.58424	-88.69003	42.31084	53.70222	136.69656	40.6835	-14.64606	-53.70222	0
3458	30.91946	-68.34828	-88.69003	11.39138	61.83892	-85.43535	39.86983	64.27993	144.83326	48.00653	-15.45973	-51.26121	0
3459	21.96909	-64.27993	-87.06269	18.71441	54.51589	-81.367	36.61515	69.16195	147.27427	52.07488	-18.71441	-56.9569	0
3460	4.88202	-65.90727	-85.43535	31.73313	40.6835	-77.29865	33.36047	61.02525	144.01959	52.07488	-25.22377	-69.97562	0
3461	-8.1367	-70.78929	-84.62168	45.56552	30.10579	-75.67131	30.10579	43.93818	139.95124	52.07488	-30.10579	-79.73966	0
3462	-15.45973	-80.55333	-87.06269	57.77057	29.29212	-79.73966	26.03744	31.73313	139.13757	52.07488	-30.10579	-79.73966	0
3463	-17.90074	-92.75838	-92.75838	65.0936	32.5468	-83.80801	23.59643	32.5468	142.39225	54.51589	-26.03744	-73.2303	0
3464	-17.08707	-103.33609	-91.94471	65.0936	34.17414	-87.06269	25.22377	43.93818	146.4606	56.9569	-21.15542	-65.0936	0
3465	-13.01872	-109.03178	-84.62168	59.39791	32.5468	-90.31737	29.29212	56.9569	151.34262	58.58424	-16.2734	-56.14323	0
3466	-13.83239	-110.65912	-74.85764	58.58424	26.03744	-91.94471	32.5468	64.27993	153.78363	61.83892	-14.64606	-50.44754	0
3467	-20.34175	-110.65912	-69.97562	62.65259	21.15542	-93.57205	35.80148	60.21158	152.96996	65.90727	-15.45973	-51.26121	0
3468	-23.59643	-109.84545	-73.2303	65.90727	23.59643	-97.6404	43.12451	52.07488	146.4606	71.60296	-16.2734	-57.77057	0
3469	-20.34175	-108.21811	-82.99434	65.0936	30.91946	-103.33609	53.70222	48.00653	137.51023	77.29865	-13.83239	-65.0936	0
3470	-13.01872	-108.21811	-95.19939	61.83892	44.75185	-105.7771	62.65259	47.19286	128.55986	79.73966	-11.39138	-68.34828	0
3471	-4.88202	-110.65912	-106.59077	56.9569	61.83892	-102.52242	65.0936	45.56552	120.42316	74.04397	-12.20505	-72.41663	0
3472	2.44101	-108.21811	-112.28646	45.56552	71.60296	-98.45407	59.39791	39.86983	109.84545	60.21158	-21.15542	-78.92599	0
3473	0	-99.26774	-110.65912	34.98781	65.0936	-96.01306	46.37919	26.85111	96.01306	43.93818	-34.17414	-81.367	0
3474	-8.1367	-87.87636	-104.14976	32.5468	48.8202	-90.31737	31.73313	13.83239	87.87636	33.36047	-43.93818	-75.67131	0
3475	-14.64606	-78.92599	-95.19939	34.17414	35.80148	-82.99434	21.15542	8.95037	87.06269	26.03744	-48.00653	-63.46626	0
3476	-18.71441	-81.367	-88.69003	42.31084	30.10579	-83.80801	14.64606	12.20505	87.06269	18.71441	-52.07488	-53.70222	0
3477	-21.15542	-99.26774	-88.69003	59.39791	27.66478	-94.38572	12.20505	21.96909	81.367	9.76404	-54.51589	-48.8202	0
3478	-20.34175	-118.79582	-92.75838	73.2303	26.03744	-107.40444	13.01872	29.29212	69.97562	2.44101	-53.70222	-47.19286	0
3479	-17.08707	-124.49151	-100.89508	73.2303	28.47845	-115.54114	16.2734	29.29212	60.21158	-2.44101	-51.26121	-46.37919	0
3480	-13.01872	-114.72747	-103.33609	62.65259	34.98781	-111.47279	21.15542	25.22377	57.77057	-7.32303	-45.56552	-43.12451	0
3481	-9.76404	-97.6404	-96.82673	53.70222	39.05616	-99.26774	28.47845	20.34175	63.46626	-4.88202	-39.05616	-40.6835	0
3482	-7.32303	-85.43535	-82.99434	51.26121	34.98781	-84.62168	39.86983	17.90074	69.16195	1.62734	-30.10579	-39.86983	0
3483	-6.50936	-75.67131	-65.0936	51.26121	22.78276	-69.16195	48.8202	17.08707	74.04397	8.1367	-23.59643	-39.86983	0
3484	-6.50936	-60.21158	-50.44754	44.75185	9.76404	-51.26121	52.07488	13.83239	78.11232	8.95037	-19.52808	-41.49717	0
3485	-7.32303	-41.49717	-39.05616	32.5468	3.25468	-34.17414	55.32956	13.01872	78.11232	8.1367	-18.71441	-43.93818	0
3486	-8.1367	-26.85111	-30.10579	19.52808	4.06835	-26.03744	57.77057	17.08707	78.11232	14.64606	-17.08707	-43.12451	0
3487	-7.32303	-19.52808	-25.22377	13.01872	7.32303	-23.59643	58.58424	21.15542	82.18067	28.47845	-13.01872	-40.6835	0
3488	-7.32303	-17.08707	-24.4101	14.64606	9.76404	-21.96909	55.32956	26.03744	87.06269	43.12451	-10.57771	-39.86983	0
3489	-8.95037	-15.45973	-27.66478	17.08707	11.39138	-22.78276	49.63387	32.5468	91.13104	52.07488	-8.95037	-46.37919	0
3490	-10.57771	-17.90074	-32.5468	17.90074	13.83239	-29.29212	43.93818	38.24249	95.19939	52.07488	-8.95037	-61.02525	0
3491	-10.57771	-24.4101	-37.42882	18.71441	17.08707	-35.80148	38.24249	35.80148	96.82673	52.07488	-11.39138	-70.78929	0
3492	-5.69569	-34.98781	-40.6835	20.34175	21.96909	-43.93818	31.73313	26.85111	97.6404	55.32956	-15.45973	-71.60296	0
3493	4.06835	-43.93818	-43.93818	20.34175	30.10579	-52.07488	29.29212	17.90074	99.26774	62.65259	-17.08707	-65.90727	0
3494	14.64606	-43.93818	-45.56552	15.45973	35.80148	-54.51589	31.73313	11.39138	104.14976	71.60296	-17.08707	-59.39791	0
3495	21.96909	-35.80148	-45.56552	7.32303	39.05616	-48.00653	38.24249	11.39138	112.28646	78.11232	-17.08707	-52.88855	0
3496	27.66478	-23.59643	-43.93818	0	40.6835	-39.05616	48.00653	21.15542	122.86417	86.24902	-17.90074	-44.75185	0
3497	32.5468	-6.50936	-41.49717	-13.01872	40.6835	-26.03744	56.9569	32.5468	131.81454	93.57205	-20.34175	-37.42882	0
3498	38.24249	10.57771	-34.98781	-24.4101	40.6835	-9.76404	59.39791	39.86983	131.00087	93.57205	-25.22377	-35.80148	0
3499	44.75185	21.15542	-23.59643	-28.47845	38.24249	3.25468	58.58424	43.93818	122.0505	90.31737	-25.22377	-31.73313	0
3500	45.56552	31.73313	-10.57771	-33.36047	34.17414	14.64606	54.51589	42.31084	109.84545	87.06269	-17.90074	-21.96909	0
3501	38.24249	43.93818	-0.81367	-42.31084	30.91946	24.4101	46.37919	30.10579	98.45407	82.18067	-8.1367	-12.20505	0
3502	30.91946	52.07488	8.1367	-48.00653	23.59643	31.73313	30.10579	11.39138	89.5037	74.04397	0.81367	-8.1367	0
3503	22.78276	54.51589	20.34175	-43.93818	12.20505	37.42882	8.95037	-8.1367	86.24902	65.0936	9.76404	-5.69569	0
3504	13.01872	54.51589	33.36047	-37.42882	0.81367	43.12451	-10.57771	-25.22377	88.69003	58.58424	18.71441	-4.88202	0
3505	8.95037	55.32956	43.93818	-35.80148	-8.95037	52.07488	-26.03744	-37.42882	91.94471	58.58424	29.29212	-3.25468	0
3506	15.45973	59.39791	53.70222	-42.31084	-13.01872	65.0936	-31.73313	-40.6835	95.19939	68.34828	41.49717	0.81367	0
3507	29.29212	67.53461	55.32956	-49.63387	-9.76404	72.41663	-31.73313	-35.80148	100.08141	82.99434	51.26121	4.06835	0
3508	43.93818	68.34828	40.6835	-52.88855	3.25468	63.46626	-32.5468	-26.85111	107.40444	91.94471	53.70222	0.81367	0
3509	59.39791	59.39791	15.45973	-55.32956	24.4101	39.86983	-34.17414	-16.2734	115.54114	91.13104	48.8202	-5.69569	0
3510	71.60296	46.37919	-5.69569	-56.14323	43.93818	16.2734	-36.61515	-12.20505	120.42316	84.62168	40.6835	-10.57771	0
3511	78.11232	34.17414	-19.52808	-57.77057	56.14323	3.25468	-35.80148	-11.39138	118.79582	79.73966	34.17414	-14.64606	0
3512	82.99434	28.47845	-24.4101	-63.46626	59.39791	3.25468	-31.73313	-9.76404	108.21811	79.73966	30.10579	-13.83239	0
3513	75.67131	28.47845	-17.08707	-61.83892	57.77057	11.39138	-29.29212	-12.20505	88.69003	78.92599	22.78276	-11.39138	0
3514	53.70222	27.66478	-3.25468	-48.8202	54.51589	17.90074	-30.91946	-17.90074	65.0936	78.11232	4.06835	-13.01872	0
3515	29.29212	18.71441	-3.25468	-31.73313	52.07488	11.39138	-36.61515	-23.59643	46.37919	79.73966	-21.96909	-20.34175	0
3516	10.57771	0	-19.52808	-13.01872	48.8202	-8.1367	-40.6835	-32.5468	41.49717	78.92599	-46.37919	-26.85111	0
3517	4.06835	-26.85111	-35.80148	8.1367	40.6835	-31.73313	-36.61515	-41.49717	52.07488	74.85764	-55.32956	-28.47845	0
3518	11.39138	-49.63387	-47.19286	26.03744	32.5468	-50.44754	-24.4101	-42.31084	74.85764	66.72094	-43.93818	-24.4101	0
3519	23.59643	-53.70222	-56.9569	26.03744	31.73313	-60.21158	-8.95037	-34.98781	102.52242	53.70222	-20.34175	-22.78276	0
3520	34.98781	-42.31084	-65.0936	13.01872	36.61515	-65.0936	2.44101	-26.85111	124.49151	39.05616	3.25468	-31.73313	0
3521	39.86983	-30.10579	-72.41663	0.81367	43.12451	-67.53461	8.1367	-17.90074	131.00087	30.10579	15.45973	-39.05616	0
3522	39.05616	-30.10579	-78.11232	-0.81367	48.8202	-69.16195	8.1367	-6.50936	123.67784	26.85111	14.64606	-39.86983	0
3523	34.17414	-39.05616	-79.73966	4.06835	52.07488	-74.04397	9.76404	-2.44101	107.40444	24.4101	6.50936	-38.24249	0
3524	27.66478	-51.26121	-78.92599	12.20505	51.26121	-82.18067	12.20505	-7.32303	87.87636	24.4101	-5.69569	-41.49717	0
3525	20.34175	-68.34828	-78.11232	21.96909	49.63387	-89.5037	16.2734	-12.20505	74.85764	26.85111	-21.15542	-47.19286	0
3526	13.83239	-87.06269	-78.11232	29.29212	46.37919	-93.57205	17.08707	-8.95037	69.16195	28.47845	-33.36047	-52.07488	0
3527	5.69569	-98.45407	-78.11232	35.80148	43.93818	-94.38572	10.57771	4.06835	68.34828	26.03744	-41.49717	-54.51589	0
3528	-7.32303	-107.40444	-78.11232	48.00653	37.42882	-94.38572	3.25468	16.2734	70.78929	26.03744	-43.93818	-54.51589	0
3529	-26.85111	-118.79582	-77.29865	65.90727	29.29212	-93.57205	0.81367	20.34175	75.67131	30.10579	-42.31084	-52.88855	0
3530	-45.56552	-128.55986	-76.48498	82.18067	22.78276	-93.57205	1.62734	16.2734	78.11232	33.36047	-39.86983	-50.44754	0
3531	-53.70222	-129.37353	-77.29865	89.5037	18.71441	-93.57205	2.44101	7.32303	74.85764	30.10579	-40.6835	-52.88855	0
3532	-47.19286	-120.42316	-78.11232	83.80801	19.52808	-90.31737	8.1367	-5.69569	69.16195	18.71441	-44.75185	-59.39791	0
3533	-31.73313	-107.40444	-78.92599	70.78929	25.22377	-87.87636	20.34175	-17.90074	60.21158	4.06835	-50.44754	-63.46626	0
3534	-11.39138	-95.19939	-85.43535	55.32956	36.61515	-88.69003	33.36047	-25.22377	50.44754	-8.1367	-54.51589	-65.90727	0
3535	10.57771	-91.13104	-103.33609	41.49717	51.26121	-97.6404	43.12451	-30.91946	43.12451	-17.08707	-57.77057	-67.53461	0
3536	28.47845	-99.26774	-130.1872	37.42882	64.27993	-111.47279	49.63387	-32.5468	43.12451	-17.90074	-59.39791	-70.78929	0
3537	30.10579	-116.35481	-153.78363	46.37919	74.85764	-124.49151	54.51589	-22.78276	52.88855	-10.57771	-60.21158	-72.41663	0
3538	16.2734	-132.62821	-161.92033	63.46626	75.67131	-135.06922	55.32956	-8.95037	65.0936	0	-61.02525	-73.2303	0
3539	-3.25468	-146.4606	-154.5973	79.73966	67.53461	-141.57858	55.32956	-0.81367	69.16195	11.39138	-62.65259	-79.73966	0
3540	-25.22377	-161.92033	-145.64693	94.38572	58.58424	-146.4606	55.32956	0	66.72094	17.08707	-65.0936	-95.19939	0
3541	-45.56552	-175.75272	-138.3239	109.03178	48.00653	-150.52895	52.07488	-8.95037	56.9569	8.1367	-70.78929	-107.40444	0
3542	-58.58424	-185.51676	-133.44188	120.42316	34.98781	-154.5973	42.31084	-30.10579	39.86983	-14.64606	-79.73966	-112.28646	0
3543	-62.65259	-189.58511	-128.55986	126.11885	20.34175	-157.03831	31.73313	-50.44754	26.03744	-39.05616	-86.24902	-111.47279	0
3544	-61.02525	-187.1441	-121.23683	126.93252	8.1367	-157.03831	25.22377	-61.02525	21.96909	-54.51589	-85.43535	-104.96343	0
3545	-61.83892	-179.0074	-109.84545	119.60949	1.62734	-154.5973	20.34175	-62.65259	19.52808	-58.58424	-80.55333	-98.45407	0
3546	-61.83892	-170.05703	-102.52242	104.96343	4.06835	-149.71528	17.08707	-56.9569	16.2734	-52.07488	-75.67131	-95.19939	0
3547	-58.58424	-158.66565	-104.14976	87.87636	13.83239	-144.01959	20.34175	-43.93818	20.34175	-31.73313	-65.0936	-90.31737	0
3548	-53.70222	-145.64693	-110.65912	74.04397	24.4101	-136.69656	31.73313	-21.15542	36.61515	-3.25468	-47.19286	-82.18067	0
3549	-43.12451	-135.88289	-117.98215	64.27993	35.80148	-131.81454	43.93818	5.69569	59.39791	21.15542	-28.47845	-70.78929	0
3550	-26.85111	-131.81454	-126.11885	61.02525	48.8202	-131.00087	48.8202	27.66478	80.55333	32.5468	-17.08707	-62.65259	0
3551	-13.83239	-133.44188	-133.44188	62.65259	60.21158	-133.44188	48.00653	37.42882	96.82673	37.42882	-15.45973	-61.02525	0
3552	-7.32303	-139.13757	-139.95124	68.34828	68.34828	-138.3239	44.75185	32.5468	104.14976	37.42882	-21.96909	-65.90727	0
3553	-7.32303	-148.08794	-144.83326	77.29865	74.85764	-144.01959	36.61515	8.95037	92.75838	29.29212	-38.24249	-74.85764	0
3554	-12.20505	-156.22464	-147.27427	82.18067	74.04397	-148.90161	26.03744	-30.91946	61.83892	11.39138	-61.02525	-87.87636	0
3555	-17.90074	-165.17501	-142.39225	86.24902	64.27993	-152.15629	13.01872	-85.43535	11.39138	-7.32303	-86.24902	-102.52242	0
3556	-21.96909	-168.42969	-130.1872	91.94471	48.8202	-148.90161	0	-152.96996	-59.39791	-23.59643	-107.40444	-112.28646	0
3557	-26.85111	-151.34262	-108.21811	87.06269	34.98781	-131.00087	-17.90074	-234.33696	-149.71528	-43.93818	-115.54114	-108.21811	0
3558	-32.5468	-115.54114	-79.73966	67.53461	24.4101	-99.26774	-43.12451	-330.35002	-257.11972	-77.29865	-110.65912	-90.31737	0
3559	-29.29212	-71.60296	-44.75185	43.93818	11.39138	-60.21158	-79.73966	-435.31345	-384.05224	-117.98215	-94.38572	-58.58424	0
3560	-18.71441	-22.78276	0	19.52808	-9.76404	-12.20505	-121.23683	-546.78624	-528.8855	-155.41097	-62.65259	-8.95037	0
3561	-8.95037	38.24249	57.77057	-10.57771	-38.24249	47.19286	-161.10666	-660.70004	-685.92381	-182.26208	-11.39138	56.9569	0
3562	0	113.9138	125.30518	-52.07488	-67.53461	119.60949	-197.72181	-780.30953	-846.2168	-195.2808	56.9569	134.25555	0
3563	13.83239	204.23117	200.16282	-104.96343	-96.82673	201.79016	-233.52329	-908.05572	-1003.25511	-193.65346	135.88289	217.24989	0
3564	30.10579	318.14497	285.59817	-175.75272	-125.30518	301.0579	-271.76578	-1055.32999	-1153.78406	-180.63474	223.75925	306.75359	0
3565	42.31084	456.46887	387.30692	-262.81541	-158.66565	420.66739	-316.51763	-1231.89638	-1306.75402	-164.36134	318.14497	401.13931	0
3566	56.9569	603.74314	510.98476	-346.62342	-209.92686	555.73661	-372.66086	-1436.94122	-1475.18371	-150.52895	412.53069	495.52503	0
3567	75.67131	744.50805	653.37701	-416.59904	-279.90248	696.50152	-447.5185	-1659.8868	-1661.51414	-137.51023	505.28907	585.02873	0
3568	85.43535	859.23552	788.44623	-469.48759	-349.06443	829.12973	-545.97257	-1882.83238	-1833.19851	-112.28646	598.86112	672.90509	0
3569	83.80801	930.02481	888.52764	-501.22072	-397.07096	931.65215	-657.44536	-2077.29951	-1954.43534	-65.90727	685.92381	753.45842	0
3570	85.43535	960.1306	932.46582	-515.05311	-419.04005	978.03134	-759.96778	-2213.99607	-2021.15628	-17.08707	736.37135	803.90596	0
3571	91.13104	929.21114	899.10535	-497.96604	-406.02133	940.60252	-829.9434	-2260.37526	-2014.64692	7.32303	719.28428	795.76926	0
3572	87.87636	809.60165	767.29081	-437.75446	-344.18241	806.34697	-855.98084	-2196.09533	-1909.68349	4.06835	626.5259	720.91162	0
3573	73.2303	602.92947	542.71789	-337.67305	-231.08228	581.77405	-847.03047	-2036.61601	-1730.67609	-33.36047	462.97823	585.8424	0
3574	57.77057	331.97736	263.62908	-202.60383	-93.57205	300.24423	-823.43404	-1828.31649	-1544.34566	-131.81454	236.77797	404.39399	0
3575	36.61515	39.86983	-13.83239	-46.37919	33.36047	11.39138	-799.83761	-1615.94862	-1406.83543	-309.1946	0	205.04484	0
3576	3.25468	-223.75925	-244.101	103.33609	130.1872	-236.77797	-784.37788	-1428.80452	-1331.16412	-547.59991	-197.72181	21.96909	0
3577	-30.91946	-425.54941	-406.835	223.75925	192.83979	-419.85372	-771.35916	-1271.76621	-1308.38136	-789.2599	-367.77884	-113.9138	0
3578	-54.51589	-553.2956	-506.10274	301.0579	232.70962	-532.95385	-746.94906	-1135.88332	-1306.75402	-973.96299	-499.59338	-196.09447	0
3579	-65.0936	-616.76186	-554.92294	338.48672	257.93339	-588.28341	-705.45189	-1007.32346	-1280.71658	-1065.9077	-589.09708	-231.89595	0
3580	-65.90727	-637.91728	-572.82368	349.8781	268.5111	-606.99782	-643.61297	-869.81323	-1200.97692	-1061.02568	-641.98563	-234.33696	0
3581	-62.65259	-632.22159	-576.07836	342.55507	271.76578	-604.55681	-564.68698	-719.28428	-1065.9077	-982.09969	-641.17196	-223.75925	0
3582	-60.21158	-607.81149	-569.569	320.58598	274.20679	-588.28341	-479.25163	-563.87331	-899.91902	-866.55855	-597.23378	-213.18154	0
3583	-52.07488	-570.38267	-545.97257	295.36221	266.07009	-558.17762	-397.88463	-419.04005	-730.67566	-736.37135	-519.93513	-204.23117	0
3584	-38.24249	-526.44449	-500.40705	275.02046	239.21898	-514.23944	-323.84066	-297.80322	-580.14671	-615.13452	-415.78537	-188.77144	0
3585	-32.5468	-479.25163	-448.33217	261.18807	208.29952	-464.60557	-258.74706	-201.79016	-452.40052	-512.6121	-323.02699	-165.17501	0
3586	-38.24249	-433.68611	-406.835	251.42403	188.77144	-421.48106	-200.16282	-126.93252	-339.30039	-423.1084	-256.30605	-148.08794	0
3587	-39.86983	-404.39399	-377.54288	242.47366	174.93905	-393.00261	-146.4606	-71.60296	-240.84632	-343.36874	-205.85851	-141.57858	0
3588	-34.98781	-393.81628	-354.76012	237.59164	159.47932	-376.72921	-102.52242	-39.86983	-162.734	-276.6478	-173.31171	-142.39225	0
3589	-31.73313	-382.4249	-333.6047	227.8276	144.01959	-360.45581	-67.53461	-22.78276	-100.89508	-220.50457	-152.15629	-139.95124	0
3590	-24.4101	-349.8781	-308.38093	200.97649	134.25555	-330.35002	-41.49717	-7.32303	-45.56552	-173.31171	-133.44188	-125.30518	0
3591	-16.2734	-304.31258	-275.83413	166.80235	123.67784	-290.48019	-25.22377	13.01872	4.88202	-140.76491	-118.79582	-104.14976	0
3592	-11.39138	-264.44275	-244.91467	139.95124	113.10013	-253.86504	-16.2734	39.86983	48.00653	-115.54114	-111.47279	-89.5037	0
3593	-8.1367	-228.64127	-225.38659	121.23683	112.28646	-227.01393	-7.32303	74.04397	82.99434	-86.24902	-110.65912	-84.62168	0
3594	-14.64606	-197.72181	-213.18154	113.10013	114.72747	-205.85851	7.32303	111.47279	114.72747	-52.88855	-110.65912	-83.80801	0
3595	-31.73313	-179.82107	-191.21245	115.54114	100.89508	-185.51676	34.17414	145.64693	144.01959	-21.15542	-105.7771	-83.80801	0
3596	-49.63387	-169.24336	-157.03831	117.98215	73.2303	-164.36134	67.53461	172.49804	173.31171	7.32303	-93.57205	-80.55333	0
3597	-61.02525	-158.66565	-123.67784	115.54114	46.37919	-143.20592	100.08141	193.65346	202.60383	36.61515	-76.48498	-74.85764	0
3598	-60.21158	-148.90161	-100.89508	107.40444	27.66478	-126.93252	123.67784	207.48585	231.89595	61.02525	-56.9569	-70.78929	0
3599	-52.88855	-138.3239	-88.69003	97.6404	17.90074	-115.54114	139.13757	214.80888	257.11972	78.92599	-37.42882	-65.90727	0
3600	-48.00653	-129.37353	-80.55333	89.5037	13.01872	-105.7771	147.27427	217.24989	272.57945	90.31737	-18.71441	-55.32956	0
3601	-48.8202	-123.67784	-73.2303	86.24902	8.95037	-99.26774	153.78363	222.13191	276.6478	89.5037	-6.50936	-46.37919	0
3602	-49.63387	-121.23683	-69.16195	84.62168	6.50936	-94.38572	156.22464	225.38659	270.95211	78.11232	-6.50936	-42.31084	0
3603	-50.44754	-117.16848	-66.72094	82.99434	4.06835	-90.31737	153.78363	220.50457	260.3744	64.27993	-17.90074	-45.56552	0
3604	-48.00653	-111.47279	-64.27993	79.73966	3.25468	-85.43535	143.20592	205.04484	246.54201	56.14323	-35.80148	-54.51589	0
3605	-37.42882	-103.33609	-66.72094	70.78929	10.57771	-81.367	129.37353	187.1441	233.52329	53.70222	-51.26121	-65.90727	0
3606	-17.08707	-97.6404	-81.367	58.58424	25.22377	-82.99434	116.35481	178.19373	222.94558	53.70222	-57.77057	-74.04397	0
3607	1.62734	-96.82673	-99.26774	48.00653	35.80148	-91.94471	103.33609	186.33043	217.24989	56.14323	-48.00653	-74.04397	0
3608	10.57771	-96.82673	-108.21811	43.12451	40.6835	-102.52242	94.38572	206.67218	218.87723	64.27993	-25.22377	-64.27993	0
3609	2.44101	-104.14976	-105.7771	50.44754	38.24249	-109.84545	91.94471	227.8276	227.01393	73.2303	0	-52.07488	0
3610	-14.64606	-115.54114	-100.08141	64.27993	31.73313	-115.54114	93.57205	244.101	239.21898	78.92599	18.71441	-39.86983	0
3611	-28.47845	-125.30518	-94.38572	74.04397	27.66478	-119.60949	96.82673	248.98302	252.2377	86.24902	28.47845	-31.73313	0
3612	-33.36047	-133.44188	-91.13104	78.11232	26.85111	-122.0505	102.52242	237.59164	262.00174	91.94471	24.4101	-30.91946	0
3613	-34.98781	-139.13757	-89.5037	81.367	28.47845	-123.67784	108.21811	220.50457	266.07009	92.75838	6.50936	-37.42882	0
3614	-34.17414	-141.57858	-89.5037	84.62168	30.10579	-122.86417	109.03178	208.29952	265.25642	91.13104	-20.34175	-48.8202	0
3615	-32.5468	-138.3239	-91.94471	83.80801	31.73313	-118.79582	111.47279	200.16282	262.81541	94.38572	-45.56552	-62.65259	0
3616	-27.66478	-127.74619	-96.01306	78.11232	34.17414	-113.9138	115.54114	197.72181	262.81541	98.45407	-57.77057	-72.41663	0
3617	-18.71441	-116.35481	-100.08141	68.34828	39.86983	-109.03178	118.79582	200.97649	269.32477	100.08141	-54.51589	-75.67131	0
3618	-0.81367	-103.33609	-106.59077	56.9569	52.07488	-104.96343	122.0505	210.74053	283.15716	101.70875	-38.24249	-74.04397	0
3619	21.96909	-91.13104	-117.16848	47.19286	69.16195	-104.14976	124.49151	228.64127	305.12625	107.40444	-14.64606	-64.27993	0
3620	34.17414	-84.62168	-122.0505	41.49717	77.29865	-103.33609	128.55986	256.30605	336.04571	123.67784	8.95037	-46.37919	0
3621	24.4101	-84.62168	-110.65912	42.31084	67.53461	-96.82673	134.25555	283.97083	366.1515	139.95124	26.03744	-27.66478	0
3622	0.81367	-87.87636	-91.94471	50.44754	46.37919	-90.31737	138.3239	296.17588	374.2882	145.64693	28.47845	-17.90074	0
3623	-21.96909	-96.01306	-74.04397	64.27993	25.22377	-87.06269	139.13757	287.22551	347.43709	133.44188	13.83239	-21.15542	0
3624	-39.05616	-105.7771	-57.77057	81.367	8.1367	-85.43535	138.3239	264.44275	304.31258	114.72747	-13.01872	-34.98781	0
3625	-46.37919	-106.59077	-44.75185	88.69003	-1.62734	-83.80801	135.06922	244.91467	271.76578	104.14976	-39.05616	-52.07488	0
3626	-44.75185	-96.01306	-38.24249	80.55333	-3.25468	-79.73966	134.25555	237.59164	255.49238	102.52242	-49.63387	-61.02525	0
3627	-31.73313	-82.18067	-41.49717	64.27993	5.69569	-71.60296	139.13757	240.03265	248.16935	104.96343	-40.6835	-60.21158	0
3628	-13.01872	-68.34828	-52.07488	47.19286	19.52808	-63.46626	148.08794	247.35568	248.16935	112.28646	-17.08707	-49.63387	0
3629	0.81367	-56.9569	-62.65259	33.36047	29.29212	-57.77057	157.85198	257.93339	253.05137	119.60949	13.01872	-31.73313	0
3630	13.83239	-52.07488	-72.41663	19.52808	39.05616	-55.32956	163.54767	270.13844	259.56073	122.86417	39.05616	-13.83239	0
3631	25.22377	-51.26121	-76.48498	8.1367	48.00653	-52.88855	161.10666	281.52982	268.5111	126.11885	50.44754	-3.25468	0
3632	29.29212	-52.07488	-66.72094	1.62734	41.49717	-48.8202	151.34262	289.66652	281.52982	127.74619	44.75185	-4.06835	0
3633	28.47845	-54.51589	-43.93818	0	21.15542	-40.6835	138.3239	293.73487	295.36221	125.30518	24.4101	-11.39138	0
3634	24.4101	-50.44754	-22.78276	3.25468	4.06835	-30.10579	127.74619	296.98955	309.1946	118.79582	0.81367	-20.34175	0
3635	20.34175	-39.05616	-14.64606	15.45973	-2.44101	-21.96909	124.49151	299.43056	323.02699	110.65912	-13.83239	-27.66478	0
3636	15.45973	-34.17414	-17.08707	26.03744	-4.88202	-24.4101	125.30518	299.43056	334.41837	104.96343	-18.71441	-34.17414	0
3637	5.69569	-38.24249	-19.52808	32.5468	-3.25468	-33.36047	129.37353	300.24423	344.18241	102.52242	-12.20505	-38.24249	0
3638	-1.62734	-42.31084	-19.52808	34.17414	1.62734	-39.05616	134.25555	308.38093	348.25076	104.14976	2.44101	-38.24249	0
3639	-6.50936	-43.12451	-21.15542	31.73313	5.69569	-39.86983	139.95124	328.72268	347.43709	106.59077	25.22377	-30.10579	0
3640	-6.50936	-39.86983	-25.22377	26.03744	8.95037	-38.24249	145.64693	355.57379	346.62342	104.14976	46.37919	-16.2734	0
3641	-2.44101	-32.5468	-27.66478	17.08707	9.76404	-33.36047	145.64693	374.2882	339.30039	100.08141	54.51589	-7.32303	0
3642	0	-22.78276	-22.78276	8.95037	7.32303	-23.59643	142.39225	379.98389	323.02699	95.19939	44.75185	-6.50936	0
3643	3.25468	-9.76404	-13.01872	0.81367	4.88202	-11.39138	142.39225	375.10187	306.75359	90.31737	23.59643	-11.39138	0
3644	9.76404	2.44101	-4.06835	-8.1367	3.25468	0	144.83326	364.52416	299.43056	87.87636	0	-18.71441	0
3645	21.96909	15.45973	0.81367	-21.96909	3.25468	11.39138	146.4606	356.38746	303.49891	90.31737	-16.2734	-24.4101	0
3646	38.24249	30.10579	2.44101	-38.24249	2.44101	18.71441	142.39225	353.94645	315.70396	100.08141	-20.34175	-28.47845	0
3647	43.93818	43.93818	4.88202	-51.26121	1.62734	19.52808	134.25555	357.20113	327.09534	110.65912	-14.64606	-34.17414	0
3648	36.61515	55.32956	8.1367	-58.58424	0	17.08707	124.49151	371.03352	339.30039	121.23683	2.44101	-36.61515	0
3649	30.91946	65.0936	13.01872	-56.9569	0	20.34175	118.79582	392.18894	356.38746	130.1872	32.5468	-28.47845	0
3650	30.91946	70.78929	22.78276	-43.93818	-1.62734	32.5468	124.49151	410.08968	372.66086	131.81454	65.90727	-10.57771	0
3651	26.03744	67.53461	37.42882	-27.66478	-8.1367	43.93818	134.25555	423.92207	376.72921	131.00087	83.80801	1.62734	0
3652	13.01872	60.21158	52.07488	-15.45973	-13.01872	52.07488	143.20592	432.05877	362.08315	127.74619	80.55333	6.50936	0
3653	9.76404	68.34828	67.53461	-23.59643	-20.34175	66.72094	153.78363	430.43143	336.85938	123.67784	63.46626	8.1367	0
3654	22.78276	94.38572	80.55333	-48.8202	-28.47845	87.06269	162.734	425.54941	312.44928	123.67784	43.12451	8.95037	0
3655	35.80148	118.79582	89.5037	-72.41663	-33.36047	104.96343	166.80235	422.29473	296.98955	126.11885	27.66478	8.95037	0
3656	34.98781	133.44188	99.26774	-80.55333	-39.05616	116.35481	164.36134	423.92207	294.54854	129.37353	26.85111	10.57771	0
3657	24.4101	140.76491	108.21811	-78.11232	-47.19286	122.86417	157.85198	432.87244	305.12625	130.1872	43.93818	17.08707	0
3658	17.90074	140.76491	113.9138	-75.67131	-53.70222	124.49151	148.90161	443.45015	318.14497	130.1872	73.2303	27.66478	0
3659	17.90074	133.44188	116.35481	-74.04397	-56.14323	122.86417	142.39225	450.77318	326.28167	131.81454	106.59077	42.31084	0
3660	17.08707	122.0505	116.35481	-69.16195	-57.77057	118.79582	138.3239	458.90988	331.16369	134.25555	131.81454	56.9569	0
3661	11.39138	117.16848	119.60949	-63.46626	-61.02525	118.79582	136.69656	462.16456	330.35002	131.81454	141.57858	66.72094	0
3662	14.64606	138.3239	129.37353	-76.48498	-65.0936	138.3239	139.13757	462.16456	326.28167	129.37353	136.69656	74.85764	0
3663	32.5468	181.44841	139.95124	-109.84545	-68.34828	171.68437	144.83326	468.67392	319.77231	126.93252	122.86417	80.55333	0
3664	53.70222	218.87723	148.90161	-144.83326	-68.34828	196.90814	146.4606	478.43796	314.07662	127.74619	100.08141	77.29865	0
3665	69.97562	240.03265	156.22464	-165.17501	-62.65259	209.11319	139.95124	487.38833	310.00827	131.00087	77.29865	64.27993	0
3666	80.55333	251.42403	161.92033	-174.12538	-53.70222	213.18154	131.81454	488.202	303.49891	135.88289	70.78929	54.51589	0
3667	86.24902	258.74706	168.42969	-177.38006	-47.19286	215.62255	126.11885	484.94732	296.17588	140.76491	89.5037	56.9569	0
3668	80.55333	260.3744	179.0074	-173.31171	-50.44754	219.6909	123.67784	477.62429	290.48019	146.4606	126.11885	71.60296	0
3669	64.27993	252.2377	197.72181	-154.5973	-70.78929	223.75925	121.23683	468.67392	283.97083	148.90161	167.61602	95.19939	0
3670	48.00653	237.59164	217.24989	-129.37353	-97.6404	226.20026	118.79582	461.35089	271.76578	144.01959	197.72181	118.79582	0
3671	37.42882	234.33696	231.89595	-117.98215	-120.42316	233.52329	116.35481	454.02786	250.61036	137.51023	206.67218	139.13757	0
3672	33.36047	252.2377	248.16935	-128.55986	-133.44188	250.61036	111.47279	441.00914	218.06356	129.37353	187.1441	150.52895	0
3673	34.98781	280.71615	265.25642	-148.08794	-138.3239	275.02046	100.08141	421.48106	174.93905	117.98215	140.76491	150.52895	0
3674	40.6835	310.82194	280.71615	-168.42969	-136.69656	300.24423	82.18067	403.58032	136.69656	102.52242	84.62168	139.13757	0
3675	45.56552	337.67305	294.54854	-184.70309	-135.06922	321.39965	65.0936	394.62995	117.98215	88.69003	44.75185	126.93252	0
3676	44.75185	353.13278	301.87157	-193.65346	-134.25555	336.85938	52.07488	391.37527	117.98215	77.29865	35.80148	121.23683	0
3677	41.49717	356.38746	303.49891	-195.2808	-133.44188	349.06443	47.19286	391.37527	124.49151	68.34828	61.83892	126.93252	0
3678	33.36047	356.38746	313.26295	-192.83979	-132.62821	358.82847	54.51589	395.44362	127.74619	65.0936	114.72747	148.08794	0
3679	21.15542	364.52416	337.67305	-191.21245	-132.62821	370.21985	67.53461	401.95298	127.74619	69.16195	171.68437	179.0074	0
3680	21.15542	385.67958	360.45581	-203.4175	-135.06922	383.23857	78.11232	404.39399	121.23683	75.67131	215.62255	209.11319	0
3681	39.86983	412.53069	369.40618	-227.01393	-135.88289	391.37527	78.92599	395.44362	107.40444	76.48498	233.52329	229.45494	0
3682	54.51589	426.36308	370.21985	-242.47366	-138.3239	393.00261	68.34828	374.2882	84.62168	61.83892	221.31824	234.33696	0
3683	59.39791	424.73574	366.1515	-244.101	-143.20592	388.12059	49.63387	340.92773	52.88855	32.5468	183.88942	223.75925	0
3684	58.58424	417.41271	363.71049	-240.03265	-152.96996	383.23857	26.03744	301.87157	14.64606	2.44101	134.25555	203.4175	0
3685	52.88855	410.08968	369.40618	-229.45494	-169.24336	381.61123	4.06835	267.69743	-21.96909	-17.90074	89.5037	179.82107	0
3686	43.93818	404.39399	377.54288	-215.62255	-182.26208	383.23857	-11.39138	242.47366	-48.8202	-27.66478	67.53461	164.36134	0
3687	29.29212	397.88463	384.86591	-208.29952	-187.1441	388.12059	-17.08707	225.38659	-65.0936	-30.91946	75.67131	162.734	0
3688	12.20505	391.37527	385.67958	-205.04484	-186.33043	393.81628	-17.08707	213.18154	-76.48498	-27.66478	106.59077	174.93905	0
3689	1.62734	383.23857	378.35655	-200.97649	-179.82107	397.07096	-14.64606	205.04484	-81.367	-20.34175	145.64693	196.09447	0
3690	-2.44101	375.10187	374.2882	-192.02612	-175.75272	394.62995	-11.39138	196.09447	-87.06269	-15.45973	175.75272	216.43622	0
3691	-3.25468	375.91554	378.35655	-188.77144	-177.38006	394.62995	-10.57771	179.82107	-98.45407	-20.34175	181.44841	227.01393	0
3692	-6.50936	387.30692	384.05224	-196.90814	-181.44841	399.51197	-15.45973	152.96996	-119.60949	-38.24249	161.10666	226.20026	0
3693	-13.83239	398.6983	393.81628	-202.60383	-190.39878	409.27601	-25.22377	113.9138	-156.22464	-66.72094	118.79582	213.99521	0
3694	-15.45973	406.835	408.46234	-202.60383	-201.79016	418.22638	-35.80148	73.2303	-209.11319	-96.82673	65.90727	193.65346	0
3695	-10.57771	410.90335	422.29473	-198.53548	-207.48585	423.92207	-43.12451	42.31084	-264.44275	-115.54114	22.78276	170.8707	0
3696	-7.32303	410.90335	427.17675	-196.90814	-207.48585	422.29473	-49.63387	20.34175	-304.31258	-122.0505	7.32303	155.41097	0
3697	-9.76404	408.46234	418.22638	-198.53548	-200.97649	414.15803	-56.9569	8.1367	-316.51763	-117.16848	26.85111	152.96996	0
3698	-12.20505	397.07096	396.25729	-204.23117	-187.95777	395.44362	-64.27993	3.25468	-302.68524	-103.33609	66.72094	160.29299	0
3699	-11.39138	375.91554	365.33783	-209.92686	-174.12538	367.77884	-73.2303	-2.44101	-279.08881	-92.75838	108.21811	163.54767	0
3700	-8.95037	359.64214	331.16369	-209.92686	-163.54767	337.67305	-83.80801	-19.52808	-259.56073	-88.69003	135.88289	158.66565	0
3701	-4.06835	348.25076	298.61689	-200.97649	-153.78363	314.07662	-92.75838	-42.31084	-248.98302	-88.69003	140.76491	153.78363	0
3702	5.69569	337.67305	273.39312	-189.58511	-144.83326	301.0579	-95.19939	-59.39791	-248.98302	-92.75838	118.79582	148.90161	0
3703	4.06835	318.95864	260.3744	-170.8707	-139.95124	293.73487	-92.75838	-69.16195	-252.2377	-100.08141	72.41663	135.88289	0
3704	-15.45973	284.7845	258.74706	-144.83326	-139.95124	280.71615	-87.06269	-78.11232	-255.49238	-109.03178	12.20505	112.28646	0
3705	-39.86983	244.101	262.81541	-127.74619	-144.83326	264.44275	-74.85764	-93.57205	-259.56073	-109.84545	-39.05616	83.80801	0
3706	-43.93818	213.18154	266.88376	-117.16848	-146.4606	256.30605	-55.32956	-107.40444	-255.49238	-104.14976	-59.39791	64.27993	0
3707	-32.5468	196.09447	266.07009	-104.96343	-140.76491	253.86504	-32.5468	-110.65912	-235.15063	-94.38572	-41.49717	60.21158	0
3708	-20.34175	188.77144	257.11972	-93.57205	-132.62821	245.72834	-13.01872	-99.26774	-209.92686	-82.18067	0.81367	69.16195	0
3709	-15.45973	183.88942	238.40531	-87.06269	-123.67784	227.8276	-2.44101	-79.73966	-192.83979	-69.97562	51.26121	76.48498	0
3710	-15.45973	174.12538	213.18154	-82.99434	-113.9138	204.23117	0	-62.65259	-185.51676	-61.83892	88.69003	71.60296	0
3711	-14.64606	159.47932	183.88942	-76.48498	-99.26774	176.56639	-3.25468	-55.32956	-186.33043	-64.27993	96.01306	63.46626	0
3712	-9.76404	146.4606	153.78363	-70.78929	-79.73966	152.15629	-9.76404	-56.9569	-191.21245	-78.11232	68.34828	50.44754	0
3713	-4.88202	136.69656	126.93252	-70.78929	-60.21158	131.81454	-14.64606	-64.27993	-190.39878	-92.75838	17.08707	30.10579	0
3714	-0.81367	123.67784	104.14976	-68.34828	-48.00653	113.10013	-15.45973	-75.67131	-183.07575	-104.14976	-42.31084	3.25468	0
3715	0	108.21811	91.94471	-60.21158	-44.75185	99.26774	-14.64606	-86.24902	-170.05703	-106.59077	-88.69003	-21.15542	0
3716	-2.44101	96.82673	89.5037	-49.63387	-46.37919	91.94471	-14.64606	-91.94471	-156.22464	-97.6404	-104.96343	-38.24249	0
3717	-6.50936	82.18067	88.69003	-36.61515	-49.63387	84.62168	-14.64606	-91.94471	-139.13757	-78.11232	-85.43535	-43.12451	0
3718	-13.01872	66.72094	85.43535	-23.59643	-51.26121	74.85764	-12.20505	-81.367	-114.72747	-51.26121	-36.61515	-32.5468	0
3719	-17.90074	50.44754	78.11232	-15.45973	-52.07488	63.46626	-7.32303	-61.02525	-85.43535	-26.03744	24.4101	-9.76404	0
3720	-21.15542	30.91946	67.53461	-11.39138	-51.26121	50.44754	0	-39.05616	-60.21158	-8.95037	77.29865	15.45973	0
3721	-23.59643	13.83239	59.39791	-8.95037	-48.00653	36.61515	8.95037	-21.96909	-43.93818	0	102.52242	33.36047	0
3722	-22.78276	8.95037	48.8202	-6.50936	-40.6835	17.90074	16.2734	-14.64606	-37.42882	0	89.5037	33.36047	0
3723	-17.08707	8.95037	26.03744	-6.50936	-21.96909	-2.44101	14.64606	-17.08707	-39.86983	-11.39138	39.86983	13.83239	0
3724	-6.50936	9.76404	-4.88202	-13.01872	6.50936	-17.90074	8.1367	-26.03744	-47.19286	-27.66478	-24.4101	-14.64606	0
3725	8.1367	8.95037	-29.29212	-19.52808	30.10579	-25.22377	2.44101	-42.31084	-53.70222	-39.05616	-80.55333	-46.37919	0
3726	8.95037	-3.25468	-39.05616	-9.76404	34.17414	-26.03744	-4.88202	-61.83892	-57.77057	-39.05616	-108.21811	-71.60296	0
3727	-8.1367	-25.22377	-32.5468	10.57771	19.52808	-21.15542	-10.57771	-74.85764	-52.07488	-24.4101	-94.38572	-81.367	0
3728	-29.29212	-39.86983	-16.2734	26.85111	-1.62734	-13.83239	-9.76404	-66.72094	-30.10579	2.44101	-41.49717	-68.34828	0
3729	-40.6835	-41.49717	0	33.36047	-18.71441	-7.32303	0	-43.12451	0.81367	31.73313	29.29212	-36.61515	0
3730	-43.12451	-39.05616	8.95037	32.5468	-26.03744	-5.69569	13.83239	-19.52808	26.85111	51.26121	91.13104	0.81367	0
3731	-41.49717	-39.05616	8.1367	32.5468	-25.22377	-9.76404	26.03744	-1.62734	46.37919	59.39791	117.98215	27.66478	0
3732	-39.05616	-43.93818	0	34.98781	-19.52808	-18.71441	31.73313	4.88202	56.14323	56.9569	100.89508	32.5468	0
3733	-34.17414	-50.44754	-8.95037	37.42882	-13.01872	-27.66478	27.66478	-1.62734	53.70222	39.05616	44.75185	13.01872	0
3734	-26.03744	-56.14323	-15.45973	38.24249	-8.95037	-34.17414	17.08707	-13.83239	43.12451	10.57771	-29.29212	-22.78276	0
3735	-21.15542	-56.9569	-20.34175	38.24249	-4.88202	-36.61515	8.1367	-21.96909	33.36047	-11.39138	-91.94471	-61.02525	0
3736	-17.90074	-51.26121	-24.4101	36.61515	-2.44101	-38.24249	3.25468	-20.34175	34.17414	-14.64606	-115.54114	-85.43535	0
3737	-14.64606	-43.12451	-25.22377	32.5468	-4.06835	-36.61515	2.44101	-8.95037	47.19286	4.06835	-90.31737	-87.06269	0
3738	-17.08707	-36.61515	-23.59643	27.66478	-10.57771	-33.36047	6.50936	4.88202	66.72094	35.80148	-28.47845	-69.97562	0
3739	-27.66478	-34.17414	-23.59643	24.4101	-16.2734	-30.91946	13.01872	16.2734	80.55333	68.34828	43.12451	-43.93818	0
3740	-35.80148	-38.24249	-26.85111	26.03744	-14.64606	-34.17414	19.52808	21.15542	81.367	89.5037	99.26774	-15.45973	0
3741	-22.78276	-40.6835	-40.6835	21.15542	2.44101	-40.6835	26.03744	18.71441	68.34828	91.94471	119.60949	3.25468	0
3742	5.69569	-39.05616	-66.72094	8.95037	36.61515	-51.26121	29.29212	8.95037	52.07488	75.67131	96.82673	4.88202	0
3743	33.36047	-35.80148	-94.38572	0	72.41663	-64.27993	27.66478	-3.25468	43.93818	53.70222	38.24249	-9.76404	0
3744	50.44754	-36.61515	-113.10013	-4.88202	93.57205	-73.2303	23.59643	-17.90074	45.56552	32.5468	-22.78276	-38.24249	0
3745	55.32956	-43.93818	-117.98215	-1.62734	96.01306	-78.11232	19.52808	-28.47845	53.70222	18.71441	-60.21158	-69.16195	0
3746	43.12451	-54.51589	-108.21811	8.1367	82.99434	-78.92599	17.08707	-23.59643	67.53461	20.34175	-82.99434	-88.69003	0
3747	19.52808	-61.83892	-88.69003	23.59643	56.14323	-76.48498	14.64606	-0.81367	87.87636	36.61515	-85.43535	-87.87636	0
3748	-4.88202	-63.46626	-68.34828	36.61515	26.85111	-71.60296	14.64606	30.10579	107.40444	52.88855	-49.63387	-65.90727	0
3749	-24.4101	-62.65259	-55.32956	47.19286	6.50936	-67.53461	13.83239	56.14323	117.98215	59.39791	13.01872	-32.5468	0
3750	-35.80148	-65.0936	-49.63387	57.77057	0	-69.97562	13.01872	72.41663	122.0505	56.9569	73.2303	1.62734	0
3751	-37.42882	-78.11232	-52.88855	65.90727	6.50936	-80.55333	12.20505	81.367	120.42316	48.8202	102.52242	26.03744	0
3752	-35.80148	-101.70875	-64.27993	77.29865	16.2734	-95.19939	9.76404	80.55333	113.10013	34.98781	84.62168	28.47845	0
3753	-39.05616	-126.93252	-81.367	90.31737	21.15542	-109.84545	6.50936	64.27993	104.96343	13.83239	21.15542	6.50936	0
3754	-36.61515	-136.69656	-96.01306	91.13104	26.85111	-117.16848	2.44101	39.86983	97.6404	-8.1367	-66.72094	-34.98781	0
3755	-17.08707	-125.30518	-103.33609	73.2303	40.6835	-113.10013	-0.81367	18.71441	92.75838	-21.15542	-142.39225	-77.29865	0
3756	10.57771	-99.26774	-102.52242	45.56552	57.77057	-101.70875	-1.62734	4.88202	91.94471	-22.78276	-172.49804	-100.89508	0
3757	34.17414	-73.2303	-96.82673	19.52808	69.16195	-87.87636	2.44101	2.44101	96.82673	-14.64606	-147.27427	-99.26774	0
3758	41.49717	-57.77057	-91.13104	8.1367	69.97562	-76.48498	10.57771	17.08707	105.7771	1.62734	-80.55333	-78.92599	0
3759	32.5468	-55.32956	-88.69003	11.39138	61.83892	-74.04397	17.90074	39.86983	117.16848	22.78276	0	-46.37919	0
3760	17.90074	-61.02525	-88.69003	21.96909	50.44754	-80.55333	20.34175	59.39791	128.55986	40.6835	65.90727	-13.01872	0
3761	4.88202	-72.41663	-87.06269	39.86983	39.05616	-87.06269	21.96909	69.97562	137.51023	50.44754	96.01306	13.01872	0
3762	-1.62734	-87.87636	-82.18067	61.02525	31.73313	-91.13104	22.78276	72.41663	142.39225	52.88855	103.33609	22.78276	0
3763	-7.32303	-104.14976	-74.85764	78.92599	26.85111	-95.19939	21.15542	75.67131	147.27427	55.32956	120.42316	12.20505	0
3764	-20.34175	-109.84545	-66.72094	91.13104	17.90074	-97.6404	16.2734	81.367	152.15629	61.83892	152.96996	-1.62734	0
3765	-37.42882	-101.70875	-60.21158	96.82673	8.1367	-95.19939	12.20505	87.87636	156.22464	69.97562	186.33043	1.62734	0
3766	-41.49717	-86.24902	-56.14323	88.69003	4.88202	-87.06269	15.45973	92.75838	159.47932	78.92599	198.53548	21.96909	0
3767	-32.5468	-65.90727	-52.07488	61.02525	9.76404	-74.85764	27.66478	95.19939	162.734	86.24902	170.05703	40.6835	0
3768	-22.78276	-48.00653	-49.63387	28.47845	13.83239	-65.90727	43.93818	91.94471	162.734	85.43535	103.33609	40.6835	0
3769	-19.52808	-44.75185	-49.63387	14.64606	14.64606	-62.65259	55.32956	81.367	161.10666	76.48498	20.34175	21.96909	0
3770	-25.22377	-57.77057	-51.26121	24.4101	12.20505	-65.0936	56.14323	65.90727	158.66565	64.27993	-52.07488	-5.69569	0
3771	-34.98781	-77.29865	-54.51589	43.12451	7.32303	-70.78929	46.37919	54.51589	159.47932	53.70222	-90.31737	-33.36047	0
3772	-38.24249	-95.19939	-63.46626	56.9569	7.32303	-79.73966	33.36047	52.07488	163.54767	49.63387	-82.99434	-47.19286	0
3773	-34.17414	-107.40444	-74.85764	63.46626	13.01872	-89.5037	26.03744	58.58424	170.8707	53.70222	-35.80148	-39.86983	0
3774	-26.85111	-106.59077	-79.73966	59.39791	20.34175	-91.94471	27.66478	71.60296	179.0074	62.65259	30.10579	-13.01872	0
3775	-17.90074	-95.19939	-76.48498	50.44754	25.22377	-84.62168	35.80148	86.24902	185.51676	67.53461	86.24902	18.71441	0
3776	-14.64606	-87.06269	-71.60296	47.19286	26.85111	-78.11232	43.93818	98.45407	188.77144	62.65259	104.14976	37.42882	0
3777	-19.52808	-91.94471	-70.78929	54.51589	25.22377	-80.55333	49.63387	101.70875	187.95777	51.26121	75.67131	32.5468	0
3778	-26.85111	-104.96343	-74.04397	65.90727	24.4101	-89.5037	50.44754	95.19939	183.88942	36.61515	9.76404	2.44101	0
3779	-30.10579	-116.35481	-78.92599	74.04397	25.22377	-97.6404	48.00653	85.43535	178.19373	22.78276	-69.16195	-40.6835	0
3780	-27.66478	-123.67784	-87.06269	76.48498	31.73313	-107.40444	43.12451	79.73966	170.05703	12.20505	-133.44188	-84.62168	0
3781	-17.90074	-126.93252	-96.82673	72.41663	43.12451	-115.54114	37.42882	78.92599	161.10666	7.32303	-160.29299	-117.16848	0
3782	-3.25468	-118.79582	-109.03178	56.9569	56.14323	-117.98215	33.36047	79.73966	153.78363	10.57771	-141.57858	-127.74619	0
3783	10.57771	-98.45407	-119.60949	32.5468	69.97562	-110.65912	34.17414	79.73966	150.52895	21.15542	-83.80801	-112.28646	0
3784	21.15542	-76.48498	-125.30518	13.01872	75.67131	-97.6404	40.6835	80.55333	151.34262	35.80148	-9.76404	-75.67131	0
3785	24.4101	-66.72094	-125.30518	9.76404	70.78929	-87.06269	50.44754	81.367	150.52895	46.37919	50.44754	-33.36047	0
3786	13.83239	-74.85764	-117.16848	23.59643	60.21158	-86.24902	57.77057	80.55333	145.64693	44.75185	72.41663	-5.69569	0
3787	-5.69569	-91.94471	-103.33609	46.37919	43.93818	-90.31737	60.21158	78.92599	136.69656	33.36047	52.07488	-0.81367	0
3788	-26.03744	-107.40444	-87.06269	66.72094	27.66478	-92.75838	56.9569	74.04397	124.49151	15.45973	-2.44101	-18.71441	0
3789	-38.24249	-111.47279	-72.41663	76.48498	14.64606	-89.5037	51.26121	68.34828	113.9138	-2.44101	-74.04397	-48.00653	0
3790	-42.31084	-104.14976	-59.39791	75.67131	6.50936	-80.55333	48.00653	66.72094	110.65912	-13.01872	-133.44188	-81.367	0
3791	-41.49717	-91.94471	-50.44754	66.72094	4.06835	-69.97562	48.8202	67.53461	116.35481	-12.20505	-153.78363	-104.96343	0
3792	-38.24249	-79.73966	-48.00653	56.14323	5.69569	-61.02525	52.88855	65.0936	125.30518	-2.44101	-133.44188	-111.47279	0
3793	-33.36047	-69.97562	-50.44754	47.19286	7.32303	-54.51589	56.14323	61.02525	135.06922	11.39138	-82.18067	-99.26774	0
3794	-30.10579	-66.72094	-51.26121	39.86983	9.76404	-52.88855	56.14323	60.21158	141.57858	29.29212	-16.2734	-69.16195	0
3795	-32.5468	-74.85764	-53.70222	38.24249	9.76404	-58.58424	51.26121	62.65259	144.01959	44.75185	35.80148	-37.42882	0
3796	-33.36047	-83.80801	-56.14323	41.49717	11.39138	-66.72094	45.56552	65.90727	145.64693	54.51589	56.14323	-17.90074	0
3797	-23.59643	-84.62168	-61.83892	43.12451	19.52808	-71.60296	40.6835	65.90727	148.90161	58.58424	40.6835	-14.64606	0
3798	-5.69569	-84.62168	-69.97562	46.37919	34.98781	-78.92599	37.42882	61.02525	147.27427	54.51589	-4.88202	-30.10579	0
3799	6.50936	-91.94471	-79.73966	52.07488	50.44754	-93.57205	35.80148	52.88855	133.44188	40.6835	-69.16195	-62.65259	0
3800	9.76404	-101.70875	-88.69003	56.14323	59.39791	-104.96343	38.24249	44.75185	109.03178	24.4101	-124.49151	-97.6404	0
3801	4.06835	-108.21811	-95.19939	59.39791	57.77057	-109.03178	43.93818	39.05616	87.06269	11.39138	-148.08794	-121.23683	0
3802	-4.06835	-112.28646	-91.94471	65.90727	46.37919	-105.7771	50.44754	37.42882	84.62168	12.20505	-126.93252	-122.86417	0
3803	-13.01872	-114.72747	-83.80801	74.04397	28.47845	-100.08141	54.51589	39.86983	103.33609	30.10579	-66.72094	-100.89508	0
3804	-19.52808	-113.10013	-73.2303	74.04397	11.39138	-91.13104	52.88855	44.75185	125.30518	54.51589	7.32303	-65.0936	0
3805	-21.15542	-108.21811	-62.65259	64.27993	4.06835	-75.67131	46.37919	50.44754	135.88289	69.97562	65.0936	-33.36047	0
3806	-15.45973	-99.26774	-57.77057	51.26121	4.06835	-65.90727	34.17414	53.70222	134.25555	72.41663	86.24902	-17.90074	0
3807	-8.1367	-93.57205	-64.27993	43.93818	6.50936	-68.34828	16.2734	52.88855	127.74619	64.27993	69.16195	-19.52808	0
3808	-9.76404	-100.89508	-76.48498	50.44754	12.20505	-81.367	1.62734	45.56552	119.60949	52.07488	21.15542	-35.80148	0
3809	-21.96909	-118.79582	-88.69003	66.72094	17.08707	-100.08141	-4.06835	37.42882	112.28646	37.42882	-41.49717	-61.02525	0
3810	-33.36047	-135.88289	-99.26774	80.55333	21.96909	-115.54114	-1.62734	31.73313	105.7771	23.59643	-96.01306	-88.69003	0
3811	-40.6835	-145.64693	-105.7771	87.87636	30.10579	-124.49151	5.69569	30.10579	100.08141	14.64606	-126.93252	-109.84545	0
3812	-42.31084	-147.27427	-107.40444	89.5037	39.05616	-126.11885	14.64606	33.36047	96.01306	12.20505	-129.37353	-113.9138	0
3813	-34.98781	-141.57858	-109.03178	82.99434	48.00653	-123.67784	21.15542	34.98781	93.57205	13.83239	-104.14976	-101.70875	0
3814	-17.90074	-129.37353	-110.65912	69.16195	56.14323	-119.60949	21.15542	26.03744	90.31737	19.52808	-61.83892	-78.92599	0
3815	0	-111.47279	-110.65912	51.26121	63.46626	-111.47279	19.52808	11.39138	90.31737	24.4101	-18.71441	-52.88855	0
3816	8.95037	-91.94471	-107.40444	32.5468	65.0936	-100.08141	20.34175	0	96.82673	28.47845	12.20505	-30.10579	0
3817	8.1367	-80.55333	-100.89508	25.22377	58.58424	-91.13104	26.85111	0	105.7771	32.5468	17.90074	-17.08707	0
3818	5.69569	-82.99434	-93.57205	30.10579	50.44754	-91.13104	35.80148	6.50936	111.47279	32.5468	-6.50936	-19.52808	0
3819	8.1367	-92.75838	-90.31737	37.42882	43.12451	-99.26774	44.75185	13.01872	112.28646	26.85111	-52.88855	-39.05616	0
3820	8.1367	-104.14976	-93.57205	46.37919	40.6835	-109.03178	50.44754	15.45973	110.65912	16.2734	-96.01306	-65.0936	0
3821	0	-110.65912	-94.38572	56.9569	39.05616	-109.84545	55.32956	16.2734	108.21811	9.76404	-113.9138	-86.24902	0
3822	-8.95037	-105.7771	-83.80801	65.90727	30.91946	-98.45407	59.39791	19.52808	108.21811	15.45973	-96.82673	-89.5037	0
3823	-18.71441	-96.82673	-65.90727	69.97562	17.90074	-82.18067	60.21158	25.22377	109.03178	30.91946	-52.88855	-74.85764	0
3824	-27.66478	-89.5037	-52.07488	69.97562	6.50936	-70.78929	56.9569	30.91946	108.21811	48.8202	0	-47.19286	0
3825	-32.5468	-86.24902	-47.19286	67.53461	2.44101	-65.90727	51.26121	32.5468	106.59077	61.83892	42.31084	-17.90074	0
3826	-34.17414	-88.69003	-49.63387	67.53461	4.06835	-68.34828	43.12451	26.03744	102.52242	65.90727	58.58424	0.81367	0
3827	-33.36047	-95.19939	-59.39791	68.34828	10.57771	-74.04397	34.98781	17.08707	96.01306	62.65259	45.56552	4.06835	0
3828	-30.10579	-99.26774	-70.78929	69.16195	21.15542	-79.73966	26.03744	11.39138	93.57205	56.9569	10.57771	-8.1367	0
3829	-23.59643	-105.7771	-78.92599	69.16195	30.10579	-85.43535	19.52808	12.20505	96.82673	51.26121	-34.17414	-29.29212	0
3830	-20.34175	-113.10013	-84.62168	67.53461	34.98781	-91.94471	14.64606	16.2734	101.70875	44.75185	-75.67131	-52.88855	0
3831	-18.71441	-124.49151	-88.69003	72.41663	39.05616	-99.26774	9.76404	18.71441	105.7771	37.42882	-97.6404	-73.2303	0
3832	-15.45973	-131.81454	-86.24902	79.73966	43.12451	-102.52242	8.1367	22.78276	109.84545	29.29212	-95.19939	-79.73966	0
3833	-17.08707	-129.37353	-78.92599	82.18067	47.19286	-100.08141	12.20505	29.29212	109.03178	26.03744	-69.16195	-68.34828	0
3834	-24.4101	-126.11885	-74.85764	82.99434	48.8202	-99.26774	20.34175	33.36047	100.89508	28.47845	-27.66478	-48.00653	0
3835	-32.5468	-119.60949	-75.67131	77.29865	43.93818	-100.08141	28.47845	32.5468	85.43535	33.36047	12.20505	-24.4101	0
3836	-37.42882	-104.14976	-76.48498	63.46626	35.80148	-100.08141	35.80148	30.91946	72.41663	39.86983	34.98781	-4.06835	0
3837	-31.73313	-88.69003	-73.2303	48.00653	31.73313	-95.19939	42.31084	30.10579	65.0936	44.75185	34.17414	1.62734	0
3838	-16.2734	-68.34828	-66.72094	34.17414	39.05616	-82.99434	46.37919	27.66478	65.0936	48.00653	13.83239	-4.88202	0
3839	0.81367	-43.12451	-60.21158	20.34175	51.26121	-62.65259	49.63387	25.22377	74.85764	52.88855	-18.71441	-20.34175	0
3840	15.45973	-23.59643	-53.70222	4.88202	56.14323	-39.86983	53.70222	25.22377	88.69003	59.39791	-53.70222	-40.6835	0
3841	17.08707	-10.57771	-43.12451	0	46.37919	-26.03744	52.88855	30.10579	98.45407	63.46626	-76.48498	-62.65259	0
3842	4.06835	-4.88202	-33.36047	8.1367	29.29212	-24.4101	45.56552	36.61515	105.7771	66.72094	-75.67131	-75.67131	0
3843	-7.32303	-9.76404	-22.78276	17.90074	12.20505	-28.47845	40.6835	43.93818	113.9138	74.85764	-45.56552	-67.53461	0
3844	-13.01872	-20.34175	-16.2734	22.78276	4.06835	-28.47845	43.12451	49.63387	117.98215	82.18067	0	-43.12451	0
3845	-16.2734	-25.22377	-18.71441	23.59643	4.88202	-28.47845	48.00653	50.44754	115.54114	76.48498	34.98781	-19.52808	0
3846	-18.71441	-21.96909	-23.59643	26.03744	7.32303	-30.91946	48.8202	49.63387	108.21811	63.46626	44.75185	-8.95037	0
3847	-17.90074	-16.2734	-21.96909	25.22377	3.25468	-28.47845	46.37919	46.37919	100.08141	54.51589	26.85111	-13.01872	0
3848	-3.25468	-2.44101	-14.64606	9.76404	-3.25468	-15.45973	46.37919	44.75185	96.82673	52.07488	-8.1367	-26.85111	0
3849	14.64606	18.71441	-4.88202	-11.39138	-10.57771	2.44101	50.44754	46.37919	102.52242	52.07488	-48.00653	-44.75185	0
3850	25.22377	34.17414	5.69569	-26.03744	-13.01872	18.71441	53.70222	48.8202	109.84545	57.77057	-75.67131	-60.21158	0
3851	23.59643	39.86983	13.83239	-30.10579	-13.01872	27.66478	51.26121	45.56552	113.10013	65.90727	-80.55333	-68.34828	0
3852	13.83239	33.36047	17.08707	-24.4101	-11.39138	27.66478	44.75185	33.36047	106.59077	74.85764	-61.83892	-61.83892	0
3853	0.81367	21.15542	16.2734	-14.64606	-13.01872	22.78276	32.5468	9.76404	93.57205	81.367	-29.29212	-43.12451	0
3854	-8.1367	18.71441	17.08707	-8.95037	-17.90074	20.34175	17.08707	-15.45973	84.62168	81.367	8.1367	-18.71441	0
3855	-7.32303	28.47845	25.22377	-13.01872	-21.96909	21.96909	-2.44101	-31.73313	81.367	76.48498	42.31084	3.25468	0
3856	0	42.31084	32.5468	-26.85111	-17.90074	29.29212	-21.96909	-35.80148	83.80801	71.60296	56.9569	17.08707	0
3857	7.32303	57.77057	33.36047	-44.75185	-4.88202	39.05616	-36.61515	-34.17414	87.87636	71.60296	51.26121	18.71441	0
3858	13.83239	70.78929	32.5468	-60.21158	2.44101	46.37919	-43.12451	-30.91946	89.5037	73.2303	29.29212	8.95037	0
3859	20.34175	79.73966	30.91946	-72.41663	4.88202	47.19286	-43.12451	-27.66478	89.5037	74.04397	-2.44101	-5.69569	0
3860	34.98781	82.18067	19.52808	-79.73966	13.83239	43.12451	-37.42882	-23.59643	91.13104	73.2303	-30.91946	-20.34175	0
3861	56.9569	81.367	3.25468	-84.62168	30.91946	33.36047	-26.03744	-17.90074	94.38572	70.78929	-40.6835	-28.47845	0
3862	62.65259	75.67131	-5.69569	-76.48498	36.61515	19.52808	-11.39138	-12.20505	97.6404	69.16195	-30.91946	-28.47845	0
3863	47.19286	61.83892	-6.50936	-49.63387	25.22377	4.88202	0	-5.69569	99.26774	69.97562	-5.69569	-17.08707	0
3864	34.98781	45.56552	-3.25468	-23.59643	10.57771	-0.81367	6.50936	-2.44101	97.6404	73.2303	26.85111	2.44101	0
3865	32.5468	34.17414	0	-11.39138	4.88202	0	9.76404	-8.95037	93.57205	78.11232	56.9569	23.59643	0
3866	34.98781	29.29212	0	-8.1367	7.32303	5.69569	8.1367	-24.4101	88.69003	80.55333	67.53461	34.98781	0
3867	38.24249	25.22377	-5.69569	-10.57771	16.2734	5.69569	3.25468	-40.6835	82.99434	79.73966	55.32956	32.5468	0
3868	41.49717	13.01872	-20.34175	-13.01872	28.47845	-3.25468	-0.81367	-49.63387	77.29865	74.85764	24.4101	18.71441	0
3869	47.19286	-5.69569	-42.31084	-12.20505	46.37919	-24.4101	-7.32303	-55.32956	68.34828	65.90727	-13.01872	-2.44101	0
3870	55.32956	-27.66478	-64.27993	-9.76404	66.72094	-51.26121	-15.45973	-58.58424	56.14323	52.88855	-47.19286	-26.85111	0
3871	55.32956	-48.8202	-85.43535	-1.62734	80.55333	-75.67131	-22.78276	-52.07488	52.07488	41.49717	-63.46626	-44.75185	0
3872	46.37919	-70.78929	-102.52242	15.45973	80.55333	-95.19939	-22.78276	-34.17414	65.90727	40.6835	-56.14323	-51.26121	0
3873	36.61515	-89.5037	-108.21811	35.80148	71.60296	-106.59077	-13.01872	-10.57771	89.5037	49.63387	-27.66478	-41.49717	0
3874	23.59643	-100.89508	-104.14976	49.63387	60.21158	-107.40444	1.62734	8.95037	110.65912	61.83892	9.76404	-18.71441	0
3875	4.88202	-100.08141	-93.57205	55.32956	48.8202	-99.26774	14.64606	22.78276	126.11885	74.85764	42.31084	5.69569	0
3876	-13.01872	-88.69003	-78.11232	51.26121	37.42882	-82.99434	22.78276	26.85111	128.55986	81.367	52.88855	19.52808	0
3877	-30.10579	-82.18067	-62.65259	52.07488	24.4101	-71.60296	26.03744	20.34175	113.9138	71.60296	41.49717	13.83239	0
3878	-40.6835	-90.31737	-58.58424	60.21158	17.08707	-73.2303	26.85111	11.39138	92.75838	51.26121	17.08707	-3.25468	0
3879	-39.86983	-105.7771	-70.78929	69.16195	20.34175	-86.24902	25.22377	4.06835	74.04397	32.5468	-13.01872	-24.4101	0
3880	-33.36047	-121.23683	-90.31737	75.67131	30.10579	-104.14976	21.96909	-0.81367	62.65259	19.52808	-39.86983	-45.56552	0
3881	-26.03744	-134.25555	-107.40444	81.367	39.05616	-119.60949	20.34175	-4.88202	55.32956	10.57771	-52.07488	-63.46626	0
3882	-18.71441	-141.57858	-116.35481	82.99434	44.75185	-126.93252	19.52808	-7.32303	52.07488	6.50936	-46.37919	-69.16195	0
3883	-12.20505	-142.39225	-118.79582	79.73966	48.8202	-130.1872	19.52808	-8.1367	50.44754	8.95037	-25.22377	-61.83892	0
3884	-9.76404	-138.3239	-115.54114	75.67131	50.44754	-128.55986	21.96909	-7.32303	48.00653	13.83239	-2.44101	-44.75185	0
3885	-11.39138	-132.62821	-109.03178	70.78929	48.00653	-123.67784	28.47845	-6.50936	43.93818	17.90074	5.69569	-28.47845	0
3886	-13.01872	-126.93252	-103.33609	62.65259	45.56552	-117.16848	37.42882	-6.50936	40.6835	21.15542	-3.25468	-17.90074	0
3887	-14.64606	-121.23683	-104.96343	57.77057	43.93818	-113.9138	43.93818	-8.1367	37.42882	24.4101	-30.10579	-14.64606	0
3888	-17.08707	-116.35481	-110.65912	59.39791	39.86983	-113.9138	43.12451	-11.39138	37.42882	25.22377	-63.46626	-17.08707	0
3889	-21.96909	-115.54114	-113.10013	65.90727	36.61515	-113.9138	37.42882	-15.45973	40.6835	19.52808	-89.5037	-23.59643	0
3890	-23.59643	-119.60949	-111.47279	71.60296	34.17414	-113.9138	30.91946	-16.2734	45.56552	6.50936	-100.08141	-35.80148	0
3891	-21.15542	-124.49151	-109.03178	74.04397	34.98781	-115.54114	25.22377	-13.01872	49.63387	-5.69569	-95.19939	-48.8202	0
3892	-16.2734	-130.1872	-113.10013	72.41663	42.31084	-120.42316	25.22377	-8.95037	52.88855	-11.39138	-80.55333	-58.58424	0
3893	-9.76404	-135.06922	-119.60949	69.97562	54.51589	-126.93252	30.10579	-4.06835	56.14323	-9.76404	-58.58424	-63.46626	0
3894	-3.25468	-136.69656	-124.49151	67.53461	67.53461	-132.62821	35.80148	0	60.21158	-4.88202	-32.5468	-61.02525	0
3895	-0.81367	-134.25555	-122.86417	65.90727	74.04397	-131.81454	41.49717	2.44101	64.27993	0.81367	-11.39138	-51.26121	0
3896	-1.62734	-127.74619	-114.72747	65.0936	72.41663	-124.49151	43.93818	4.06835	65.0936	8.95037	-2.44101	-39.05616	0
3897	-7.32303	-122.0505	-104.96343	65.90727	64.27993	-115.54114	41.49717	4.88202	61.83892	12.20505	-8.1367	-32.5468	0
3898	-13.83239	-120.42316	-98.45407	68.34828	53.70222	-109.84545	34.98781	6.50936	57.77057	9.76404	-27.66478	-34.17414	0
3899	-16.2734	-123.67784	-100.89508	72.41663	48.8202	-112.28646	26.03744	8.1367	54.51589	3.25468	-56.14323	-41.49717	0
3900	-13.83239	-132.62821	-114.72747	74.85764	52.07488	-122.86417	21.15542	8.95037	52.88855	-2.44101	-78.92599	-53.70222	0
3901	-8.95037	-138.3239	-128.55986	78.11232	59.39791	-131.81454	25.22377	9.76404	52.07488	-4.06835	-86.24902	-64.27993	0
3902	-5.69569	-138.3239	-131.81454	81.367	62.65259	-132.62821	34.98781	9.76404	51.26121	1.62734	-74.85764	-65.0936	0
3903	-9.76404	-139.13757	-126.11885	82.99434	61.02525	-127.74619	44.75185	5.69569	48.8202	13.01872	-50.44754	-57.77057	0
3904	-21.15542	-139.13757	-112.28646	85.43535	56.14323	-120.42316	52.07488	-1.62734	45.56552	25.22377	-24.4101	-44.75185	0
3905	-34.98781	-138.3239	-98.45407	89.5037	47.19286	-114.72747	56.9569	-17.08707	36.61515	34.17414	-3.25468	-30.10579	0
3906	-39.05616	-137.51023	-97.6404	92.75838	41.49717	-116.35481	56.9569	-41.49717	15.45973	31.73313	0.81367	-21.15542	0
3907	-33.36047	-137.51023	-109.84545	92.75838	46.37919	-126.93252	44.75185	-81.367	-27.66478	9.76404	-18.71441	-26.85111	0
3908	-21.96909	-138.3239	-126.11885	88.69003	56.14323	-138.3239	22.78276	-142.39225	-96.01306	-25.22377	-58.58424	-43.93818	0
3909	-7.32303	-131.00087	-137.51023	73.2303	69.16195	-139.13757	-4.06835	-220.50457	-183.07575	-61.83892	-99.26774	-60.21158	0
3910	7.32303	-103.33609	-135.06922	43.12451	80.55333	-122.86417	-30.10579	-310.00827	-283.15716	-91.94471	-118.79582	-61.02525	0
3911	21.96909	-55.32956	-107.40444	5.69569	76.48498	-82.99434	-53.70222	-403.58032	-392.18894	-116.35481	-104.14976	-34.17414	0
3912	33.36047	0	-48.8202	-23.59643	47.19286	-23.59643	-85.43535	-507.73008	-516.68045	-135.06922	-58.58424	17.90074	0
3913	39.05616	60.21158	30.10579	-46.37919	-0.81367	46.37919	-132.62821	-628.15324	-662.32738	-149.71528	7.32303	89.5037	0
3914	39.86983	129.37353	115.54114	-74.04397	-51.26121	123.67784	-187.1441	-762.40879	-819.36569	-155.41097	89.5037	173.31171	0
3915	46.37919	220.50457	199.34915	-122.0505	-90.31737	210.74053	-239.21898	-904.80104	-980.47235	-153.78363	179.0074	266.07009	0
3916	67.53461	338.48672	290.48019	-193.65346	-122.0505	315.70396	-288.85285	-1068.34871	-1148.90204	-152.96996	272.57945	364.52416	0
3917	95.19939	479.25163	397.07096	-279.90248	-157.03831	439.3818	-340.92773	-1270.13887	-1332.79146	-160.29299	362.89682	462.16456	0
3918	115.54114	624.89856	518.30779	-366.1515	-203.4175	572.82368	-401.13931	-1505.2895	-1530.51327	-169.24336	442.63648	552.48193	0
3919	126.11885	772.9865	651.74967	-447.5185	-262.81541	713.58859	-478.43796	-1746.13582	-1724.16673	-162.734	518.30779	637.10361	0
3920	133.44188	903.98737	772.9865	-517.49412	-324.65433	839.70744	-577.7057	-1960.13103	-1880.39137	-125.30518	585.02873	722.53896	0
3921	135.88289	991.05006	854.3535	-563.87331	-372.66086	923.51545	-691.6195	-2126.11971	-1982.91379	-64.27993	631.40792	798.21027	0
3922	135.88289	1034.17457	895.037	-586.65607	-397.88463	965.82629	-791.70091	-2224.57378	-2039.87069	-8.95037	662.32738	839.70744	0
3923	131.00087	1010.57814	876.32259	-573.63735	-387.30692	944.67087	-851.91249	-2235.15149	-2030.10665	18.71441	659.88637	828.31606	0
3924	113.9138	880.39094	763.22246	-500.40705	-335.23204	822.62037	-864.11754	-2155.41183	-1927.58423	17.08707	592.35176	754.27209	0
3925	82.18067	638.73095	554.10927	-362.08315	-241.65999	597.23378	-838.0801	-2013.01958	-1758.34087	-26.03744	447.5185	620.01654	0
3926	45.56552	323.84066	278.27514	-184.70309	-118.79582	302.68524	-792.51458	-1843.77622	-1584.21549	-136.69656	227.01393	438.56813	0
3927	17.08707	4.06835	-9.76404	-8.95037	12.20505	-0.81367	-749.39007	-1672.09185	-1458.91031	-324.65433	-38.24249	240.03265	0
3928	-1.62734	-257.11972	-250.61036	131.00087	123.67784	-253.05137	-719.28428	-1509.35785	-1392.18937	-564.68698	-286.41184	63.46626	0
3929	-20.34175	-438.56813	-413.34436	231.08228	192.83979	-422.29473	-704.63822	-1356.38789	-1365.33826	-802.27862	-467.04658	-63.46626	0
3930	-37.42882	-551.66826	-506.10274	298.61689	225.38659	-518.30779	-694.87418	-1209.92729	-1346.62385	-984.5407	-577.7057	-141.57858	0
3931	-48.8202	-611.87984	-550.04092	336.85938	240.03265	-567.12799	-673.71876	-1056.95733	-1299.43099	-1078.11275	-626.5259	-179.82107	0
3932	-52.07488	-623.27122	-562.24597	342.55507	246.54201	-580.14671	-627.33957	-884.45929	-1197.72224	-1074.0444	-614.32085	-186.33043	0
3933	-49.63387	-598.86112	-546.78624	323.84066	249.79669	-564.68698	-552.48193	-694.87418	-1043.12494	-991.05006	-555.73661	-170.05703	0
3934	-44.75185	-558.17762	-515.86678	298.61689	248.98302	-532.95385	-462.16456	-511.79843	-864.11754	-864.11754	-480.0653	-146.4606	0
3935	-34.98781	-518.30779	-485.76099	275.02046	243.28733	-499.59338	-374.2882	-360.45581	-692.43317	-730.67566	-410.90335	-130.1872	0
3936	-24.4101	-484.13365	-460.53722	254.67871	233.52329	-468.67392	-300.24423	-251.42403	-545.1589	-609.43883	-355.57379	-126.11885	0
3937	-17.90074	-458.09621	-438.56813	239.21898	220.50457	-440.19547	-242.47366	-177.38006	-422.29473	-506.91641	-315.70396	-126.11885	0
3938	-11.39138	-436.12712	-420.66739	225.38659	209.92686	-418.22638	-195.2808	-126.11885	-315.70396	-419.04005	-288.85285	-123.67784	0
3939	-5.69569	-414.9717	-404.39399	211.5542	200.97649	-400.32564	-154.5973	-90.31737	-223.75925	-342.55507	-266.88376	-121.23683	0
3940	0	-388.12059	-384.05224	195.2808	191.21245	-379.98389	-117.16848	-64.27993	-142.39225	-275.02046	-241.65999	-117.98215	0
3941	8.95037	-351.50544	-358.0148	171.68437	182.26208	-351.50544	-79.73966	-39.05616	-69.97562	-213.18154	-209.92686	-110.65912	0
3942	18.71441	-308.38093	-327.90901	144.01959	172.49804	-316.51763	-41.49717	-6.50936	-4.88202	-155.41097	-170.8707	-95.19939	0
3943	22.78276	-267.69743	-292.9212	119.60949	157.03831	-279.08881	-3.25468	34.98781	49.63387	-100.89508	-131.00087	-75.67131	0
3944	21.15542	-231.89595	-253.05137	104.14976	134.25555	-242.47366	27.66478	81.367	94.38572	-56.14323	-100.08141	-60.21158	0
3945	15.45973	-203.4175	-212.36787	97.6404	105.7771	-206.67218	48.00653	121.23683	126.11885	-24.4101	-75.67131	-46.37919	0
3946	7.32303	-179.82107	-176.56639	93.57205	80.55333	-175.75272	61.02525	153.78363	148.08794	-1.62734	-55.32956	-31.73313	0
3947	-3.25468	-157.03831	-147.27427	86.24902	60.21158	-151.34262	68.34828	176.56639	164.36134	15.45973	-40.6835	-20.34175	0
3948	-13.83239	-138.3239	-126.11885	76.48498	45.56552	-131.81454	73.2303	191.21245	178.19373	28.47845	-32.5468	-17.90074	0
3949	-21.15542	-127.74619	-113.9138	71.60296	38.24249	-118.79582	78.11232	199.34915	192.02612	36.61515	-35.80148	-24.4101	0
3950	-24.4101	-126.11885	-108.21811	72.41663	35.80148	-113.9138	87.06269	204.23117	207.48585	43.12451	-43.93818	-36.61515	0
3951	-26.85111	-130.1872	-107.40444	77.29865	35.80148	-115.54114	100.08141	205.85851	223.75925	50.44754	-48.00653	-48.00653	0
3952	-26.85111	-132.62821	-104.96343	79.73966	34.98781	-115.54114	114.72747	206.67218	238.40531	56.14323	-42.31084	-52.88855	0
3953	-23.59643	-126.93252	-100.08141	75.67131	34.98781	-111.47279	125.30518	206.67218	240.84632	56.14323	-29.29212	-48.8202	0
3954	-15.45973	-115.54114	-97.6404	65.0936	38.24249	-104.96343	130.1872	204.23117	230.26861	50.44754	-17.08707	-40.6835	0
3955	0	-102.52242	-100.89508	51.26121	48.00653	-100.89508	128.55986	200.97649	213.99521	46.37919	-4.88202	-30.10579	0
3956	22.78276	-91.13104	-113.10013	37.42882	65.90727	-100.89508	119.60949	202.60383	200.97649	48.00653	3.25468	-20.34175	0
3957	43.93818	-83.80801	-124.49151	27.66478	82.99434	-103.33609	110.65912	210.74053	196.90814	56.14323	3.25468	-12.20505	0
3958	54.51589	-79.73966	-130.1872	21.96909	92.75838	-104.14976	109.03178	219.6909	199.34915	69.16195	-8.1367	-8.1367	0
3959	56.9569	-77.29865	-129.37353	17.08707	93.57205	-102.52242	118.79582	225.38659	202.60383	79.73966	-28.47845	-5.69569	0
3960	56.9569	-71.60296	-124.49151	12.20505	90.31737	-96.82673	134.25555	218.06356	200.16282	83.80801	-48.00653	-3.25468	0
3961	52.07488	-72.41663	-115.54114	8.95037	79.73966	-93.57205	145.64693	192.83979	191.21245	79.73966	-57.77057	-2.44101	0
3962	49.63387	-85.43535	-112.28646	6.50936	69.97562	-98.45407	148.90161	167.61602	187.1441	70.78929	-53.70222	-6.50936	0
3963	50.44754	-93.57205	-114.72747	4.06835	65.0936	-103.33609	148.90161	163.54767	197.72181	59.39791	-36.61515	-13.01872	0
3964	48.00653	-88.69003	-115.54114	4.88202	60.21158	-100.89508	143.20592	181.44841	219.6909	49.63387	-19.52808	-16.2734	0
3965	34.98781	-83.80801	-112.28646	10.57771	51.26121	-94.38572	135.88289	206.67218	240.84632	46.37919	-4.06835	-12.20505	0
3966	17.90074	-81.367	-100.89508	15.45973	40.6835	-85.43535	129.37353	227.8276	257.11972	52.88855	12.20505	-1.62734	0
3967	8.1367	-75.67131	-82.99434	17.08707	31.73313	-75.67131	126.93252	240.84632	270.95211	68.34828	29.29212	11.39138	0
3968	8.95037	-66.72094	-63.46626	16.2734	24.4101	-68.34828	129.37353	248.98302	281.52982	87.06269	41.49717	21.96909	0
3969	13.01872	-56.9569	-51.26121	14.64606	21.15542	-60.21158	135.88289	255.49238	288.85285	104.96343	45.56552	30.10579	0
3970	15.45973	-50.44754	-49.63387	14.64606	24.4101	-56.14323	141.57858	257.11972	294.54854	115.54114	40.6835	31.73313	0
3971	17.08707	-50.44754	-56.9569	15.45973	32.5468	-57.77057	143.20592	254.67871	296.17588	118.79582	33.36047	28.47845	0
3972	12.20505	-59.39791	-65.90727	18.71441	37.42882	-63.46626	143.20592	250.61036	292.10753	115.54114	26.85111	22.78276	0
3973	-1.62734	-71.60296	-70.78929	23.59643	33.36047	-69.97562	142.39225	248.16935	283.97083	109.84545	23.59643	19.52808	0
3974	-14.64606	-77.29865	-71.60296	29.29212	23.59643	-71.60296	142.39225	250.61036	279.90248	104.96343	23.59643	19.52808	0
3975	-17.90074	-71.60296	-66.72094	32.5468	17.08707	-65.90727	141.57858	257.93339	284.7845	104.14976	27.66478	21.96909	0
3976	-10.57771	-61.02525	-60.21158	28.47845	18.71441	-57.77057	139.95124	267.69743	294.54854	108.21811	32.5468	25.22377	0
3977	0	-51.26121	-54.51589	21.15542	23.59643	-49.63387	135.88289	276.6478	307.56726	118.79582	33.36047	26.85111	0
3978	8.95037	-46.37919	-51.26121	11.39138	29.29212	-45.56552	129.37353	283.15716	318.95864	129.37353	26.03744	24.4101	0
3979	17.08707	-44.75185	-54.51589	4.88202	39.86983	-46.37919	119.60949	284.7845	326.28167	135.06922	13.83239	16.2734	0
3980	20.34175	-42.31084	-56.14323	4.06835	51.26121	-46.37919	109.84545	288.03918	331.16369	138.3239	3.25468	8.1367	0
3981	18.71441	-39.05616	-54.51589	5.69569	53.70222	-44.75185	105.7771	294.54854	336.85938	141.57858	-3.25468	3.25468	0
3982	17.90074	-40.6835	-59.39791	8.1367	53.70222	-48.00653	106.59077	301.87157	339.30039	140.76491	-7.32303	0	0
3983	21.96909	-45.56552	-65.90727	8.1367	55.32956	-56.14323	109.84545	306.75359	335.23204	136.69656	-10.57771	0	0
3984	28.47845	-52.07488	-68.34828	6.50936	57.77057	-63.46626	115.54114	307.56726	323.02699	126.93252	-13.01872	0	0
3985	30.91946	-58.58424	-60.21158	4.06835	52.88855	-65.90727	122.86417	307.56726	307.56726	117.16848	-13.01872	4.06835	0
3986	26.03744	-52.07488	-41.49717	1.62734	39.86983	-60.21158	130.1872	311.63561	294.54854	113.9138	-3.25468	17.08707	0
3987	25.22377	-32.5468	-26.03744	-4.06835	30.10579	-50.44754	135.06922	316.51763	287.22551	117.16848	12.20505	35.80148	0
3988	34.17414	-11.39138	-24.4101	-17.08707	32.5468	-39.05616	136.69656	310.82194	286.41184	122.0505	26.03744	48.00653	0
3989	41.49717	2.44101	-30.91946	-27.66478	40.6835	-28.47845	137.51023	299.43056	290.48019	128.55986	34.17414	50.44754	0
3990	47.19286	15.45973	-33.36047	-36.61515	44.75185	-17.08707	140.76491	290.48019	295.36221	132.62821	32.5468	46.37919	0
3991	50.44754	28.47845	-27.66478	-43.12451	42.31084	-2.44101	145.64693	291.29386	299.43056	127.74619	21.15542	35.80148	0
3992	49.63387	34.98781	-21.96909	-45.56552	38.24249	6.50936	146.4606	301.0579	301.0579	115.54114	4.88202	21.96909	0
3993	49.63387	35.80148	-20.34175	-45.56552	35.80148	12.20505	142.39225	316.51763	301.87157	101.70875	-6.50936	12.20505	0
3994	51.26121	38.24249	-16.2734	-47.19286	33.36047	17.08707	137.51023	333.6047	304.31258	98.45407	-5.69569	13.01872	0
3995	51.26121	43.12451	-10.57771	-48.8202	29.29212	21.15542	135.06922	348.25076	310.82194	108.21811	5.69569	21.96909	0
3996	48.8202	48.8202	0.81367	-48.8202	21.96909	29.29212	135.88289	362.89682	319.77231	126.11885	22.78276	35.80148	0
3997	46.37919	56.9569	8.95037	-48.00653	17.08707	40.6835	139.13757	375.10187	332.79103	148.90161	35.80148	52.07488	0
3998	52.07488	63.46626	0	-48.00653	25.22377	51.26121	139.95124	383.23857	344.18241	170.05703	40.6835	66.72094	0
3999	65.90727	65.0936	-15.45973	-53.70222	40.6835	58.58424	142.39225	392.18894	353.94645	183.07575	46.37919	74.04397	0
4000	68.34828	63.46626	-17.90074	-61.83892	43.12451	58.58424	152.15629	408.46234	365.33783	192.02612	60.21158	78.11232	0
4001	55.32956	60.21158	-4.06835	-69.16195	29.29212	55.32956	165.98868	427.17675	374.2882	194.46713	74.85764	85.43535	0
4002	40.6835	61.02525	8.1367	-70.78929	19.52808	51.26121	174.93905	439.3818	380.79756	191.21245	86.24902	89.5037	0
4003	22.78276	60.21158	15.45973	-56.14323	12.20505	45.56552	176.56639	442.63648	385.67958	185.51676	91.13104	85.43535	0
4004	0	52.07488	26.03744	-38.24249	-1.62734	40.6835	168.42969	441.00914	383.23857	174.93905	87.06269	77.29865	0
4005	-17.90074	47.19286	44.75185	-28.47845	-22.78276	42.31084	155.41097	438.56813	370.21985	162.734	79.73966	69.97562	0
4006	-30.10579	54.51589	72.41663	-25.22377	-46.37919	52.88855	143.20592	438.56813	352.31911	153.78363	78.11232	65.90727	0
4007	-30.10579	70.78929	97.6404	-29.29212	-61.83892	74.04397	137.51023	446.70483	340.92773	152.96996	83.80801	72.41663	0
4008	-14.64606	88.69003	113.10013	-42.31084	-65.90727	96.01306	135.88289	460.53722	338.48672	159.47932	91.94471	86.24902	0
4009	9.76404	108.21811	119.60949	-64.27993	-59.39791	108.21811	139.13757	475.99695	340.11406	168.42969	99.26774	100.08141	0
4010	30.91946	131.81454	116.35481	-91.13104	-43.93818	115.54114	144.83326	485.76099	342.55507	173.31171	104.96343	111.47279	0
4011	44.75185	153.78363	111.47279	-111.47279	-29.29212	125.30518	148.90161	488.202	343.36874	174.12538	102.52242	120.42316	0
4012	49.63387	169.24336	113.9138	-119.60949	-26.85111	137.51023	151.34262	484.94732	340.92773	173.31171	90.31737	125.30518	0
4013	49.63387	180.63474	122.0505	-120.42316	-31.73313	152.96996	152.15629	478.43796	340.11406	173.31171	74.85764	128.55986	0
4014	48.8202	195.2808	135.06922	-118.79582	-40.6835	174.93905	150.52895	472.74227	336.04571	173.31171	65.0936	134.25555	0
4015	48.8202	212.36787	151.34262	-118.79582	-51.26121	196.09447	144.83326	470.30126	328.72268	167.61602	67.53461	140.76491	0
4016	47.19286	223.75925	166.80235	-118.79582	-59.39791	208.29952	135.88289	473.55594	320.58598	157.85198	82.99434	146.4606	0
4017	41.49717	230.26861	174.93905	-119.60949	-62.65259	213.99521	126.93252	481.69264	318.14497	151.34262	104.14976	150.52895	0
4018	33.36047	232.70962	180.63474	-119.60949	-68.34828	218.06356	121.23683	492.27035	322.21332	151.34262	119.60949	155.41097	0
4019	24.4101	232.70962	189.58511	-118.79582	-77.29865	221.31824	114.72747	500.40705	324.65433	153.78363	126.11885	159.47932	0
4020	16.2734	231.89595	201.79016	-117.98215	-89.5037	223.75925	106.59077	504.4754	319.77231	154.5973	125.30518	159.47932	0
4021	11.39138	237.59164	218.06356	-122.0505	-101.70875	231.08228	100.08141	506.10274	307.56726	150.52895	122.0505	157.85198	0
4022	13.01872	256.30605	237.59164	-135.06922	-110.65912	248.16935	96.01306	504.4754	290.48019	141.57858	118.79582	160.29299	0
4023	23.59643	286.41184	260.3744	-157.03831	-117.98215	273.39312	92.75838	497.96604	268.5111	132.62821	113.10013	167.61602	0
4024	35.80148	320.58598	279.90248	-179.82107	-122.86417	298.61689	85.43535	480.87897	240.03265	117.98215	109.84545	175.75272	0
4025	43.12451	349.06443	295.36221	-193.65346	-127.74619	318.14497	74.85764	452.40052	207.48585	98.45407	111.47279	181.44841	0
4026	48.8202	366.96517	309.1946	-203.4175	-131.81454	334.41837	65.0936	420.66739	180.63474	81.367	114.72747	187.1441	0
4027	57.77057	374.2882	323.02699	-215.62255	-131.00087	347.43709	58.58424	395.44362	166.80235	76.48498	122.86417	196.09447	0
4028	68.34828	375.91554	334.41837	-224.57292	-125.30518	352.31911	56.9569	384.86591	166.80235	81.367	135.06922	207.48585	0
4029	65.0936	373.47453	336.04571	-220.50457	-124.49151	347.43709	61.02525	388.12059	171.68437	90.31737	144.83326	216.43622	0
4030	42.31084	364.52416	331.97736	-202.60383	-136.69656	336.04571	65.0936	395.44362	170.05703	94.38572	148.90161	217.24989	0
4031	14.64606	349.06443	328.72268	-187.1441	-151.34262	324.65433	67.53461	400.32564	157.85198	90.31737	147.27427	213.99521	0
4032	-2.44101	335.23204	327.09534	-178.19373	-161.92033	320.58598	66.72094	399.51197	136.69656	78.11232	140.76491	210.74053	0
4033	-3.25468	332.79103	327.90901	-179.0074	-165.98868	323.84066	61.02525	390.5616	109.03178	61.83892	131.00087	211.5542	0
4034	6.50936	337.67305	332.79103	-190.39878	-167.61602	334.41837	48.8202	371.84719	77.29865	46.37919	126.11885	218.06356	0
4035	17.90074	348.25076	344.99608	-201.79016	-170.8707	353.13278	33.36047	344.18241	44.75185	34.98781	124.49151	222.13191	0
4036	21.96909	365.33783	359.64214	-213.18154	-174.12538	371.03352	17.90074	310.82194	11.39138	28.47845	123.67784	220.50457	0
4037	21.15542	388.93426	373.47453	-222.94558	-180.63474	384.05224	5.69569	275.83413	-19.52808	23.59643	126.11885	213.99521	0
4038	20.34175	410.08968	387.30692	-229.45494	-188.77144	397.07096	-1.62734	246.54201	-45.56552	18.71441	131.00087	205.04484	0
4039	21.15542	427.17675	400.32564	-231.08228	-195.2808	410.90335	-4.06835	229.45494	-61.02525	12.20505	132.62821	200.16282	0
4040	27.66478	442.63648	410.08968	-231.08228	-196.09447	423.92207	-2.44101	222.13191	-65.90727	4.06835	131.81454	203.4175	0
4041	37.42882	454.84153	411.71702	-230.26861	-190.39878	430.43143	-2.44101	213.18154	-73.2303	-5.69569	128.55986	209.92686	0
4042	39.86983	455.6552	406.835	-227.8276	-183.07575	427.17675	-8.95037	196.90814	-90.31737	-23.59643	122.0505	212.36787	0
4043	38.24249	449.14584	401.13931	-227.01393	-179.82107	420.66739	-19.52808	174.93905	-117.16848	-48.00653	113.10013	211.5542	0
4044	31.73313	440.19547	400.32564	-229.45494	-180.63474	416.59904	-32.5468	148.08794	-150.52895	-74.04397	104.96343	209.92686	0
4045	19.52808	427.17675	401.13931	-231.89595	-186.33043	412.53069	-43.12451	113.10013	-184.70309	-95.19939	96.82673	209.92686	0
4046	11.39138	414.9717	400.32564	-231.08228	-191.21245	407.64867	-48.8202	70.78929	-212.36787	-107.40444	89.5037	209.92686	0
4047	8.95037	410.08968	397.07096	-225.38659	-192.02612	404.39399	-51.26121	26.85111	-231.89595	-109.03178	85.43535	211.5542	0
4048	4.88202	406.835	389.74793	-218.06356	-193.65346	399.51197	-52.07488	-8.1367	-247.35568	-104.14976	83.80801	212.36787	0
4049	-1.62734	394.62995	379.17022	-206.67218	-193.65346	387.30692	-54.51589	-26.85111	-258.74706	-96.82673	82.18067	207.48585	0
4050	-11.39138	373.47453	370.21985	-187.1441	-194.46713	372.66086	-56.14323	-30.91946	-265.25642	-92.75838	80.55333	199.34915	0
4051	-22.78276	349.8781	367.77884	-166.80235	-200.16282	358.82847	-56.9569	-28.47845	-268.5111	-89.5037	78.92599	192.83979	0
4052	-33.36047	326.28167	364.52416	-146.4606	-207.48585	343.36874	-56.14323	-31.73313	-269.32477	-87.87636	75.67131	187.95777	0
4053	-40.6835	307.56726	352.31911	-128.55986	-206.67218	323.84066	-55.32956	-43.93818	-269.32477	-90.31737	67.53461	182.26208	0
4054	-34.17414	295.36221	328.72268	-117.98215	-190.39878	303.49891	-52.07488	-58.58424	-269.32477	-96.82673	58.58424	176.56639	0
4055	-13.01872	290.48019	300.24423	-114.72747	-162.734	288.03918	-47.19286	-67.53461	-269.32477	-102.52242	52.07488	173.31171	0
4056	4.06835	283.97083	275.83413	-116.35481	-139.13757	275.83413	-41.49717	-74.04397	-269.32477	-107.40444	48.00653	169.24336	0
4057	10.57771	269.32477	257.93339	-117.98215	-124.49151	262.81541	-36.61515	-82.18067	-266.88376	-109.03178	42.31084	161.10666	0
4058	6.50936	246.54201	242.47366	-113.10013	-117.16848	244.101	-30.91946	-86.24902	-259.56073	-105.7771	32.5468	146.4606	0
4059	-3.25468	219.6909	224.57292	-100.08141	-113.10013	223.75925	-24.4101	-86.24902	-240.03265	-94.38572	25.22377	131.81454	0
4060	-12.20505	200.16282	205.85851	-89.5037	-106.59077	205.04484	-17.90074	-82.99434	-212.36787	-76.48498	21.96909	120.42316	0
4061	-12.20505	188.77144	184.70309	-87.06269	-94.38572	187.1441	-12.20505	-76.48498	-182.26208	-55.32956	23.59643	114.72747	0
4062	-4.06835	180.63474	166.80235	-90.31737	-79.73966	170.05703	-8.1367	-68.34828	-153.78363	-34.17414	21.96909	110.65912	0
4063	0	170.8707	155.41097	-89.5037	-73.2303	157.03831	-7.32303	-62.65259	-132.62821	-17.08707	17.08707	104.14976	0
4064	-1.62734	156.22464	148.90161	-83.80801	-73.2303	147.27427	-12.20505	-61.83892	-120.42316	-7.32303	12.20505	99.26774	0
4065	-4.88202	140.76491	140.76491	-77.29865	-72.41663	136.69656	-21.15542	-63.46626	-115.54114	-4.88202	8.95037	94.38572	0
4066	0	126.11885	125.30518	-73.2303	-69.97562	124.49151	-27.66478	-67.53461	-113.9138	-7.32303	4.06835	87.06269	0
4067	8.95037	112.28646	104.96343	-68.34828	-69.97562	109.03178	-30.91946	-70.78929	-113.10013	-11.39138	-3.25468	77.29865	0
4068	13.83239	98.45407	90.31737	-61.83892	-65.90727	91.13104	-31.73313	-74.85764	-112.28646	-17.90074	-13.83239	63.46626	0
4069	14.64606	88.69003	82.18067	-54.51589	-55.32956	72.41663	-29.29212	-81.367	-108.21811	-23.59643	-24.4101	45.56552	0
4070	13.83239	80.55333	74.04397	-48.8202	-48.00653	60.21158	-23.59643	-79.73966	-94.38572	-22.78276	-28.47845	28.47845	0
4071	17.08707	73.2303	67.53461	-48.8202	-43.93818	53.70222	-17.08707	-65.90727	-69.97562	-14.64606	-26.03744	18.71441	0
4072	17.90074	61.02525	62.65259	-49.63387	-37.42882	48.00653	-11.39138	-49.63387	-45.56552	-3.25468	-23.59643	14.64606	0
4073	9.76404	44.75185	58.58424	-41.49717	-26.03744	40.6835	-8.1367	-37.42882	-29.29212	6.50936	-25.22377	14.64606	0
4074	-3.25468	25.22377	48.00653	-22.78276	-19.52808	30.10579	-5.69569	-30.10579	-21.96909	13.01872	-24.4101	17.08707	0
4075	-21.15542	4.06835	29.29212	-1.62734	-17.90074	9.76404	-4.06835	-26.85111	-21.15542	16.2734	-22.78276	20.34175	0
4076	-39.05616	-13.83239	9.76404	13.01872	-18.71441	-13.01872	-2.44101	-27.66478	-23.59643	16.2734	-26.85111	21.96909	0
4077	-44.75185	-28.47845	-8.1367	22.78276	-13.83239	-30.91946	-0.81367	-31.73313	-23.59643	21.15542	-34.17414	24.4101	0
4078	-34.98781	-35.80148	-20.34175	24.4101	-4.06835	-38.24249	0	-30.10579	-17.90074	32.5468	-44.75185	30.10579	0
4079	-24.4101	-38.24249	-26.03744	25.22377	1.62734	-38.24249	-1.62734	-21.15542	-6.50936	45.56552	-53.70222	35.80148	0
4080	-18.71441	-38.24249	-25.22377	26.03744	2.44101	-34.17414	-1.62734	-10.57771	8.1367	52.88855	-56.14323	36.61515	0
4081	-15.45973	-35.80148	-21.96909	27.66478	2.44101	-27.66478	0.81367	-1.62734	23.59643	51.26121	-45.56552	33.36047	0
4082	-15.45973	-37.42882	-21.96909	29.29212	3.25468	-21.96909	5.69569	-4.06835	33.36047	42.31084	-31.73313	26.85111	0
4083	-15.45973	-42.31084	-25.22377	30.91946	4.88202	-22.78276	10.57771	-21.96909	34.17414	32.5468	-21.15542	18.71441	0
4084	-13.01872	-49.63387	-34.98781	32.5468	9.76404	-33.36047	13.01872	-45.56552	30.91946	26.85111	-18.71441	12.20505	0
4085	-7.32303	-61.83892	-53.70222	34.98781	21.96909	-52.07488	12.20505	-56.9569	30.10579	25.22377	-19.52808	9.76404	0
4086	-2.44101	-76.48498	-70.78929	39.86983	31.73313	-71.60296	12.20505	-48.00653	39.05616	29.29212	-19.52808	12.20505	0
4087	-4.06835	-91.13104	-74.85764	48.00653	33.36047	-84.62168	12.20505	-25.22377	54.51589	34.98781	-15.45973	16.2734	0
4088	-13.83239	-99.26774	-68.34828	56.9569	25.22377	-85.43535	12.20505	-3.25468	69.97562	39.05616	-8.1367	16.2734	0
4089	-25.22377	-99.26774	-58.58424	62.65259	15.45973	-78.11232	12.20505	13.01872	81.367	40.6835	-5.69569	14.64606	0
4090	-36.61515	-96.01306	-50.44754	66.72094	5.69569	-73.2303	10.57771	26.85111	85.43535	34.98781	-8.1367	13.83239	0
4091	-46.37919	-92.75838	-43.93818	73.2303	-2.44101	-69.97562	8.1367	34.17414	80.55333	22.78276	-14.64606	10.57771	0
4092	-50.44754	-91.94471	-38.24249	78.11232	-9.76404	-68.34828	6.50936	33.36047	69.16195	9.76404	-26.03744	2.44101	0
4093	-48.8202	-90.31737	-36.61515	79.73966	-11.39138	-66.72094	6.50936	24.4101	56.9569	1.62734	-36.61515	-6.50936	0
4094	-44.75185	-81.367	-32.5468	77.29865	-10.57771	-59.39791	8.1367	13.01872	48.8202	4.88202	-39.86983	-13.01872	0
4095	-40.6835	-70.78929	-26.85111	70.78929	-10.57771	-49.63387	7.32303	4.06835	48.8202	14.64606	-35.80148	-8.95037	0
4096	-36.61515	-67.53461	-29.29212	64.27993	-5.69569	-48.00653	7.32303	0	48.00653	23.59643	-32.5468	-1.62734	0
4097	-30.10579	-69.97562	-44.75185	53.70222	9.76404	-56.9569	7.32303	0	46.37919	30.10579	-29.29212	0.81367	0
4098	-23.59643	-74.04397	-69.16195	40.6835	33.36047	-70.78929	9.76404	1.62734	48.00653	38.24249	-22.78276	1.62734	0
4099	-16.2734	-82.18067	-91.13104	34.98781	52.88855	-86.24902	15.45973	8.1367	56.14323	44.75185	-18.71441	4.06835	0
4100	-14.64606	-98.45407	-104.96343	39.05616	57.77057	-100.89508	19.52808	15.45973	69.97562	49.63387	-20.34175	3.25468	0
4101	-18.71441	-115.54114	-111.47279	45.56552	54.51589	-113.9138	21.96909	20.34175	91.13104	54.51589	-25.22377	0.81367	0
4102	-22.78276	-125.30518	-113.10013	53.70222	50.44754	-119.60949	21.96909	21.96909	111.47279	56.9569	-30.91946	-4.06835	0
4103	-23.59643	-126.93252	-112.28646	63.46626	48.00653	-119.60949	20.34175	17.90074	126.93252	52.88855	-36.61515	-11.39138	0
4104	-20.34175	-124.49151	-109.84545	69.97562	46.37919	-117.98215	13.83239	12.20505	130.1872	44.75185	-45.56552	-17.08707	0
4105	-13.83239	-120.42316	-105.7771	72.41663	43.12451	-113.10013	4.88202	8.95037	125.30518	37.42882	-56.14323	-20.34175	0
4106	-10.57771	-114.72747	-96.01306	69.97562	39.05616	-105.7771	0	13.01872	117.98215	36.61515	-61.02525	-20.34175	0
4107	-11.39138	-106.59077	-82.18067	65.90727	34.98781	-97.6404	0	27.66478	117.16848	42.31084	-56.9569	-15.45973	0
4108	-13.83239	-95.19939	-69.97562	61.02525	30.10579	-91.94471	3.25468	48.00653	122.86417	50.44754	-47.19286	-8.95037	0
4109	-17.90074	-82.18067	-56.9569	55.32956	21.96909	-83.80801	7.32303	68.34828	130.1872	58.58424	-40.6835	-4.88202	0
4110	-30.91946	-78.92599	-44.75185	57.77057	8.95037	-74.85764	11.39138	79.73966	139.13757	60.21158	-39.86983	-4.06835	0
4111	-51.26121	-91.94471	-40.6835	72.41663	-3.25468	-71.60296	14.64606	79.73966	148.90161	54.51589	-48.00653	-10.57771	0
4112	-69.16195	-112.28646	-44.75185	89.5037	-10.57771	-76.48498	17.08707	75.67131	156.22464	45.56552	-62.65259	-20.34175	0
4113	-70.78929	-122.0505	-53.70222	94.38572	-7.32303	-86.24902	21.15542	68.34828	156.22464	39.86983	-74.04397	-29.29212	0
4114	-51.26121	-116.35481	-66.72094	81.367	7.32303	-93.57205	25.22377	61.02525	151.34262	39.05616	-75.67131	-33.36047	0
4115	-22.78276	-99.26774	-81.367	57.77057	30.10579	-95.19939	28.47845	56.14323	140.76491	38.24249	-69.97562	-28.47845	0
4116	0	-82.99434	-94.38572	34.98781	51.26121	-93.57205	25.22377	50.44754	119.60949	31.73313	-67.53461	-22.78276	0
4117	10.57771	-78.11232	-103.33609	26.03744	63.46626	-93.57205	16.2734	42.31084	93.57205	20.34175	-72.41663	-24.4101	0
4118	7.32303	-84.62168	-104.96343	33.36047	61.83892	-97.6404	7.32303	38.24249	76.48498	12.20505	-81.367	-29.29212	0
4119	-9.76404	-95.19939	-98.45407	52.88855	48.00653	-101.70875	0.81367	39.86983	75.67131	10.57771	-87.87636	-30.91946	0
4120	-34.17414	-106.59077	-85.43535	74.04397	31.73313	-101.70875	0	44.75185	86.24902	15.45973	-88.69003	-31.73313	0
4121	-54.51589	-112.28646	-67.53461	86.24902	21.15542	-95.19939	7.32303	51.26121	102.52242	26.85111	-82.99434	-31.73313	0
4122	-61.02525	-109.03178	-55.32956	86.24902	16.2734	-86.24902	19.52808	56.9569	120.42316	37.42882	-77.29865	-32.5468	0
4123	-53.70222	-103.33609	-61.83892	74.04397	23.59643	-85.43535	30.91946	61.02525	131.81454	39.86983	-76.48498	-35.80148	0
4124	-42.31084	-99.26774	-81.367	56.14323	42.31084	-92.75838	37.42882	61.83892	131.00087	30.91946	-74.85764	-38.24249	0
4125	-33.36047	-96.01306	-96.82673	43.12451	55.32956	-100.08141	38.24249	61.02525	119.60949	18.71441	-71.60296	-41.49717	0
4126	-31.73313	-91.94471	-101.70875	36.61515	54.51589	-100.08141	34.98781	62.65259	108.21811	14.64606	-65.90727	-43.12451	0
4127	-30.91946	-87.06269	-97.6404	34.98781	43.93818	-91.94471	36.61515	67.53461	107.40444	21.15542	-52.88855	-39.05616	0
4128	-29.29212	-82.18067	-86.24902	39.05616	31.73313	-81.367	48.00653	73.2303	120.42316	35.80148	-36.61515	-31.73313	0
4129	-26.85111	-81.367	-74.85764	43.93818	22.78276	-74.04397	61.83892	76.48498	141.57858	50.44754	-23.59643	-26.03744	0
4130	-20.34175	-84.62168	-68.34828	48.00653	22.78276	-75.67131	69.97562	76.48498	159.47932	59.39791	-17.08707	-24.4101	0
4131	-14.64606	-91.13104	-72.41663	51.26121	29.29212	-83.80801	69.97562	71.60296	170.8707	60.21158	-21.96909	-23.59643	0
4132	-15.45973	-101.70875	-82.18067	56.9569	34.98781	-96.82673	63.46626	66.72094	174.93905	56.14323	-38.24249	-23.59643	0
4133	-21.96909	-115.54114	-95.19939	61.83892	38.24249	-111.47279	52.88855	63.46626	171.68437	50.44754	-59.39791	-23.59643	0
4134	-27.66478	-128.55986	-104.96343	65.0936	39.05616	-122.86417	42.31084	63.46626	160.29299	45.56552	-79.73966	-23.59643	0
4135	-26.85111	-131.81454	-109.84545	65.90727	40.6835	-126.11885	36.61515	65.90727	141.57858	44.75185	-96.01306	-21.96909	0
4136	-17.90074	-128.55986	-113.9138	64.27993	46.37919	-123.67784	36.61515	69.16195	122.86417	47.19286	-99.26774	-19.52808	0
4137	-6.50936	-122.0505	-116.35481	65.0936	53.70222	-119.60949	41.49717	71.60296	108.21811	46.37919	-87.87636	-15.45973	0
4138	-0.81367	-117.98215	-114.72747	65.90727	56.14323	-116.35481	46.37919	70.78929	104.14976	42.31084	-68.34828	-9.76404	0
4139	-0.81367	-118.79582	-113.9138	64.27993	56.14323	-115.54114	48.8202	70.78929	109.03178	41.49717	-50.44754	-2.44101	0
4140	-1.62734	-118.79582	-113.9138	62.65259	56.14323	-116.35481	48.00653	72.41663	116.35481	44.75185	-38.24249	0.81367	0
4141	-0.81367	-117.16848	-113.10013	62.65259	56.9569	-114.72747	45.56552	75.67131	122.0505	47.19286	-34.98781	0	0
4142	0.81367	-120.42316	-112.28646	63.46626	56.14323	-113.9138	41.49717	72.41663	122.0505	47.19286	-40.6835	-4.06835	0
4143	0.81367	-126.93252	-110.65912	66.72094	51.26121	-114.72747	35.80148	58.58424	114.72747	43.12451	-53.70222	-9.76404	0
4144	-1.62734	-128.55986	-107.40444	69.97562	45.56552	-113.9138	30.91946	40.6835	104.14976	36.61515	-65.0936	-13.01872	0
4145	-0.81367	-118.79582	-103.33609	63.46626	41.49717	-107.40444	30.91946	24.4101	98.45407	32.5468	-69.16195	-10.57771	0
4146	3.25468	-100.89508	-96.01306	51.26121	35.80148	-96.01306	36.61515	17.08707	103.33609	35.80148	-65.0936	-2.44101	0
4147	4.06835	-81.367	-83.80801	39.05616	27.66478	-78.92599	43.93818	24.4101	112.28646	45.56552	-53.70222	8.1367	0
4148	-3.25468	-66.72094	-70.78929	34.98781	17.90074	-61.83892	48.00653	40.6835	124.49151	56.14323	-42.31084	16.2734	0
4149	-18.71441	-69.16195	-58.58424	43.12451	11.39138	-52.88855	46.37919	56.14323	135.88289	60.21158	-35.80148	14.64606	0
4150	-33.36047	-85.43535	-50.44754	57.77057	10.57771	-54.51589	41.49717	67.53461	143.20592	55.32956	-42.31084	8.1367	0
4151	-42.31084	-101.70875	-54.51589	68.34828	13.01872	-64.27993	34.98781	73.2303	145.64693	48.8202	-56.14323	0.81367	0
4152	-45.56552	-113.9138	-71.60296	74.85764	16.2734	-79.73966	27.66478	76.48498	148.90161	48.00653	-65.90727	-2.44101	0
4153	-43.93818	-122.86417	-91.13104	78.11232	21.15542	-95.19939	22.78276	76.48498	153.78363	52.88855	-69.16195	-3.25468	0
4154	-38.24249	-125.30518	-104.96343	78.11232	26.03744	-104.96343	21.96909	71.60296	157.03831	58.58424	-68.34828	-2.44101	0
4155	-32.5468	-121.23683	-109.84545	74.85764	28.47845	-106.59077	21.96909	59.39791	154.5973	59.39791	-69.16195	-2.44101	0
4156	-29.29212	-113.10013	-103.33609	69.97562	26.03744	-100.08141	21.96909	43.93818	148.08794	52.88855	-73.2303	-4.06835	0
4157	-30.91946	-102.52242	-88.69003	65.0936	20.34175	-88.69003	21.96909	31.73313	144.01959	44.75185	-75.67131	-5.69569	0
4158	-34.17414	-93.57205	-72.41663	61.02525	15.45973	-78.92599	26.03744	30.10579	143.20592	39.86983	-72.41663	-5.69569	0
4159	-35.80148	-91.94471	-64.27993	60.21158	14.64606	-76.48498	34.17414	37.42882	148.08794	40.6835	-66.72094	-5.69569	0
4160	-35.80148	-100.08141	-66.72094	64.27993	18.71441	-82.18067	43.12451	45.56552	157.03831	39.86983	-65.0936	-6.50936	0
4161	-34.98781	-116.35481	-79.73966	72.41663	26.85111	-93.57205	49.63387	52.07488	162.734	35.80148	-65.90727	-9.76404	0
4162	-33.36047	-131.00087	-96.01306	79.73966	35.80148	-107.40444	52.07488	54.51589	163.54767	34.98781	-65.90727	-11.39138	0
4163	-30.10579	-140.76491	-109.84545	82.99434	42.31084	-119.60949	50.44754	52.07488	157.85198	37.42882	-62.65259	-10.57771	0
4164	-24.4101	-141.57858	-116.35481	82.99434	47.19286	-126.11885	46.37919	48.00653	144.01959	38.24249	-59.39791	-10.57771	0
4165	-15.45973	-131.81454	-116.35481	79.73966	50.44754	-122.86417	42.31084	43.93818	126.93252	39.05616	-57.77057	-8.1367	0
4166	-8.1367	-121.23683	-113.10013	71.60296	51.26121	-116.35481	39.05616	39.86983	113.9138	43.12451	-53.70222	0	0
4167	-10.57771	-114.72747	-109.84545	61.02525	48.8202	-111.47279	39.86983	38.24249	111.47279	48.00653	-48.00653	9.76404	0
4168	-20.34175	-108.21811	-106.59077	51.26121	43.12451	-104.14976	44.75185	39.05616	118.79582	52.88855	-46.37919	14.64606	0
4169	-21.96909	-100.08141	-103.33609	44.75185	40.6835	-96.82673	50.44754	38.24249	130.1872	56.9569	-48.8202	13.01872	0
4170	-8.95037	-87.06269	-100.89508	39.86983	46.37919	-90.31737	54.51589	37.42882	135.88289	55.32956	-52.07488	8.95037	0
4171	9.76404	-69.97562	-96.82673	37.42882	54.51589	-82.18067	59.39791	39.05616	133.44188	48.8202	-53.70222	2.44101	0
4172	17.90074	-62.65259	-91.13104	38.24249	56.14323	-76.48498	60.21158	39.05616	124.49151	42.31084	-57.77057	-8.1367	0
4173	9.76404	-68.34828	-87.06269	43.12451	51.26121	-74.85764	56.9569	39.05616	113.9138	39.05616	-60.21158	-17.90074	0
4174	-4.88202	-76.48498	-81.367	51.26121	42.31084	-71.60296	55.32956	37.42882	103.33609	43.93818	-56.9569	-21.15542	0
4175	-17.90074	-82.18067	-72.41663	58.58424	30.10579	-69.16195	53.70222	35.80148	96.01306	53.70222	-52.07488	-19.52808	0
4176	-25.22377	-83.80801	-61.83892	61.83892	18.71441	-66.72094	50.44754	36.61515	91.13104	61.02525	-48.00653	-16.2734	0
4177	-30.91946	-81.367	-52.88855	61.83892	10.57771	-64.27993	47.19286	35.80148	91.94471	60.21158	-41.49717	-12.20505	0
4178	-31.73313	-78.11232	-45.56552	58.58424	7.32303	-63.46626	43.93818	32.5468	93.57205	52.07488	-31.73313	-11.39138	0
4179	-18.71441	-67.53461	-43.93818	44.75185	10.57771	-60.21158	41.49717	29.29212	95.19939	44.75185	-22.78276	-13.01872	0
4180	7.32303	-50.44754	-50.44754	21.15542	17.90074	-56.9569	41.49717	28.47845	97.6404	43.12451	-17.08707	-17.08707	0
4181	28.47845	-37.42882	-61.83892	2.44101	29.29212	-55.32956	43.12451	29.29212	98.45407	44.75185	-13.83239	-22.78276	0
4182	39.86983	-30.91946	-69.16195	-6.50936	40.6835	-54.51589	45.56552	31.73313	98.45407	47.19286	-9.76404	-26.03744	0
4183	44.75185	-26.03744	-65.90727	-13.01872	43.93818	-48.8202	47.19286	34.17414	100.89508	51.26121	-2.44101	-23.59643	0
4184	40.6835	-26.85111	-50.44754	-12.20505	34.98781	-39.86983	49.63387	33.36047	103.33609	56.14323	6.50936	-18.71441	0
4185	26.03744	-30.10579	-30.91946	-4.88202	26.03744	-30.10579	52.88855	28.47845	104.14976	64.27993	17.90074	-12.20505	0
4186	9.76404	-31.73313	-17.90074	4.88202	19.52808	-23.59643	55.32956	16.2734	103.33609	74.85764	27.66478	-4.06835	0
4187	-4.88202	-28.47845	-14.64606	17.08707	12.20505	-21.15542	57.77057	0.81367	103.33609	83.80801	27.66478	0	0
4188	-12.20505	-23.59643	-15.45973	21.96909	8.1367	-16.2734	58.58424	-3.25468	103.33609	91.94471	16.2734	2.44101	0
4189	-4.88202	-13.01872	-16.2734	13.83239	10.57771	-8.95037	56.9569	2.44101	108.21811	101.70875	3.25468	5.69569	0
4190	8.95037	0	-14.64606	0	16.2734	-1.62734	55.32956	11.39138	115.54114	109.84545	-8.95037	7.32303	0
4191	23.59643	8.95037	-13.01872	-13.83239	25.22377	1.62734	52.07488	14.64606	122.0505	110.65912	-17.08707	5.69569	0
4192	32.5468	10.57771	-19.52808	-19.52808	32.5468	-0.81367	45.56552	13.01872	124.49151	101.70875	-13.01872	5.69569	0
4193	39.05616	8.1367	-32.5468	-21.96909	41.49717	-8.95037	30.91946	4.88202	119.60949	84.62168	0	8.95037	0
4194	43.12451	9.76404	-39.86983	-26.85111	47.19286	-13.01872	9.76404	-9.76404	107.40444	69.16195	11.39138	13.01872	0
4195	44.75185	18.71441	-30.10579	-30.91946	39.05616	-4.88202	-11.39138	-29.29212	95.19939	61.02525	19.52808	16.2734	0
4196	43.93818	39.86983	-1.62734	-38.24249	19.52808	18.71441	-26.03744	-44.75185	91.94471	65.0936	26.03744	19.52808	0
4197	38.24249	67.53461	34.98781	-50.44754	-3.25468	51.26121	-34.98781	-50.44754	99.26774	78.92599	30.91946	21.96909	0
4198	28.47845	91.13104	68.34828	-58.58424	-25.22377	79.73966	-40.6835	-49.63387	112.28646	96.01306	27.66478	22.78276	0
4199	19.52808	102.52242	89.5037	-61.02525	-38.24249	98.45407	-44.75185	-42.31084	125.30518	107.40444	21.15542	26.85111	0
4200	10.57771	98.45407	91.13104	-55.32956	-42.31084	105.7771	-45.56552	-26.85111	136.69656	114.72747	18.71441	29.29212	0
4201	4.88202	84.62168	79.73966	-46.37919	-37.42882	100.89508	-39.86983	-6.50936	143.20592	117.98215	19.52808	28.47845	0
4202	15.45973	79.73966	61.83892	-50.44754	-21.96909	84.62168	-32.5468	13.01872	146.4606	117.16848	17.90074	23.59643	0
4203	33.36047	79.73966	43.12451	-59.39791	-3.25468	68.34828	-23.59643	20.34175	141.57858	111.47279	13.83239	16.2734	0
4204	41.49717	66.72094	39.05616	-61.02525	6.50936	53.70222	-18.71441	5.69569	129.37353	100.89508	5.69569	6.50936	0
4205	40.6835	41.49717	51.26121	-56.14323	8.95037	45.56552	-18.71441	-21.15542	117.98215	91.13104	-1.62734	-1.62734	0
4206	31.73313	24.4101	62.65259	-46.37919	2.44101	42.31084	-19.52808	-42.31084	113.10013	85.43535	-6.50936	-4.06835	0
4207	21.96909	17.08707	54.51589	-34.17414	-0.81367	34.17414	-19.52808	-43.93818	112.28646	81.367	-5.69569	0	0
4208	17.08707	2.44101	28.47845	-18.71441	3.25468	13.83239	-16.2734	-30.10579	113.10013	78.11232	1.62734	8.1367	0
4209	14.64606	-22.78276	-7.32303	2.44101	10.57771	-15.45973	-9.76404	-13.01872	107.40444	75.67131	10.57771	17.90074	0
4210	16.2734	-49.63387	-47.19286	19.52808	22.78276	-48.8202	-5.69569	0	94.38572	69.16195	13.01872	24.4101	0
4211	19.52808	-70.78929	-84.62168	29.29212	39.86983	-77.29865	-2.44101	8.1367	82.18067	61.83892	11.39138	26.03744	0
4212	25.22377	-84.62168	-116.35481	31.73313	57.77057	-99.26774	-1.62734	9.76404	74.85764	56.9569	8.95037	23.59643	0
4213	33.36047	-93.57205	-139.13757	29.29212	73.2303	-113.9138	0	4.06835	69.97562	51.26121	4.06835	16.2734	0
4214	41.49717	-93.57205	-149.71528	23.59643	83.80801	-117.98215	1.62734	-4.88202	66.72094	44.75185	-3.25468	7.32303	0
4215	48.8202	-83.80801	-150.52895	15.45973	91.13104	-111.47279	4.88202	-17.90074	65.90727	39.86983	-10.57771	0.81367	0
4216	43.12451	-81.367	-141.57858	17.08707	94.38572	-104.14976	8.95037	-31.73313	64.27993	33.36047	-18.71441	-4.06835	0
4217	24.4101	-96.01306	-131.00087	34.17414	87.87636	-108.21811	10.57771	-41.49717	57.77057	21.15542	-30.10579	-13.01872	0
4218	3.25468	-119.60949	-127.74619	56.14323	71.60296	-120.42316	8.1367	-45.56552	48.8202	7.32303	-43.93818	-24.4101	0
4219	-11.39138	-141.57858	-127.74619	75.67131	54.51589	-133.44188	2.44101	-43.93818	41.49717	0	-56.14323	-37.42882	0
4220	-18.71441	-151.34262	-126.93252	88.69003	43.93818	-139.13757	-0.81367	-37.42882	36.61515	0	-62.65259	-45.56552	0
4221	-17.08707	-150.52895	-126.93252	94.38572	44.75185	-139.95124	0	-33.36047	31.73313	0.81367	-69.16195	-52.07488	0
4222	-17.08707	-148.08794	-126.93252	93.57205	48.00653	-139.13757	0.81367	-34.98781	26.85111	-0.81367	-78.11232	-60.21158	0
4223	-20.34175	-147.27427	-125.30518	91.94471	48.00653	-138.3239	4.88202	-39.05616	21.96909	-5.69569	-89.5037	-68.34828	0
4224	-21.96909	-144.83326	-122.86417	87.87636	48.00653	-135.88289	11.39138	-44.75185	14.64606	-10.57771	-99.26774	-74.04397	0
4225	-22.78276	-139.13757	-117.98215	86.24902	46.37919	-130.1872	17.90074	-48.8202	6.50936	-19.52808	-100.08141	-74.04397	0
4226	-21.96909	-131.81454	-110.65912	90.31737	43.93818	-122.0505	22.78276	-46.37919	3.25468	-30.10579	-90.31737	-64.27993	0
4227	-22.78276	-131.00087	-103.33609	95.19939	38.24249	-117.16848	28.47845	-37.42882	11.39138	-34.98781	-75.67131	-50.44754	0
4228	-26.03744	-139.13757	-100.89508	100.89508	31.73313	-119.60949	30.91946	-28.47845	29.29212	-30.91946	-65.0936	-40.6835	0
4229	-28.47845	-153.78363	-104.96343	105.7771	32.5468	-131.00087	30.10579	-25.22377	50.44754	-21.96909	-61.83892	-39.86983	0
4230	-29.29212	-170.05703	-116.35481	109.03178	43.12451	-148.90161	26.85111	-24.4101	65.90727	-12.20505	-62.65259	-44.75185	0
4231	-26.03744	-181.44841	-134.25555	112.28646	57.77057	-165.98868	23.59643	-18.71441	74.04397	-3.25468	-64.27993	-47.19286	0
4232	-17.90074	-176.56639	-145.64693	115.54114	69.16195	-168.42969	24.4101	-7.32303	76.48498	8.95037	-59.39791	-42.31084	0
4233	-17.90074	-161.10666	-136.69656	117.98215	63.46626	-154.5973	26.85111	0	75.67131	25.22377	-49.63387	-29.29212	0
4234	-31.73313	-149.71528	-117.16848	120.42316	44.75185	-136.69656	29.29212	0.81367	69.97562	35.80148	-42.31084	-17.90074	0
4235	-54.51589	-153.78363	-100.89508	125.30518	23.59643	-128.55986	30.10579	-5.69569	62.65259	35.80148	-42.31084	-14.64606	0
4236	-78.11232	-170.05703	-93.57205	135.88289	7.32303	-131.81454	26.85111	-19.52808	56.14323	27.66478	-51.26121	-21.96909	0
4237	-86.24902	-185.51676	-99.26774	139.95124	5.69569	-142.39225	21.15542	-31.73313	54.51589	15.45973	-61.83892	-34.17414	0
4238	-77.29865	-185.51676	-117.98215	133.44188	17.90074	-151.34262	19.52808	-32.5468	61.83892	6.50936	-64.27993	-45.56552	0
4239	-65.0936	-170.05703	-136.69656	124.49151	28.47845	-152.15629	25.22377	-23.59643	78.11232	3.25468	-61.83892	-48.8202	0
4240	-54.51589	-158.66565	-145.64693	115.54114	36.61515	-150.52895	34.17414	-15.45973	95.19939	0.81367	-63.46626	-49.63387	0
4241	-53.70222	-159.47932	-141.57858	112.28646	37.42882	-148.90161	41.49717	-8.1367	106.59077	-4.88202	-69.97562	-52.07488	0
4242	-61.83892	-168.42969	-131.00087	118.79582	30.91946	-149.71528	45.56552	-0.81367	115.54114	-10.57771	-74.85764	-56.14323	0
4243	-70.78929	-179.0074	-122.0505	128.55986	24.4101	-151.34262	50.44754	4.88202	118.79582	-13.01872	-74.04397	-61.02525	0
4244	-76.48498	-184.70309	-113.9138	135.06922	18.71441	-150.52895	52.88855	9.76404	104.14976	-15.45973	-69.97562	-65.0936	0
4245	-75.67131	-184.70309	-114.72747	136.69656	18.71441	-152.96996	52.88855	0.81367	65.90727	-15.45973	-65.0936	-63.46626	0
4246	-68.34828	-182.26208	-122.0505	135.06922	28.47845	-157.85198	46.37919	-32.5468	7.32303	-13.83239	-62.65259	-56.9569	0
4247	-57.77057	-179.82107	-122.86417	128.55986	39.05616	-156.22464	32.5468	-88.69003	-56.9569	-15.45973	-63.46626	-47.19286	0
4248	-49.63387	-173.31171	-115.54114	117.98215	42.31084	-145.64693	13.83239	-153.78363	-118.79582	-22.78276	-70.78929	-30.91946	0
4249	-48.8202	-159.47932	-101.70875	107.40444	34.98781	-131.00087	-9.76404	-227.01393	-183.88942	-35.80148	-81.367	-13.83239	0
4250	-52.07488	-139.13757	-76.48498	97.6404	16.2734	-107.40444	-39.05616	-309.1946	-268.5111	-53.70222	-88.69003	6.50936	0
4251	-52.88855	-105.7771	-39.05616	83.80801	-8.95037	-72.41663	-74.04397	-405.20766	-378.35655	-78.92599	-86.24902	39.86983	0
4252	-48.8202	-60.21158	2.44101	59.39791	-30.91946	-29.29212	-114.72747	-510.98476	-510.17109	-117.16848	-63.46626	87.06269	0
4253	-38.24249	-7.32303	40.6835	25.22377	-45.56552	15.45973	-156.22464	-620.01654	-651.74967	-166.80235	-18.71441	144.83326	0
4254	-25.22377	52.07488	82.99434	-13.01872	-58.58424	66.72094	-200.16282	-731.48933	-791.70091	-215.62255	39.86983	205.04484	0
4255	-13.83239	126.11885	140.76491	-56.9569	-80.55333	132.62821	-247.35568	-843.77579	-923.51545	-246.54201	107.40444	268.5111	0
4256	0	218.87723	218.87723	-110.65912	-110.65912	218.06356	-296.98955	-960.94427	-1055.32999	-253.05137	182.26208	339.30039	0
4257	18.71441	338.48672	319.77231	-181.44841	-150.52895	328.72268	-349.8781	-1100.89551	-1202.60426	-240.84632	259.56073	416.59904	0
4258	39.86983	486.57466	446.70483	-266.07009	-202.60383	466.23291	-405.20766	-1275.02089	-1374.28863	-218.06356	340.11406	497.15237	0
4259	66.72094	655.00435	588.28341	-363.71049	-259.56073	622.45755	-458.90988	-1473.55637	-1563.87374	-194.46713	424.73574	578.51937	0
4260	98.45407	810.41532	712.77492	-454.84153	-312.44928	761.59512	-515.86678	-1673.71919	-1737.99912	-171.68437	499.59338	649.30866	0
4261	122.86417	917.81976	799.02394	-518.30779	-357.20113	857.60818	-571.19634	-1847.84457	-1859.23595	-144.83326	546.78624	695.68785	0
4262	132.62821	975.59033	848.65781	-551.66826	-383.23857	910.49673	-611.06617	-1962.57204	-1926.77056	-119.60949	567.12799	718.47061	0
4263	122.86417	960.94427	841.33478	-541.09055	-379.98389	899.91902	-634.6626	-1990.23682	-1925.14322	-108.21811	546.78624	703.82455	0
4264	93.57205	841.33478	749.39007	-467.86025	-340.92773	794.14192	-635.47627	-1923.51588	-1833.19851	-113.10013	465.41924	634.6626	0
4265	50.44754	620.01654	568.75533	-336.85938	-266.07009	593.16543	-616.76186	-1782.75097	-1676.97387	-147.27427	317.3313	508.54375	0
4266	4.88202	334.41837	334.41837	-168.42969	-170.05703	333.6047	-593.9791	-1606.99825	-1509.35785	-234.33696	110.65912	341.7414	0
4267	-31.73313	38.24249	93.57205	4.88202	-74.04397	65.90727	-576.89203	-1441.82324	-1384.86634	-388.93426	-128.55986	161.92033	0
4268	-63.46626	-212.36787	-113.9138	152.15629	9.76404	-163.54767	-568.75533	-1315.70439	-1333.60513	-600.48846	-348.25076	-1.62734	0
4269	-95.19939	-386.49325	-272.57945	247.35568	76.48498	-329.53635	-563.87331	-1216.43665	-1330.35045	-817.73835	-502.84806	-123.67784	0
4270	-122.0505	-484.13365	-371.84719	296.17588	117.16848	-427.99042	-560.61863	-1110.65955	-1327.09577	-982.09969	-596.42011	-192.83979	0
4271	-131.00087	-527.25816	-421.48106	314.89029	139.95124	-475.18328	-555.73661	-977.21767	-1288.85328	-1062.65302	-640.35829	-217.24989	0
4272	-127.74619	-540.27688	-445.07749	322.21332	156.22464	-493.89769	-545.1589	-818.55202	-1202.60426	-1058.58467	-641.98563	-219.6909	0
4273	-122.0505	-539.46321	-454.84153	327.09534	165.98868	-498.77971	-517.49412	-648.49499	-1070.78972	-991.05006	-612.69351	-213.18154	0
4274	-109.03178	-532.14018	-457.28254	323.02699	174.12538	-496.3387	-465.41924	-482.50631	-904.80104	-886.9003	-560.61863	-198.53548	0
4275	-91.13104	-521.56247	-453.21419	310.82194	181.44841	-489.01567	-395.44362	-340.11406	-726.60731	-772.17283	-496.3387	-183.88942	0
4276	-74.04397	-506.10274	-441.82281	293.73487	184.70309	-475.18328	-320.58598	-229.45494	-556.55028	-659.0727	-432.87244	-171.68437	0
4277	-60.21158	-481.69264	-423.1084	271.76578	182.26208	-454.02786	-250.61036	-148.08794	-411.71702	-550.04092	-374.2882	-157.85198	0
4278	-49.63387	-456.46887	-403.58032	252.2377	177.38006	-431.2451	-194.46713	-89.5037	-300.24423	-450.77318	-327.09534	-141.57858	0
4279	-43.12451	-437.75446	-390.5616	238.40531	174.12538	-414.15803	-148.90161	-48.00653	-218.06356	-363.71049	-288.03918	-127.74619	0
4280	-43.12451	-424.73574	-378.35655	231.89595	168.42969	-401.95298	-109.84545	-18.71441	-152.15629	-288.85285	-252.2377	-117.16848	0
4281	-52.07488	-411.71702	-359.64214	229.45494	154.5973	-386.49325	-77.29865	-0.81367	-94.38572	-227.01393	-220.50457	-108.21811	0
4282	-64.27993	-397.07096	-336.04571	227.01393	136.69656	-367.77884	-49.63387	9.76404	-42.31084	-177.38006	-195.2808	-102.52242	0
4283	-71.60296	-375.91554	-308.38093	219.6909	118.79582	-344.18241	-22.78276	22.78276	4.06835	-132.62821	-171.68437	-93.57205	0
4284	-74.85764	-343.36874	-272.57945	205.04484	99.26774	-309.1946	4.88202	47.19286	48.00653	-91.13104	-150.52895	-80.55333	0
4285	-69.97562	-292.9212	-231.08228	178.19373	77.29865	-260.3744	37.42882	82.99434	91.94471	-47.19286	-126.93252	-63.46626	0
4286	-60.21158	-234.33696	-190.39878	144.83326	56.14323	-205.04484	69.16195	124.49151	138.3239	-3.25468	-97.6404	-43.12451	0
4287	-52.07488	-187.1441	-153.78363	117.16848	39.05616	-160.29299	90.31737	158.66565	179.0074	32.5468	-70.78929	-26.03744	0
4288	-42.31084	-158.66565	-131.00087	98.45407	34.98781	-136.69656	100.89508	182.26208	209.92686	59.39791	-56.9569	-21.96909	0
4289	-30.10579	-148.90161	-127.74619	87.06269	43.12451	-131.00087	102.52242	196.09447	231.08228	76.48498	-54.51589	-28.47845	0
4290	-17.90074	-148.90161	-135.88289	82.18067	56.14323	-136.69656	98.45407	201.79016	247.35568	87.06269	-56.14323	-36.61515	0
4291	-12.20505	-156.22464	-148.08794	80.55333	67.53461	-148.08794	91.94471	202.60383	256.30605	89.5037	-56.9569	-39.05616	0
4292	-14.64606	-168.42969	-157.85198	82.99434	73.2303	-161.10666	89.5037	200.16282	261.18807	87.06269	-60.21158	-36.61515	0
4293	-20.34175	-180.63474	-159.47932	87.06269	71.60296	-171.68437	95.19939	197.72181	264.44275	87.06269	-64.27993	-30.10579	0
4294	-27.66478	-187.95777	-152.96996	90.31737	61.83892	-178.19373	105.7771	196.90814	266.88376	91.13104	-62.65259	-21.96909	0
4295	-37.42882	-187.1441	-143.20592	96.01306	48.00653	-177.38006	113.10013	196.90814	264.44275	93.57205	-61.02525	-17.08707	0
4296	-49.63387	-183.88942	-131.81454	104.96343	30.91946	-170.8707	111.47279	195.2808	255.49238	88.69003	-64.27993	-21.15542	0
4297	-62.65259	-179.0074	-115.54114	114.72747	13.01872	-156.22464	104.96343	192.83979	244.101	85.43535	-69.16195	-28.47845	0
4298	-73.2303	-170.05703	-93.57205	123.67784	-2.44101	-137.51023	99.26774	192.83979	235.15063	87.06269	-73.2303	-32.5468	0
4299	-82.99434	-165.17501	-74.85764	131.81454	-14.64606	-122.0505	95.19939	194.46713	228.64127	92.75838	-76.48498	-32.5468	0
4300	-91.13104	-161.92033	-64.27993	134.25555	-17.90074	-113.9138	95.19939	192.83979	222.13191	97.6404	-77.29865	-34.17414	0
4301	-93.57205	-156.22464	-64.27993	127.74619	-12.20505	-110.65912	95.19939	184.70309	213.18154	97.6404	-75.67131	-37.42882	0
4302	-89.5037	-149.71528	-72.41663	117.16848	0	-110.65912	95.19939	174.12538	204.23117	89.5037	-73.2303	-39.86983	0
4303	-82.18067	-143.20592	-85.43535	107.40444	9.76404	-108.21811	95.19939	167.61602	197.72181	74.85764	-72.41663	-42.31084	0
4304	-72.41663	-133.44188	-96.82673	97.6404	16.2734	-101.70875	95.19939	168.42969	196.90814	61.02525	-70.78929	-43.93818	0
4305	-56.14323	-122.0505	-100.08141	84.62168	20.34175	-94.38572	96.82673	174.12538	205.85851	54.51589	-65.0936	-39.86983	0
4306	-38.24249	-109.03178	-94.38572	69.97562	24.4101	-87.06269	100.89508	183.07575	222.13191	52.07488	-52.07488	-29.29212	0
4307	-27.66478	-98.45407	-78.92599	60.21158	23.59643	-81.367	104.96343	193.65346	238.40531	54.51589	-34.17414	-17.90074	0
4308	-21.15542	-96.82673	-61.83892	56.14323	26.03744	-82.99434	105.7771	200.97649	246.54201	57.77057	-19.52808	-13.01872	0
4309	-20.34175	-102.52242	-48.00653	59.39791	29.29212	-90.31737	105.7771	202.60383	245.72834	56.14323	-13.83239	-13.83239	0
4310	-29.29212	-112.28646	-43.93818	65.0936	25.22377	-96.82673	112.28646	196.09447	240.03265	56.9569	-12.20505	-14.64606	0
4311	-45.56552	-124.49151	-50.44754	70.78929	17.90074	-104.14976	123.67784	183.88942	231.89595	64.27993	-12.20505	-13.83239	0
4312	-52.88855	-135.06922	-66.72094	74.85764	17.08707	-112.28646	131.81454	174.12538	226.20026	73.2303	-14.64606	-13.01872	0
4313	-48.8202	-138.3239	-85.43535	78.11232	23.59643	-117.98215	135.06922	175.75272	227.8276	83.80801	-17.90074	-10.57771	0
4314	-38.24249	-134.25555	-98.45407	80.55333	31.73313	-118.79582	135.06922	185.51676	235.9643	94.38572	-17.90074	-8.1367	0
4315	-31.73313	-126.11885	-101.70875	80.55333	32.5468	-113.10013	131.81454	196.09447	248.16935	103.33609	-17.90074	-6.50936	0
4316	-34.98781	-118.79582	-91.94471	82.18067	23.59643	-100.89508	124.49151	209.11319	259.56073	109.84545	-17.90074	-7.32303	0
4317	-43.93818	-115.54114	-72.41663	87.87636	9.76404	-87.87636	117.16848	221.31824	268.5111	115.54114	-17.08707	-8.1367	0
4318	-54.51589	-113.10013	-52.07488	91.94471	-1.62734	-78.11232	112.28646	228.64127	275.83413	119.60949	-13.83239	-8.95037	0
4319	-63.46626	-113.9138	-41.49717	93.57205	-9.76404	-75.67131	108.21811	227.8276	281.52982	119.60949	-13.83239	-11.39138	0
4320	-65.0936	-119.60949	-43.93818	92.75838	-8.95037	-85.43535	106.59077	222.94558	288.03918	117.98215	-14.64606	-13.01872	0
4321	-59.39791	-126.93252	-60.21158	90.31737	1.62734	-100.89508	109.03178	218.87723	293.73487	113.9138	-15.45973	-17.08707	0
4322	-52.88855	-132.62821	-77.29865	87.87636	13.83239	-112.28646	111.47279	213.99521	295.36221	109.84545	-17.08707	-24.4101	0
4323	-49.63387	-129.37353	-81.367	83.80801	17.08707	-111.47279	113.9138	213.99521	293.73487	109.84545	-19.52808	-26.85111	0
4324	-48.00653	-118.79582	-71.60296	77.29865	12.20505	-97.6404	113.9138	221.31824	288.85285	114.72747	-21.96909	-20.34175	0
4325	-46.37919	-103.33609	-52.88855	67.53461	2.44101	-77.29865	106.59077	232.70962	282.34349	122.86417	-17.08707	-8.95037	0
4326	-44.75185	-85.43535	-34.17414	57.77057	-5.69569	-56.9569	96.01306	245.72834	279.08881	131.00087	-7.32303	2.44101	0
4327	-38.24249	-74.85764	-28.47845	50.44754	-5.69569	-48.8202	87.06269	263.62908	286.41184	139.13757	-1.62734	13.01872	0
4328	-30.10579	-74.04397	-35.80148	46.37919	1.62734	-51.26121	87.06269	283.15716	301.87157	149.71528	0	21.15542	0
4329	-23.59643	-80.55333	-46.37919	45.56552	10.57771	-59.39791	95.19939	292.9212	314.89029	158.66565	-4.88202	21.96909	0
4330	-19.52808	-88.69003	-60.21158	46.37919	20.34175	-69.97562	106.59077	285.59817	318.14497	158.66565	-20.34175	14.64606	0
4331	-15.45973	-87.87636	-67.53461	43.12451	26.03744	-74.85764	116.35481	269.32477	314.89029	150.52895	-36.61515	8.1367	0
4332	-14.64606	-74.85764	-61.02525	34.98781	24.4101	-67.53461	126.11885	257.11972	310.00827	136.69656	-39.86983	6.50936	0
4333	-13.83239	-57.77057	-45.56552	28.47845	18.71441	-52.88855	131.81454	255.49238	308.38093	121.23683	-31.73313	12.20505	0
4334	-13.83239	-39.05616	-24.4101	23.59643	11.39138	-32.5468	131.00087	266.07009	311.63561	109.03178	-21.15542	20.34175	0
4335	-14.64606	-22.78276	-4.06835	18.71441	1.62734	-14.64606	125.30518	283.97083	318.14497	104.96343	-14.64606	26.03744	0
4336	-17.90074	-9.76404	6.50936	11.39138	-4.06835	-2.44101	120.42316	299.43056	324.65433	108.21811	-11.39138	30.91946	0
4337	-21.96909	-3.25468	10.57771	4.06835	-3.25468	0.81367	120.42316	310.00827	331.97736	116.35481	-7.32303	34.98781	0
4338	-26.03744	-4.88202	13.01872	3.25468	-1.62734	-1.62734	121.23683	314.89029	336.04571	123.67784	-4.06835	42.31084	0
4339	-27.66478	-17.08707	15.45973	14.64606	-7.32303	-8.1367	120.42316	314.07662	333.6047	126.11885	-4.88202	50.44754	0
4340	-28.47845	-26.03744	20.34175	28.47845	-21.15542	-8.95037	115.54114	318.14497	331.97736	126.93252	-4.06835	54.51589	0
4341	-25.22377	-26.03744	32.5468	36.61515	-33.36047	2.44101	113.10013	337.67305	334.41837	135.06922	4.88202	60.21158	0
4342	-19.52808	-23.59643	43.12451	40.6835	-37.42882	20.34175	115.54114	365.33783	338.48672	145.64693	19.52808	68.34828	0
4343	-10.57771	-13.83239	48.8202	32.5468	-40.6835	30.91946	114.72747	384.05224	340.92773	148.08794	26.85111	71.60296	0
4344	0.81367	8.1367	52.88855	8.1367	-46.37919	34.17414	109.03178	390.5616	340.11406	140.76491	26.03744	69.97562	0
4345	16.2734	35.80148	53.70222	-18.71441	-43.93818	37.42882	103.33609	392.18894	332.79103	131.00087	24.4101	65.90727	0
4346	30.91946	61.83892	50.44754	-43.93818	-30.10579	43.12451	96.82673	390.5616	316.51763	122.0505	21.96909	60.21158	0
4347	41.49717	80.55333	49.63387	-62.65259	-17.90074	53.70222	91.13104	386.49325	292.10753	114.72747	17.90074	53.70222	0
4348	41.49717	90.31737	52.07488	-69.16195	-12.20505	66.72094	88.69003	384.86591	270.13844	110.65912	16.2734	50.44754	0
4349	36.61515	93.57205	56.9569	-67.53461	-12.20505	76.48498	94.38572	386.49325	268.5111	117.98215	23.59643	55.32956	0
4350	32.5468	92.75838	61.02525	-61.02525	-15.45973	79.73966	104.14976	391.37527	286.41184	131.00087	39.05616	64.27993	0
4351	32.5468	87.06269	65.0936	-51.26121	-21.96909	78.11232	111.47279	398.6983	307.56726	139.13757	49.63387	69.97562	0
4352	38.24249	91.13104	74.04397	-50.44754	-29.29212	82.99434	113.9138	402.76665	319.77231	136.69656	52.88855	72.41663	0
4353	41.49717	115.54114	91.94471	-61.83892	-35.80148	103.33609	112.28646	403.58032	318.95864	126.11885	54.51589	73.2303	0
4354	38.24249	150.52895	113.9138	-74.04397	-40.6835	131.81454	104.96343	398.6983	305.93992	112.28646	56.14323	74.04397	0
4355	31.73313	175.75272	132.62821	-83.80801	-47.19286	153.78363	96.82673	392.18894	289.66652	99.26774	56.9569	74.04397	0
4356	20.34175	185.51676	148.90161	-88.69003	-57.77057	165.98868	91.94471	387.30692	275.83413	96.01306	61.02525	78.11232	0
4357	7.32303	192.83979	167.61602	-89.5037	-72.41663	175.75272	91.94471	383.23857	270.95211	104.14976	71.60296	86.24902	0
4358	1.62734	202.60383	183.88942	-95.19939	-84.62168	187.1441	91.94471	381.61123	275.83413	117.16848	82.99434	96.01306	0
4359	5.69569	213.18154	191.21245	-108.21811	-87.06269	196.90814	88.69003	385.67958	287.22551	126.93252	92.75838	104.14976	0
4360	16.2734	228.64127	192.02612	-127.74619	-79.73966	206.67218	78.92599	393.00261	293.73487	127.74619	100.08141	107.40444	0
4361	30.91946	249.79669	196.90814	-148.90161	-73.2303	220.50457	66.72094	401.13931	288.03918	121.23683	102.52242	108.21811	0
4362	43.12451	270.13844	211.5542	-164.36134	-76.48498	239.21898	54.51589	406.835	271.76578	110.65912	96.82673	107.40444	0
4363	47.19286	285.59817	230.26861	-173.31171	-86.24902	263.62908	45.56552	404.39399	249.79669	97.6404	85.43535	103.33609	0
4364	41.49717	299.43056	252.2377	-171.68437	-102.52242	288.85285	40.6835	384.86591	221.31824	84.62168	74.04397	99.26774	0
4365	25.22377	313.26295	277.46147	-163.54767	-125.30518	309.1946	39.86983	357.20113	189.58511	75.67131	69.16195	99.26774	0
4366	17.90074	323.84066	294.54854	-163.54767	-139.13757	321.39965	39.86983	332.79103	157.03831	74.04397	71.60296	108.21811	0
4367	24.4101	331.16369	296.98955	-174.12538	-139.13757	329.53635	37.42882	318.14497	132.62821	77.29865	83.80801	122.0505	0
4368	28.47845	339.30039	298.61689	-186.33043	-141.57858	334.41837	32.5468	311.63561	123.67784	80.55333	97.6404	137.51023	0
4369	30.10579	348.25076	307.56726	-193.65346	-148.08794	339.30039	27.66478	310.82194	124.49151	78.92599	104.96343	152.15629	0
4370	30.91946	356.38746	321.39965	-196.09447	-154.5973	345.80975	22.78276	311.63561	126.11885	69.97562	107.40444	161.92033	0
4371	31.73313	365.33783	333.6047	-196.09447	-158.66565	351.50544	19.52808	310.00827	125.30518	56.14323	108.21811	164.36134	0
4372	35.80148	375.10187	345.80975	-198.53548	-159.47932	357.20113	17.90074	302.68524	120.42316	44.75185	106.59077	160.29299	0
4373	41.49717	378.35655	360.45581	-206.67218	-158.66565	360.45581	14.64606	288.85285	104.96343	34.98781	101.70875	152.96996	0
4374	42.31084	376.72921	373.47453	-213.99521	-158.66565	364.52416	5.69569	266.07009	76.48498	18.71441	91.13104	145.64693	0
4375	34.98781	375.91554	376.72921	-220.50457	-161.10666	366.1515	-8.95037	235.9643	40.6835	-5.69569	74.85764	139.95124	0
4376	31.73313	380.79756	368.59251	-224.57292	-160.29299	366.1515	-25.22377	204.23117	2.44101	-37.42882	62.65259	136.69656	0
4377	39.86983	390.5616	356.38746	-230.26861	-157.03831	371.03352	-36.61515	174.12538	-34.17414	-64.27993	56.9569	135.88289	0
4378	54.51589	405.20766	349.8781	-240.03265	-157.03831	380.79756	-43.12451	151.34262	-69.16195	-76.48498	56.9569	139.13757	0
4379	65.90727	421.48106	356.38746	-251.42403	-160.29299	395.44362	-48.00653	140.76491	-96.82673	-78.92599	61.02525	148.90161	0
4380	69.16195	433.68611	379.98389	-265.25642	-168.42969	420.66739	-48.8202	139.95124	-111.47279	-74.85764	72.41663	159.47932	0
4381	62.65259	437.75446	408.46234	-272.57945	-180.63474	444.26382	-45.56552	139.13757	-117.98215	-69.97562	82.18067	164.36134	0
4382	45.56552	434.49978	423.92207	-263.62908	-192.02612	449.95951	-46.37919	126.93252	-127.74619	-71.60296	83.80801	159.47932	0
4383	29.29212	427.17675	422.29473	-247.35568	-196.90814	439.3818	-52.07488	100.89508	-143.20592	-78.92599	78.11232	148.90161	0
4384	19.52808	418.22638	408.46234	-233.52329	-192.02612	421.48106	-59.39791	69.16195	-158.66565	-87.06269	69.16195	139.95124	0
4385	14.64606	406.835	388.93426	-222.13191	-182.26208	401.13931	-63.46626	43.12451	-169.24336	-92.75838	61.02525	135.06922	0
4386	8.95037	392.18894	373.47453	-209.11319	-175.75272	383.23857	-63.46626	25.22377	-179.0074	-95.19939	56.14323	133.44188	0
4387	0.81367	379.98389	370.21985	-196.90814	-178.19373	373.47453	-62.65259	12.20505	-190.39878	-97.6404	55.32956	133.44188	0
4388	-8.95037	370.21985	374.2882	-183.88942	-186.33043	371.03352	-62.65259	3.25468	-202.60383	-98.45407	54.51589	132.62821	0
4389	-23.59643	355.57379	375.91554	-168.42969	-196.09447	364.52416	-65.90727	-2.44101	-213.99521	-99.26774	49.63387	127.74619	0
4390	-38.24249	336.85938	373.47453	-151.34262	-203.4175	353.94645	-68.34828	-12.20505	-222.94558	-102.52242	43.12451	124.49151	0
4391	-46.37919	321.39965	364.52416	-139.13757	-204.23117	341.7414	-67.53461	-26.85111	-229.45494	-110.65912	36.61515	117.98215	0
4392	-48.00653	307.56726	350.69177	-131.81454	-197.72181	327.09534	-63.46626	-43.12451	-233.52329	-123.67784	26.03744	108.21811	0
4393	-43.12451	295.36221	331.97736	-127.74619	-187.1441	312.44928	-58.58424	-56.9569	-235.9643	-137.51023	13.83239	97.6404	0
4394	-29.29212	284.7845	308.38093	-127.74619	-168.42969	295.36221	-54.51589	-67.53461	-243.28733	-146.4606	4.06835	87.87636	0
4395	-9.76404	277.46147	283.15716	-132.62821	-147.27427	279.90248	-51.26121	-82.18067	-254.67871	-152.15629	-2.44101	75.67131	0
4396	8.1367	275.02046	265.25642	-137.51023	-129.37353	269.32477	-50.44754	-98.45407	-262.00174	-152.96996	-8.1367	62.65259	0
4397	23.59643	281.52982	253.05137	-144.01959	-113.10013	266.88376	-48.8202	-111.47279	-262.00174	-147.27427	-7.32303	52.07488	0
4398	30.10579	286.41184	243.28733	-151.34262	-100.08141	264.44275	-46.37919	-111.47279	-252.2377	-137.51023	0	44.75185	0
4399	27.66478	278.27514	231.89595	-152.15629	-91.94471	254.67871	-43.93818	-98.45407	-232.70962	-125.30518	6.50936	38.24249	0
4400	21.15542	251.42403	213.18154	-138.3239	-87.87636	231.89595	-42.31084	-81.367	-208.29952	-114.72747	7.32303	28.47845	0
4401	8.1367	207.48585	185.51676	-111.47279	-82.18067	196.09447	-43.12451	-70.78929	-189.58511	-108.21811	1.62734	13.01872	0
4402	-4.88202	158.66565	153.78363	-80.55333	-76.48498	154.5973	-41.49717	-66.72094	-174.12538	-99.26774	-2.44101	0	0
4403	-14.64606	117.16848	126.11885	-54.51589	-69.97562	120.42316	-34.98781	-65.90727	-160.29299	-85.43535	-2.44101	-4.88202	0
4404	-21.96909	87.06269	106.59077	-34.98781	-65.90727	96.01306	-27.66478	-67.53461	-151.34262	-71.60296	0.81367	-5.69569	0
4405	-19.52808	74.04397	92.75838	-29.29212	-58.58424	82.18067	-21.15542	-68.34828	-145.64693	-61.83892	4.88202	-6.50936	0
4406	-7.32303	74.04397	82.18067	-34.98781	-47.19286	78.11232	-16.2734	-68.34828	-139.13757	-56.9569	6.50936	-8.1367	0
4407	4.06835	76.48498	74.85764	-42.31084	-36.61515	75.67131	-13.01872	-65.90727	-127.74619	-54.51589	6.50936	-13.01872	0
4408	7.32303	69.97562	65.0936	-41.49717	-30.91946	67.53461	-11.39138	-60.21158	-111.47279	-52.88855	5.69569	-21.96909	0
4409	0	48.8202	52.88855	-26.85111	-30.10579	53.70222	-13.01872	-51.26121	-94.38572	-48.8202	2.44101	-35.80148	0
4410	-12.20505	21.96909	42.31084	-6.50936	-28.47845	39.86983	-16.2734	-39.86983	-74.85764	-42.31084	-0.81367	-50.44754	0
4411	-19.52808	2.44101	29.29212	5.69569	-23.59643	26.03744	-18.71441	-28.47845	-52.88855	-32.5468	-0.81367	-58.58424	0
4412	-18.71441	-10.57771	15.45973	8.95037	-17.08707	8.95037	-20.34175	-19.52808	-33.36047	-18.71441	3.25468	-60.21158	0
4413	-12.20505	-24.4101	2.44101	8.1367	-13.01872	-6.50936	-21.96909	-17.08707	-18.71441	-6.50936	8.1367	-56.9569	0
4414	-5.69569	-29.29212	-5.69569	4.06835	-8.95037	-15.45973	-18.71441	-17.08707	-9.76404	4.88202	13.01872	-51.26121	0
4415	-1.62734	-22.78276	-6.50936	0.81367	-5.69569	-14.64606	-9.76404	-15.45973	-5.69569	15.45973	23.59643	-42.31084	0
4416	4.06835	-13.01872	-7.32303	-3.25468	0	-10.57771	1.62734	-13.01872	-3.25468	26.85111	37.42882	-32.5468	0
4417	17.08707	-4.88202	-16.2734	-9.76404	12.20505	-11.39138	13.01872	-8.95037	-1.62734	36.61515	47.19286	-26.03744	0
4418	35.80148	-0.81367	-33.36047	-14.64606	28.47845	-17.90074	19.52808	-3.25468	-0.81367	43.93818	51.26121	-26.85111	0
4419	52.07488	-2.44101	-53.70222	-18.71441	39.05616	-28.47845	19.52808	1.62734	0.81367	50.44754	52.88855	-35.80148	0
4420	56.9569	-13.01872	-71.60296	-17.08707	47.19286	-42.31084	13.01872	4.88202	3.25468	51.26121	46.37919	-46.37919	0
4421	48.8202	-28.47845	-80.55333	-7.32303	51.26121	-55.32956	7.32303	4.06835	4.88202	45.56552	35.80148	-52.88855	0
4422	36.61515	-34.98781	-78.11232	2.44101	48.8202	-57.77057	3.25468	0	10.57771	38.24249	28.47845	-55.32956	0
4423	27.66478	-30.10579	-64.27993	11.39138	44.75185	-48.8202	3.25468	-4.06835	18.71441	31.73313	27.66478	-52.88855	0
4424	23.59643	-25.22377	-45.56552	18.71441	37.42882	-36.61515	8.1367	-9.76404	26.03744	26.85111	30.91946	-48.00653	0
4425	21.96909	-28.47845	-31.73313	23.59643	27.66478	-30.91946	11.39138	-13.83239	31.73313	25.22377	34.98781	-43.93818	0
4426	19.52808	-37.42882	-31.73313	24.4101	21.96909	-34.98781	12.20505	-14.64606	35.80148	26.03744	38.24249	-41.49717	0
4427	18.71441	-48.00653	-46.37919	22.78276	27.66478	-48.8202	14.64606	-13.83239	39.86983	32.5468	39.86983	-40.6835	0
4428	19.52808	-52.88855	-68.34828	21.15542	42.31084	-64.27993	15.45973	-8.95037	43.93818	43.12451	37.42882	-43.12451	0
4429	18.71441	-52.07488	-87.06269	20.34175	57.77057	-74.04397	13.83239	0	48.00653	52.07488	30.91946	-48.8202	0
4430	16.2734	-50.44754	-92.75838	16.2734	63.46626	-75.67131	10.57771	9.76404	52.07488	57.77057	26.85111	-55.32956	0
4431	13.83239	-48.00653	-87.06269	7.32303	59.39791	-70.78929	13.01872	17.08707	56.14323	63.46626	27.66478	-57.77057	0
4432	13.83239	-44.75185	-74.04397	-0.81367	50.44754	-64.27993	20.34175	21.96909	61.83892	69.16195	28.47845	-59.39791	0
4433	18.71441	-43.12451	-61.83892	-8.95037	43.93818	-62.65259	28.47845	22.78276	63.46626	72.41663	24.4101	-61.83892	0
4434	29.29212	-42.31084	-61.02525	-13.83239	46.37919	-63.46626	29.29212	20.34175	61.02525	65.90727	20.34175	-63.46626	0
4435	39.05616	-39.05616	-71.60296	-12.20505	55.32956	-64.27993	21.15542	17.08707	56.9569	49.63387	19.52808	-64.27993	0
4436	41.49717	-32.5468	-82.18067	-4.88202	60.21158	-59.39791	7.32303	17.08707	54.51589	31.73313	20.34175	-65.0936	0
4437	34.98781	-30.10579	-82.18067	3.25468	56.9569	-53.70222	-3.25468	18.71441	56.14323	22.78276	22.78276	-66.72094	0
4438	26.03744	-31.73313	-74.04397	9.76404	48.8202	-48.8202	-8.1367	18.71441	61.83892	24.4101	22.78276	-71.60296	0
4439	20.34175	-33.36047	-61.83892	11.39138	41.49717	-45.56552	-5.69569	13.01872	67.53461	29.29212	21.96909	-79.73966	0
4440	10.57771	-36.61515	-55.32956	18.71441	35.80148	-45.56552	0.81367	1.62734	67.53461	33.36047	19.52808	-89.5037	0
4441	-4.88202	-45.56552	-60.21158	34.98781	32.5468	-49.63387	7.32303	-6.50936	65.90727	37.42882	17.90074	-95.19939	0
4442	-21.96909	-59.39791	-66.72094	49.63387	26.85111	-57.77057	13.83239	-2.44101	70.78929	44.75185	20.34175	-96.01306	0
4443	-35.80148	-69.16195	-61.83892	59.39791	19.52808	-60.21158	16.2734	13.01872	82.99434	55.32956	25.22377	-93.57205	0
4444	-46.37919	-71.60296	-45.56552	64.27993	10.57771	-55.32956	13.83239	29.29212	98.45407	66.72094	31.73313	-90.31737	0
4445	-54.51589	-72.41663	-29.29212	65.90727	0	-49.63387	11.39138	40.6835	114.72747	78.92599	43.12451	-80.55333	0
4446	-53.70222	-72.41663	-21.96909	63.46626	-5.69569	-46.37919	8.95037	47.19286	128.55986	86.24902	55.32956	-69.97562	0
4447	-43.93818	-71.60296	-26.03744	56.14323	-3.25468	-49.63387	6.50936	51.26121	139.13757	87.06269	61.02525	-63.46626	0
4448	-29.29212	-77.29865	-43.93818	50.44754	8.95037	-55.32956	8.1367	56.14323	148.08794	82.99434	60.21158	-60.21158	0
4449	-11.39138	-85.43535	-68.34828	45.56552	29.29212	-60.21158	18.71441	65.0936	155.41097	81.367	55.32956	-56.9569	0
4450	9.76404	-84.62168	-87.87636	39.86983	51.26121	-66.72094	34.98781	76.48498	160.29299	83.80801	43.93818	-56.14323	0
4451	33.36047	-74.85764	-102.52242	33.36047	71.60296	-74.04397	47.19286	84.62168	160.29299	84.62168	26.85111	-57.77057	0
4452	47.19286	-67.53461	-113.10013	27.66478	83.80801	-82.18067	48.00653	84.62168	153.78363	78.92599	9.76404	-60.21158	0
4453	43.12451	-67.53461	-113.9138	24.4101	80.55333	-87.87636	39.86983	76.48498	141.57858	69.16195	-1.62734	-61.83892	0
4454	31.73313	-68.34828	-104.96343	20.34175	69.16195	-87.06269	28.47845	63.46626	129.37353	55.32956	-9.76404	-61.83892	0
4455	21.96909	-64.27993	-92.75838	14.64606	58.58424	-80.55333	15.45973	49.63387	119.60949	39.05616	-9.76404	-62.65259	0
4456	13.83239	-54.51589	-77.29865	8.95037	48.00653	-68.34828	6.50936	40.6835	113.9138	27.66478	-3.25468	-65.90727	0
4457	7.32303	-43.93818	-61.83892	5.69569	36.61515	-56.9569	5.69569	37.42882	114.72747	22.78276	6.50936	-69.97562	0
4458	0.81367	-34.17414	-52.07488	8.95037	25.22377	-52.88855	13.01872	39.86983	119.60949	21.15542	20.34175	-71.60296	0
4459	-6.50936	-31.73313	-46.37919	17.08707	15.45973	-56.14323	26.03744	47.19286	124.49151	21.15542	31.73313	-68.34828	0
4460	-11.39138	-41.49717	-46.37919	25.22377	13.83239	-62.65259	43.12451	59.39791	129.37353	25.22377	36.61515	-63.46626	0
4461	-10.57771	-60.21158	-56.9569	32.5468	20.34175	-74.04397	56.14323	70.78929	134.25555	32.5468	38.24249	-61.83892	0
4462	-0.81367	-78.92599	-77.29865	38.24249	34.98781	-89.5037	61.83892	77.29865	135.88289	36.61515	32.5468	-65.0936	0
4463	15.45973	-96.01306	-100.89508	43.12451	50.44754	-104.14976	57.77057	79.73966	134.25555	35.80148	21.15542	-71.60296	0
4464	30.91946	-108.21811	-122.86417	43.93818	66.72094	-115.54114	46.37919	78.11232	127.74619	30.91946	11.39138	-78.11232	0
4465	43.93818	-113.10013	-143.20592	39.86983	84.62168	-122.0505	32.5468	72.41663	116.35481	25.22377	4.06835	-82.18067	0
4466	51.26121	-109.84545	-152.15629	32.5468	95.19939	-125.30518	21.96909	65.90727	106.59077	22.78276	0.81367	-83.80801	0
4467	48.8202	-100.08141	-143.20592	26.85111	92.75838	-122.86417	19.52808	59.39791	104.96343	29.29212	4.88202	-82.18067	0
4468	34.98781	-88.69003	-125.30518	27.66478	78.92599	-114.72747	24.4101	54.51589	111.47279	42.31084	11.39138	-80.55333	0
4469	17.90074	-80.55333	-109.03178	34.98781	62.65259	-106.59077	32.5468	57.77057	121.23683	56.14323	19.52808	-78.92599	0
4470	4.06835	-76.48498	-97.6404	40.6835	50.44754	-99.26774	39.86983	69.16195	129.37353	62.65259	28.47845	-78.11232	0
4471	-8.1367	-78.92599	-87.06269	43.12451	39.86983	-92.75838	44.75185	74.04397	132.62821	58.58424	34.17414	-79.73966	0
4472	-21.96909	-84.62168	-75.67131	43.93818	26.85111	-87.06269	48.00653	69.97562	131.00087	49.63387	34.17414	-82.99434	0
4473	-31.73313	-86.24902	-65.0936	43.93818	17.08707	-82.18067	51.26121	58.58424	126.93252	43.12451	30.91946	-86.24902	0
4474	-36.61515	-82.18067	-53.70222	44.75185	8.1367	-77.29865	54.51589	43.12451	122.0505	39.86983	26.85111	-86.24902	0
4475	-35.80148	-75.67131	-43.93818	46.37919	3.25468	-71.60296	57.77057	33.36047	121.23683	41.49717	28.47845	-81.367	0
4476	-25.22377	-71.60296	-45.56552	48.00653	8.95037	-68.34828	61.83892	30.91946	127.74619	48.00653	35.80148	-73.2303	0
4477	-11.39138	-75.67131	-64.27993	50.44754	26.03744	-76.48498	63.46626	35.80148	132.62821	52.88855	39.86983	-68.34828	0
4478	-1.62734	-90.31737	-91.94471	52.88855	47.19286	-93.57205	63.46626	44.75185	132.62821	53.70222	36.61515	-67.53461	0
4479	0.81367	-107.40444	-116.35481	56.14323	61.83892	-113.10013	60.21158	53.70222	132.62821	55.32956	32.5468	-65.90727	0
4480	1.62734	-117.16848	-127.74619	57.77057	68.34828	-122.86417	57.77057	57.77057	136.69656	58.58424	30.91946	-65.90727	0
4481	5.69569	-114.72747	-126.93252	52.88855	67.53461	-121.23683	56.9569	56.14323	139.95124	59.39791	31.73313	-69.16195	0
4482	8.95037	-107.40444	-118.79582	48.8202	61.83892	-115.54114	53.70222	53.70222	141.57858	56.9569	30.10579	-75.67131	0
4483	9.76404	-100.89508	-109.84545	45.56552	56.14323	-110.65912	49.63387	52.07488	142.39225	52.07488	23.59643	-85.43535	0
4484	10.57771	-96.01306	-106.59077	41.49717	55.32956	-108.21811	43.93818	50.44754	135.88289	43.12451	17.90074	-94.38572	0
4485	13.83239	-89.5037	-104.96343	35.80148	57.77057	-103.33609	37.42882	48.8202	125.30518	33.36047	13.83239	-100.08141	0
4486	14.64606	-82.18067	-102.52242	27.66478	59.39791	-96.01306	33.36047	48.00653	117.98215	29.29212	15.45973	-102.52242	0
4487	11.39138	-79.73966	-99.26774	26.85111	58.58424	-91.94471	31.73313	48.00653	117.16848	31.73313	18.71441	-103.33609	0
4488	4.88202	-87.06269	-95.19939	34.17414	52.88855	-91.13104	33.36047	48.8202	119.60949	38.24249	19.52808	-105.7771	0
4489	-1.62734	-96.82673	-90.31737	42.31084	45.56552	-89.5037	38.24249	48.00653	124.49151	47.19286	18.71441	-109.84545	0
4490	-4.88202	-100.89508	-88.69003	47.19286	42.31084	-89.5037	43.93818	49.63387	126.93252	50.44754	18.71441	-111.47279	0
4491	0	-95.19939	-90.31737	46.37919	45.56552	-89.5037	52.88855	54.51589	126.93252	50.44754	21.96909	-110.65912	0
4492	12.20505	-81.367	-92.75838	42.31084	52.07488	-85.43535	61.02525	58.58424	123.67784	48.8202	26.85111	-108.21811	0
4493	22.78276	-68.34828	-93.57205	36.61515	57.77057	-79.73966	59.39791	60.21158	118.79582	45.56552	31.73313	-104.96343	0
4494	23.59643	-63.46626	-95.19939	31.73313	62.65259	-76.48498	48.00653	59.39791	113.9138	39.86983	33.36047	-102.52242	0
4495	21.96909	-62.65259	-96.82673	27.66478	65.0936	-75.67131	35.80148	55.32956	110.65912	35.80148	32.5468	-101.70875	0
4496	19.52808	-64.27993	-94.38572	27.66478	62.65259	-76.48498	25.22377	53.70222	113.10013	34.17414	30.10579	-101.70875	0
4497	14.64606	-71.60296	-89.5037	33.36047	54.51589	-78.92599	17.08707	52.07488	118.79582	34.17414	27.66478	-102.52242	0
4498	6.50936	-80.55333	-84.62168	41.49717	44.75185	-82.18067	13.01872	51.26121	126.93252	35.80148	24.4101	-104.96343	0
4499	0	-87.87636	-82.99434	47.19286	39.05616	-85.43535	14.64606	48.8202	135.06922	36.61515	21.15542	-109.84545	0
4500	-2.44101	-93.57205	-87.87636	49.63387	39.86983	-91.13104	20.34175	46.37919	140.76491	36.61515	20.34175	-113.9138	0
4501	0	-97.6404	-98.45407	48.8202	48.00653	-99.26774	26.03744	44.75185	139.95124	34.17414	20.34175	-113.10013	0
4502	5.69569	-97.6404	-108.21811	47.19286	56.14323	-104.96343	30.91946	44.75185	132.62821	31.73313	21.15542	-109.84545	0
4503	11.39138	-93.57205	-113.9138	43.12451	62.65259	-106.59077	34.98781	46.37919	120.42316	26.85111	27.66478	-104.96343	0
4504	16.2734	-88.69003	-114.72747	37.42882	65.0936	-104.14976	39.86983	48.00653	108.21811	22.78276	39.05616	-97.6404	0
4505	19.52808	-85.43535	-107.40444	30.91946	63.46626	-96.01306	45.56552	47.19286	97.6404	23.59643	49.63387	-90.31737	0
4506	22.78276	-84.62168	-101.70875	25.22377	61.83892	-91.13104	46.37919	39.86983	88.69003	26.85111	52.07488	-87.87636	0
4507	25.22377	-85.43535	-105.7771	22.78276	65.90727	-92.75838	42.31084	28.47845	87.87636	29.29212	48.8202	-91.13104	0
4508	25.22377	-91.13104	-111.47279	23.59643	74.85764	-97.6404	33.36047	21.15542	92.75838	30.10579	40.6835	-100.08141	0
4509	25.22377	-103.33609	-117.98215	29.29212	85.43535	-105.7771	25.22377	18.71441	100.08141	28.47845	26.85111	-113.10013	0
4510	22.78276	-118.79582	-126.93252	39.86983	90.31737	-117.16848	21.96909	23.59643	108.21811	25.22377	12.20505	-125.30518	0
4511	16.2734	-123.67784	-128.55986	49.63387	85.43535	-122.0505	30.91946	38.24249	117.16848	29.29212	6.50936	-130.1872	0
4512	4.06835	-113.10013	-113.10013	56.9569	66.72094	-111.47279	50.44754	55.32956	123.67784	41.49717	13.01872	-124.49151	0
4513	-12.20505	-96.01306	-87.87636	60.21158	39.86983	-91.13104	68.34828	59.39791	118.79582	56.9569	24.4101	-113.9138	0
4514	-28.47845	-82.18067	-66.72094	61.02525	15.45973	-70.78929	75.67131	48.00653	102.52242	65.90727	33.36047	-104.96343	0
4515	-30.91946	-66.72094	-51.26121	52.07488	2.44101	-53.70222	74.85764	34.17414	90.31737	68.34828	39.86983	-98.45407	0
4516	-17.08707	-46.37919	-40.6835	32.5468	4.06835	-38.24249	68.34828	27.66478	88.69003	65.0936	45.56552	-94.38572	0
4517	0.81367	-28.47845	-34.98781	12.20505	13.01872	-24.4101	57.77057	31.73313	97.6404	62.65259	48.00653	-91.94471	0
4518	21.15542	-10.57771	-33.36047	-6.50936	23.59643	-14.64606	51.26121	45.56552	112.28646	68.34828	51.26121	-89.5037	0
4519	43.93818	7.32303	-34.98781	-27.66478	37.42882	-8.1367	56.14323	62.65259	126.11885	79.73966	57.77057	-85.43535	0
4520	52.88855	21.15542	-38.24249	-36.61515	44.75185	-8.1367	66.72094	74.85764	135.88289	87.87636	58.58424	-82.99434	0
4521	43.12451	24.4101	-30.10579	-26.85111	40.6835	-13.01872	75.67131	78.92599	138.3239	90.31737	54.51589	-82.18067	0
4522	37.42882	17.90074	-13.83239	-20.34175	40.6835	-17.08707	82.99434	76.48498	141.57858	89.5037	53.70222	-78.11232	0
4523	42.31084	10.57771	-9.76404	-16.2734	45.56552	-21.96909	88.69003	72.41663	145.64693	87.06269	60.21158	-69.16195	0
4524	48.00653	5.69569	-20.34175	-5.69569	49.63387	-26.85111	89.5037	67.53461	148.08794	82.18067	69.97562	-61.02525	0
4525	43.12451	-5.69569	-32.5468	4.06835	50.44754	-33.36047	82.99434	57.77057	148.08794	77.29865	75.67131	-57.77057	0
4526	29.29212	-23.59643	-43.12451	11.39138	50.44754	-41.49717	74.04397	45.56552	146.4606	74.85764	72.41663	-61.02525	0
4527	19.52808	-35.80148	-50.44754	14.64606	49.63387	-47.19286	66.72094	41.49717	144.01959	74.04397	65.90727	-65.90727	0
4528	15.45973	-38.24249	-52.07488	13.01872	43.93818	-46.37919	60.21158	45.56552	142.39225	78.11232	60.21158	-67.53461	0
4529	13.83239	-34.17414	-48.8202	8.1367	36.61515	-41.49717	56.14323	52.88855	142.39225	82.99434	56.9569	-65.90727	0
4530	17.08707	-21.96909	-42.31084	2.44101	31.73313	-31.73313	52.88855	60.21158	139.13757	82.99434	53.70222	-65.0936	0
4531	20.34175	-3.25468	-27.66478	-3.25468	24.4101	-15.45973	44.75185	59.39791	134.25555	81.367	52.07488	-66.72094	0
4532	21.96909	14.64606	-8.1367	-7.32303	11.39138	2.44101	29.29212	44.75185	128.55986	80.55333	50.44754	-68.34828	0
4533	24.4101	24.4101	12.20505	-12.20505	-2.44101	17.08707	5.69569	17.90074	122.0505	83.80801	49.63387	-68.34828	0
4534	28.47845	32.5468	31.73313	-18.71441	-12.20505	28.47845	-18.71441	-9.76404	117.98215	88.69003	49.63387	-65.0936	0
4535	27.66478	43.12451	47.19286	-23.59643	-18.71441	40.6835	-42.31084	-30.91946	113.9138	88.69003	48.8202	-62.65259	0
4536	16.2734	46.37919	55.32956	-30.91946	-26.03744	46.37919	-56.9569	-38.24249	110.65912	87.87636	47.19286	-61.02525	0
4537	2.44101	39.86983	53.70222	-42.31084	-29.29212	43.93818	-60.21158	-34.17414	110.65912	91.94471	51.26121	-56.9569	0
4538	4.06835	35.80148	41.49717	-50.44754	-19.52808	36.61515	-56.14323	-22.78276	112.28646	98.45407	58.58424	-50.44754	0
4539	23.59643	39.86983	19.52808	-55.32956	0.81367	29.29212	-51.26121	-10.57771	115.54114	97.6404	61.02525	-47.19286	0
4540	46.37919	45.56552	-0.81367	-56.14323	23.59643	21.96909	-48.8202	-1.62734	121.23683	89.5037	59.39791	-48.8202	0
4541	61.02525	48.00653	-17.08707	-54.51589	39.05616	14.64606	-48.8202	2.44101	130.1872	82.99434	58.58424	-52.07488	0
4542	59.39791	43.93818	-21.15542	-52.07488	40.6835	9.76404	-49.63387	4.88202	135.88289	84.62168	63.46626	-52.07488	0
4543	43.12451	38.24249	-16.2734	-49.63387	31.73313	12.20505	-52.88855	4.06835	130.1872	91.13104	72.41663	-47.19286	0
4544	25.22377	36.61515	-8.1367	-46.37919	21.96909	19.52808	-59.39791	-0.81367	113.9138	95.19939	79.73966	-43.12451	0
4545	20.34175	43.12451	0.81367	-45.56552	16.2734	30.10579	-63.46626	-8.95037	93.57205	94.38572	82.99434	-39.86983	0
4546	26.03744	52.88855	9.76404	-48.8202	13.01872	37.42882	-58.58424	-16.2734	80.55333	90.31737	82.99434	-36.61515	0
4547	35.80148	65.0936	15.45973	-53.70222	13.01872	41.49717	-46.37919	-21.15542	79.73966	87.06269	82.99434	-33.36047	0
4548	50.44754	77.29865	17.08707	-60.21158	17.08707	44.75185	-29.29212	-20.34175	89.5037	87.87636	83.80801	-30.91946	0
4549	69.97562	86.24902	10.57771	-67.53461	25.22377	45.56552	-11.39138	-11.39138	103.33609	92.75838	82.99434	-28.47845	0
4550	90.31737	87.87636	-6.50936	-75.67131	36.61515	37.42882	4.06835	0.81367	113.9138	96.82673	74.04397	-26.85111	0
4551	100.08141	67.53461	-35.80148	-74.04397	53.70222	19.52808	14.64606	12.20505	117.98215	100.08141	57.77057	-28.47845	0
4552	90.31737	22.78276	-71.60296	-51.26121	69.16195	-3.25468	20.34175	17.90074	116.35481	100.08141	39.86983	-34.98781	0
4553	68.34828	-25.22377	-100.08141	-19.52808	76.48498	-26.03744	24.4101	20.34175	110.65912	92.75838	28.47845	-43.93818	0
4554	47.19286	-59.39791	-108.21811	3.25468	73.2303	-43.93818	28.47845	21.15542	100.89508	79.73966	27.66478	-50.44754	0
4555	24.4101	-82.18067	-98.45407	21.15542	63.46626	-56.9569	32.5468	13.83239	81.367	64.27993	29.29212	-56.9569	0
4556	-4.06835	-97.6404	-79.73966	42.31084	48.00653	-65.90727	33.36047	-8.1367	52.07488	48.00653	25.22377	-65.90727	0
4557	-31.73313	-105.7771	-60.21158	60.21158	29.29212	-69.97562	32.5468	-42.31084	20.34175	28.47845	13.83239	-75.67131	0
4558	-44.75185	-110.65912	-55.32956	71.60296	17.90074	-77.29865	32.5468	-69.16195	1.62734	10.57771	1.62734	-86.24902	0
4559	-39.86983	-113.9138	-63.46626	73.2303	17.90074	-90.31737	33.36047	-74.85764	5.69569	0.81367	-5.69569	-94.38572	0
4560	-26.85111	-115.54114	-74.04397	68.34828	26.03744	-102.52242	36.61515	-61.83892	25.22377	-2.44101	-6.50936	-99.26774	0
4561	-13.83239	-113.9138	-85.43535	61.83892	39.86983	-110.65912	39.05616	-41.49717	48.00653	-9.76404	-4.06835	-102.52242	0
4562	0.81367	-108.21811	-100.89508	52.88855	55.32956	-113.9138	38.24249	-24.4101	61.83892	-21.15542	-4.06835	-107.40444	0
4563	17.90074	-102.52242	-118.79582	42.31084	67.53461	-117.16848	34.17414	-15.45973	64.27993	-31.73313	-8.1367	-115.54114	0
4564	30.10579	-100.08141	-134.25555	34.98781	76.48498	-119.60949	30.10579	-11.39138	61.83892	-37.42882	-11.39138	-122.0505	0
4565	36.61515	-98.45407	-143.20592	30.91946	80.55333	-119.60949	31.73313	-8.95037	59.39791	-37.42882	-8.1367	-124.49151	0
4566	35.80148	-97.6404	-143.20592	30.10579	80.55333	-117.16848	39.05616	-2.44101	61.02525	-27.66478	-0.81367	-121.23683	0
4567	29.29212	-98.45407	-135.06922	32.5468	75.67131	-113.10013	46.37919	5.69569	69.16195	-10.57771	4.88202	-118.79582	0
4568	21.96909	-100.89508	-122.86417	37.42882	69.97562	-110.65912	48.8202	14.64606	81.367	5.69569	9.76404	-116.35481	0
4569	14.64606	-104.14976	-110.65912	42.31084	65.0936	-110.65912	48.00653	18.71441	91.13104	19.52808	10.57771	-116.35481	0
4570	8.95037	-110.65912	-104.14976	46.37919	59.39791	-113.10013	41.49717	13.83239	93.57205	23.59643	4.88202	-122.86417	0
4571	4.88202	-122.86417	-109.03178	51.26121	53.70222	-121.23683	30.91946	4.06835	89.5037	13.83239	-7.32303	-137.51023	0
4572	-2.44101	-134.25555	-122.0505	56.9569	51.26121	-130.1872	21.96909	-8.95037	81.367	0.81367	-21.15542	-152.96996	0
4573	-8.95037	-139.13757	-138.3239	59.39791	58.58424	-136.69656	17.90074	-25.22377	71.60296	-6.50936	-26.85111	-156.22464	0
4574	-8.1367	-141.57858	-147.27427	59.39791	71.60296	-138.3239	18.71441	-40.6835	61.83892	-6.50936	-23.59643	-148.08794	0
4575	-4.88202	-139.95124	-146.4606	60.21158	82.99434	-135.06922	24.4101	-45.56552	56.9569	0	-15.45973	-135.88289	0
4576	-1.62734	-134.25555	-142.39225	61.83892	86.24902	-134.25555	34.17414	-34.17414	60.21158	13.83239	0.81367	-118.79582	0
4577	-1.62734	-127.74619	-139.13757	65.0936	82.18067	-135.06922	46.37919	-9.76404	74.85764	31.73313	24.4101	-97.6404	0
4578	-2.44101	-119.60949	-131.00087	65.90727	73.2303	-131.81454	58.58424	17.08707	97.6404	47.19286	48.00653	-81.367	0
4579	-2.44101	-113.10013	-121.23683	62.65259	63.46626	-123.67784	65.0936	39.86983	123.67784	52.88855	63.46626	-78.11232	0
4580	-3.25468	-107.40444	-115.54114	57.77057	54.51589	-114.72747	69.16195	56.14323	148.08794	52.88855	64.27993	-82.18067	0
4581	-3.25468	-107.40444	-116.35481	53.70222	47.19286	-109.03178	74.04397	66.72094	166.80235	51.26121	52.88855	-89.5037	0
4582	-1.62734	-117.98215	-119.60949	52.07488	42.31084	-111.47279	73.2303	65.90727	169.24336	44.75185	33.36047	-98.45407	0
4583	0	-131.00087	-120.42316	54.51589	43.93818	-117.98215	65.90727	52.88855	152.15629	32.5468	13.01872	-107.40444	0
4584	3.25468	-133.44188	-120.42316	56.9569	49.63387	-126.93252	56.9569	33.36047	122.86417	20.34175	0.81367	-112.28646	0
4585	4.88202	-134.25555	-117.98215	65.90727	51.26121	-133.44188	46.37919	8.95037	82.99434	6.50936	-7.32303	-115.54114	0
4586	2.44101	-141.57858	-112.28646	81.367	43.12451	-134.25555	30.10579	-24.4101	30.10579	-13.01872	-16.2734	-122.0505	0
4587	-5.69569	-145.64693	-104.96343	91.13104	29.29212	-128.55986	9.76404	-70.78929	-35.80148	-39.05616	-27.66478	-125.30518	0
4588	-14.64606	-141.57858	-98.45407	90.31737	15.45973	-119.60949	-15.45973	-134.25555	-114.72747	-69.97562	-40.6835	-121.23683	0
4589	-20.34175	-124.49151	-86.24902	79.73966	6.50936	-103.33609	-47.19286	-216.43622	-210.74053	-104.96343	-52.07488	-114.72747	0
4590	-25.22377	-91.94471	-59.39791	60.21158	-1.62734	-74.04397	-82.99434	-315.70396	-326.28167	-144.01959	-56.9569	-101.70875	0
4591	-26.85111	-44.75185	-17.90074	34.98781	-15.45973	-30.91946	-122.0505	-424.73574	-459.72355	-184.70309	-48.8202	-74.85764	0
4592	-24.4101	11.39138	30.91946	3.25468	-32.5468	20.34175	-163.54767	-530.51284	-602.1158	-227.8276	-28.47845	-37.42882	0
4593	-13.83239	74.04397	81.367	-32.5468	-48.8202	77.29865	-204.23117	-633.84893	-742.88071	-267.69743	0	8.1367	0
4594	7.32303	144.83326	131.00087	-78.92599	-60.21158	137.51023	-240.03265	-741.25337	-877.13626	-297.80322	40.6835	62.65259	0
4595	41.49717	234.33696	189.58511	-139.13757	-73.2303	211.5542	-271.76578	-855.98084	-1003.25511	-313.26295	97.6404	129.37353	0
4596	74.85764	350.69177	275.02046	-213.99521	-99.26774	312.44928	-300.24423	-980.47235	-1127.74662	-314.89029	172.49804	213.18154	0
4597	99.26774	488.202	390.5616	-295.36221	-144.83326	439.3818	-331.97736	-1123.67827	-1261.1885	-313.26295	259.56073	305.93992	0
4598	113.10013	635.47627	525.63082	-376.72921	-205.85851	580.14671	-371.03352	-1283.97126	-1409.27644	-313.26295	348.25076	396.25729	0
4599	116.35481	781.1232	665.58206	-451.58685	-274.20679	723.35263	-427.17675	-1455.65563	-1563.06007	-305.12625	432.87244	477.62429	0
4600	119.60949	914.56508	791.70091	-520.7488	-334.41837	852.72616	-505.28907	-1606.99825	-1701.38397	-276.6478	510.17109	548.41358	0
4601	128.55986	1015.46016	880.39094	-576.89203	-373.47453	947.11188	-588.28341	-1707.89333	-1799.02437	-230.26861	564.68698	596.42011	0
4602	136.69656	1044.75228	900.73269	-594.79277	-379.98389	971.52198	-648.49499	-1756.71353	-1833.19851	-192.02612	567.94166	603.74314	0
4603	130.1872	965.01262	827.50239	-550.85459	-347.43709	895.037	-669.65041	-1748.57683	-1788.44666	-174.93905	506.10274	555.73661	0
4604	104.14976	771.35916	661.51371	-440.19547	-278.27514	716.0296	-654.19068	-1678.60121	-1678.60121	-181.44841	380.79756	451.58685	0
4605	67.53461	502.84806	432.87244	-286.41184	-183.07575	467.86025	-620.83021	-1568.75576	-1550.04135	-227.8276	200.16282	302.68524	0
4606	31.73313	212.36787	181.44841	-122.86417	-75.67131	196.90814	-590.72442	-1442.63691	-1449.14627	-333.6047	-16.2734	135.88289	0
4607	1.62734	-52.88855	-52.88855	23.59643	26.03744	-52.88855	-572.01001	-1315.70439	-1387.30735	-504.4754	-239.21898	-20.34175	0
4608	-22.78276	-266.88376	-240.84632	142.39225	108.21811	-253.86504	-564.68698	-1191.21288	-1354.76055	-711.96125	-423.92207	-150.52895	0
4609	-46.37919	-422.29473	-371.84719	231.89595	161.92033	-397.07096	-563.87331	-1067.53504	-1331.16412	-903.1737	-537.83587	-241.65999	0
4610	-66.72094	-524.00348	-453.21419	294.54854	191.21245	-489.01567	-565.50065	-942.22986	-1292.10796	-1035.80191	-592.35176	-290.48019	0
4611	-74.04397	-580.14671	-497.96604	329.53635	206.67218	-539.46321	-558.17762	-808.78798	-1213.18197	-1087.06312	-601.30213	-305.12625	0
4612	-72.41663	-593.16543	-515.05311	335.23204	216.43622	-554.92294	-525.63082	-657.44536	-1082.1811	-1054.51632	-569.569	-298.61689	0
4613	-68.34828	-573.63735	-508.54375	322.21332	218.87723	-541.90422	-462.16456	-490.64301	-908.05572	-951.9939	-508.54375	-280.71615	0
4614	-62.65259	-542.71789	-488.202	307.56726	216.43622	-515.86678	-376.72921	-325.468	-720.91162	-812.04266	-438.56813	-261.18807	0
4615	-61.83892	-515.86678	-462.97823	296.17588	208.29952	-489.01567	-290.48019	-187.1441	-550.85459	-669.65041	-373.47453	-249.79669	0
4616	-64.27993	-489.82934	-438.56813	283.15716	192.02612	-460.53722	-217.24989	-90.31737	-414.15803	-545.1589	-318.14497	-244.101	0
4617	-59.39791	-457.28254	-413.34436	261.18807	177.38006	-427.99042	-156.22464	-31.73313	-310.00827	-440.19547	-271.76578	-239.21898	0
4618	-48.8202	-425.54941	-389.74793	237.59164	167.61602	-400.32564	-109.84545	-0.81367	-226.20026	-351.50544	-233.52329	-232.70962	0
4619	-36.61515	-400.32564	-372.66086	217.24989	164.36134	-381.61123	-74.04397	13.83239	-156.22464	-276.6478	-201.79016	-224.57292	0
4620	-23.59643	-379.98389	-361.26948	201.79016	165.17501	-367.77884	-46.37919	19.52808	-95.19939	-212.36787	-173.31171	-213.18154	0
4621	-17.90074	-362.08315	-347.43709	194.46713	162.734	-353.94645	-26.03744	22.78276	-43.12451	-160.29299	-146.4606	-200.97649	0
4622	-22.78276	-349.06443	-323.84066	196.09447	145.64693	-336.85938	-11.39138	33.36047	2.44101	-117.16848	-120.42316	-187.95777	0
4623	-26.85111	-332.79103	-289.66652	196.09447	120.42316	-312.44928	0	57.77057	47.19286	-83.80801	-96.01306	-173.31171	0
4624	-27.66478	-298.61689	-253.05137	180.63474	95.19939	-274.20679	13.01872	95.19939	91.13104	-59.39791	-69.97562	-155.41097	0
4625	-22.78276	-245.72834	-220.50457	147.27427	78.11232	-229.45494	26.85111	135.06922	129.37353	-37.42882	-44.75185	-139.13757	0
4626	-9.76404	-191.21245	-191.21245	109.03178	69.97562	-194.46713	37.42882	165.17501	157.85198	-17.90074	-26.03744	-126.93252	0
4627	3.25468	-152.15629	-170.8707	79.73966	73.2303	-170.8707	41.49717	178.19373	170.8707	2.44101	-16.2734	-123.67784	0
4628	9.76404	-135.06922	-161.92033	62.65259	81.367	-157.85198	43.93818	178.19373	174.93905	22.78276	-13.83239	-128.55986	0
4629	9.76404	-130.1872	-156.22464	56.9569	84.62168	-150.52895	49.63387	171.68437	179.0074	39.86983	-13.83239	-135.06922	0
4630	1.62734	-130.1872	-144.01959	56.9569	76.48498	-141.57858	63.46626	166.80235	192.83979	53.70222	-8.95037	-136.69656	0
4631	-14.64606	-133.44188	-126.11885	59.39791	58.58424	-132.62821	81.367	169.24336	213.18154	66.72094	0.81367	-130.1872	0
4632	-29.29212	-137.51023	-110.65912	61.83892	43.93818	-126.93252	93.57205	178.19373	227.01393	74.85764	10.57771	-120.42316	0
4633	-31.73313	-139.13757	-103.33609	64.27993	40.6835	-125.30518	96.82673	187.1441	229.45494	74.04397	16.2734	-115.54114	0
4634	-26.03744	-135.06922	-100.89508	65.90727	41.49717	-125.30518	96.82673	191.21245	225.38659	71.60296	19.52808	-112.28646	0
4635	-16.2734	-126.11885	-100.89508	65.0936	45.56552	-126.11885	96.82673	194.46713	220.50457	70.78929	22.78276	-108.21811	0
4636	-4.06835	-115.54114	-104.14976	61.83892	51.26121	-123.67784	97.6404	196.90814	217.24989	72.41663	25.22377	-104.96343	0
4637	5.69569	-109.84545	-110.65912	57.77057	58.58424	-120.42316	98.45407	193.65346	214.80888	71.60296	22.78276	-107.40444	0
4638	13.83239	-109.84545	-114.72747	54.51589	68.34828	-118.79582	98.45407	183.07575	209.11319	65.90727	14.64606	-112.28646	0
4639	21.96909	-113.10013	-115.54114	53.70222	82.18067	-117.16848	96.82673	165.98868	202.60383	59.39791	5.69569	-113.10013	0
4640	21.96909	-122.0505	-118.79582	56.14323	87.87636	-119.60949	91.94471	149.71528	199.34915	57.77057	2.44101	-113.10013	0
4641	17.08707	-131.00087	-121.23683	59.39791	83.80801	-121.23683	85.43535	142.39225	200.97649	59.39791	5.69569	-113.9138	0
4642	13.01872	-129.37353	-123.67784	65.0936	77.29865	-121.23683	80.55333	145.64693	203.4175	58.58424	8.95037	-114.72747	0
4643	5.69569	-125.30518	-127.74619	71.60296	70.78929	-125.30518	77.29865	156.22464	205.85851	55.32956	8.95037	-115.54114	0
4644	-3.25468	-123.67784	-130.1872	76.48498	62.65259	-128.55986	81.367	169.24336	213.18154	55.32956	8.95037	-113.10013	0
4645	-11.39138	-121.23683	-127.74619	75.67131	52.07488	-122.86417	96.01306	179.82107	225.38659	63.46626	17.08707	-103.33609	0
4646	-17.08707	-115.54114	-117.98215	72.41663	41.49717	-113.10013	115.54114	188.77144	238.40531	77.29865	30.10579	-91.94471	0
4647	-21.15542	-109.03178	-107.40444	68.34828	37.42882	-104.14976	130.1872	196.90814	252.2377	94.38572	43.12451	-84.62168	0
4648	-26.03744	-104.14976	-100.89508	66.72094	39.86983	-99.26774	135.88289	208.29952	264.44275	109.84545	50.44754	-79.73966	0
4649	-30.10579	-101.70875	-94.38572	67.53461	39.86983	-96.82673	135.06922	218.06356	275.02046	118.79582	50.44754	-75.67131	0
4650	-31.73313	-98.45407	-86.24902	64.27993	34.98781	-91.94471	133.44188	226.20026	285.59817	122.86417	45.56552	-77.29865	0
4651	-28.47845	-90.31737	-77.29865	56.14323	34.17414	-83.80801	134.25555	235.15063	293.73487	126.11885	41.49717	-79.73966	0
4652	-22.78276	-82.18067	-71.60296	48.8202	38.24249	-77.29865	135.06922	242.47366	294.54854	122.86417	35.80148	-83.80801	0
4653	-13.01872	-78.92599	-71.60296	43.12451	42.31084	-77.29865	135.06922	244.91467	288.03918	113.10013	30.10579	-88.69003	0
4654	-1.62734	-78.92599	-73.2303	37.42882	43.12451	-80.55333	133.44188	241.65999	277.46147	103.33609	28.47845	-91.13104	0
4655	5.69569	-75.67131	-74.04397	34.17414	42.31084	-79.73966	126.93252	233.52329	263.62908	95.19939	29.29212	-91.94471	0
4656	8.1367	-66.72094	-72.41663	30.10579	41.49717	-71.60296	118.79582	224.57292	246.54201	88.69003	30.91946	-91.13104	0
4657	8.95037	-53.70222	-64.27993	26.85111	38.24249	-56.9569	112.28646	214.80888	229.45494	87.06269	34.98781	-88.69003	0
4658	8.1367	-43.93818	-54.51589	24.4101	32.5468	-46.37919	109.84545	209.11319	218.87723	92.75838	39.05616	-87.06269	0
4659	4.88202	-47.19286	-54.51589	26.03744	29.29212	-48.8202	112.28646	206.67218	222.13191	102.52242	43.12451	-85.43535	0
4660	0	-61.83892	-63.46626	33.36047	31.73313	-61.83892	114.72747	206.67218	237.59164	109.84545	46.37919	-83.80801	0
4661	-1.62734	-77.29865	-78.11232	39.86983	37.42882	-77.29865	117.98215	209.92686	256.30605	115.54114	48.8202	-82.99434	0
4662	0	-87.06269	-91.13104	42.31084	44.75185	-89.5037	119.60949	213.99521	268.5111	117.16848	48.8202	-82.18067	0
4663	0	-87.06269	-91.94471	41.49717	45.56552	-89.5037	121.23683	216.43622	272.57945	114.72747	49.63387	-83.80801	0
4664	-3.25468	-73.2303	-78.92599	36.61515	38.24249	-73.2303	119.60949	215.62255	270.13844	113.9138	53.70222	-84.62168	0
4665	-8.95037	-50.44754	-63.46626	29.29212	30.91946	-46.37919	113.10013	213.18154	266.07009	111.47279	61.02525	-79.73966	0
4666	-11.39138	-30.10579	-47.19286	20.34175	22.78276	-24.4101	104.96343	212.36787	268.5111	104.96343	66.72094	-72.41663	0
4667	-8.1367	-19.52808	-33.36047	11.39138	17.08707	-10.57771	99.26774	219.6909	279.90248	98.45407	74.85764	-65.90727	0
4668	2.44101	-13.83239	-30.10579	2.44101	15.45973	-0.81367	96.82673	240.84632	299.43056	101.70875	86.24902	-60.21158	0
4669	17.08707	-4.06835	-31.73313	-11.39138	14.64606	2.44101	100.89508	270.13844	321.39965	117.98215	95.19939	-51.26121	0
4670	27.66478	14.64606	-29.29212	-30.91946	17.90074	8.1367	110.65912	297.80322	338.48672	139.13757	100.08141	-43.93818	0
4671	34.98781	33.36047	-21.15542	-45.56552	21.96909	14.64606	123.67784	315.70396	346.62342	153.78363	100.08141	-42.31084	0
4672	36.61515	43.12451	-12.20505	-48.8202	21.96909	17.08707	135.06922	320.58598	344.99608	157.03831	93.57205	-47.19286	0
4673	30.91946	44.75185	-4.88202	-41.49717	17.90074	16.2734	140.76491	318.14497	334.41837	148.90161	82.18067	-55.32956	0
4674	25.22377	40.6835	0	-30.91946	12.20505	14.64606	135.88289	311.63561	314.07662	128.55986	72.41663	-62.65259	0
4675	21.15542	36.61515	6.50936	-22.78276	7.32303	16.2734	124.49151	304.31258	286.41184	101.70875	66.72094	-66.72094	0
4676	16.2734	32.5468	12.20505	-18.71441	1.62734	18.71441	117.16848	300.24423	266.07009	84.62168	67.53461	-64.27993	0
4677	9.76404	23.59643	13.01872	-14.64606	-0.81367	16.2734	115.54114	296.17588	258.74706	84.62168	74.85764	-54.51589	0
4678	5.69569	13.83239	7.32303	-11.39138	0.81367	9.76404	116.35481	288.03918	264.44275	99.26774	80.55333	-39.86983	0
4679	5.69569	8.1367	0.81367	-10.57771	4.06835	4.06835	119.60949	285.59817	282.34349	118.79582	78.11232	-24.4101	0
4680	8.1367	5.69569	2.44101	-7.32303	0.81367	4.06835	125.30518	302.68524	309.1946	139.13757	74.85764	-12.20505	0
4681	10.57771	4.88202	12.20505	-0.81367	-5.69569	8.95037	134.25555	333.6047	332.79103	153.78363	74.04397	-5.69569	0
4682	12.20505	12.20505	24.4101	-0.81367	-6.50936	17.90074	143.20592	361.26948	343.36874	157.03831	79.73966	-3.25468	0
4683	15.45973	36.61515	34.17414	-19.52808	-3.25468	34.98781	147.27427	379.17022	342.55507	148.90161	92.75838	-0.81367	0
4684	21.96909	72.41663	39.86983	-52.88855	-3.25468	56.14323	146.4606	381.61123	335.23204	137.51023	107.40444	2.44101	0
4685	35.80148	98.45407	43.93818	-85.43535	-4.88202	69.97562	141.57858	374.2882	328.72268	126.93252	113.9138	4.88202	0
4686	55.32956	109.84545	48.8202	-107.40444	-8.95037	81.367	131.00087	366.1515	326.28167	116.35481	110.65912	1.62734	0
4687	69.16195	117.16848	56.9569	-117.98215	-9.76404	94.38572	121.23683	358.82847	328.72268	109.03178	104.96343	-0.81367	0
4688	74.04397	130.1872	66.72094	-122.0505	-8.1367	109.03178	117.16848	353.94645	333.6047	109.03178	104.96343	0	0
4689	73.2303	148.08794	78.92599	-125.30518	-7.32303	122.0505	120.42316	358.0148	332.79103	113.10013	106.59077	2.44101	0
4690	71.60296	161.92033	87.87636	-126.93252	-8.1367	130.1872	124.49151	368.59251	322.21332	113.9138	105.7771	2.44101	0
4691	69.97562	167.61602	91.94471	-124.49151	-8.1367	131.81454	125.30518	374.2882	307.56726	110.65912	100.89508	-0.81367	0
4692	65.90727	168.42969	95.19939	-120.42316	-12.20505	131.81454	125.30518	373.47453	292.10753	108.21811	97.6404	-4.88202	0
4693	60.21158	166.80235	104.96343	-117.16848	-20.34175	133.44188	124.49151	367.77884	279.08881	107.40444	95.19939	-4.06835	0
4694	56.9569	165.17501	122.86417	-117.98215	-30.91946	138.3239	122.86417	360.45581	271.76578	110.65912	94.38572	0	0
4695	52.07488	166.80235	144.83326	-115.54114	-41.49717	148.08794	118.79582	356.38746	270.13844	115.54114	100.89508	6.50936	0
4696	39.86983	173.31171	165.98868	-109.84545	-55.32956	161.10666	111.47279	360.45581	271.76578	122.0505	114.72747	17.90074	0
4697	26.85111	185.51676	184.70309	-109.03178	-72.41663	179.0074	100.08141	373.47453	271.76578	129.37353	135.06922	35.80148	0
4698	17.08707	203.4175	204.23117	-112.28646	-88.69003	200.16282	88.69003	391.37527	273.39312	135.88289	155.41097	53.70222	0
4699	15.45973	222.13191	222.13191	-114.72747	-100.08141	222.94558	78.92599	406.02133	277.46147	140.76491	167.61602	65.90727	0
4700	20.34175	236.77797	235.15063	-117.16848	-105.7771	243.28733	71.60296	410.08968	276.6478	141.57858	171.68437	74.04397	0
4701	21.15542	244.91467	243.28733	-124.49151	-110.65912	254.67871	67.53461	403.58032	266.07009	131.81454	169.24336	76.48498	0
4702	15.45973	250.61036	248.16935	-140.76491	-116.35481	257.93339	66.72094	393.81628	252.2377	112.28646	161.92033	75.67131	0
4703	13.01872	265.25642	256.30605	-159.47932	-120.42316	266.07009	69.97562	383.23857	234.33696	89.5037	159.47932	72.41663	0
4704	13.01872	292.10753	267.69743	-175.75272	-125.30518	281.52982	77.29865	373.47453	214.80888	72.41663	163.54767	69.16195	0
4705	14.64606	323.02699	278.27514	-186.33043	-133.44188	294.54854	82.99434	362.89682	202.60383	65.90727	166.80235	71.60296	0
4706	17.90074	349.8781	288.85285	-189.58511	-140.76491	306.75359	77.29865	347.43709	189.58511	63.46626	164.36134	76.48498	0
4707	27.66478	370.21985	303.49891	-196.90814	-139.95124	318.14497	61.02525	329.53635	168.42969	57.77057	156.22464	81.367	0
4708	45.56552	383.23857	320.58598	-209.92686	-134.25555	331.97736	43.12451	315.70396	139.95124	51.26121	147.27427	87.87636	0
4709	54.51589	388.12059	338.48672	-218.87723	-134.25555	346.62342	28.47845	308.38093	112.28646	46.37919	141.57858	94.38572	0
4710	46.37919	384.86591	352.31911	-220.50457	-145.64693	359.64214	18.71441	302.68524	88.69003	40.6835	138.3239	97.6404	0
4711	30.91946	377.54288	364.52416	-215.62255	-164.36134	366.96517	15.45973	293.73487	71.60296	31.73313	136.69656	98.45407	0
4712	21.96909	372.66086	374.2882	-206.67218	-182.26208	372.66086	17.08707	280.71615	60.21158	21.96909	133.44188	100.89508	0
4713	20.34175	377.54288	381.61123	-202.60383	-190.39878	379.98389	19.52808	269.32477	52.07488	12.20505	125.30518	107.40444	0
4714	25.22377	389.74793	383.23857	-206.67218	-187.1441	387.30692	17.08707	259.56073	38.24249	0	117.16848	111.47279	0
4715	34.17414	403.58032	384.05224	-214.80888	-178.19373	393.81628	7.32303	246.54201	15.45973	-17.90074	110.65912	112.28646	0
4716	39.05616	416.59904	387.30692	-222.94558	-174.12538	401.95298	-2.44101	231.89595	-12.20505	-38.24249	104.96343	112.28646	0
4717	34.17414	426.36308	397.07096	-227.01393	-179.82107	411.71702	-6.50936	210.74053	-41.49717	-53.70222	103.33609	115.54114	0
4718	23.59643	427.99042	407.64867	-224.57292	-190.39878	418.22638	-7.32303	179.82107	-70.78929	-69.97562	101.70875	115.54114	0
4719	21.96909	425.54941	405.20766	-222.94558	-190.39878	417.41271	-7.32303	141.57858	-99.26774	-90.31737	97.6404	111.47279	0
4720	34.17414	423.92207	389.74793	-229.45494	-176.56639	413.34436	-7.32303	105.7771	-122.0505	-109.03178	95.19939	108.21811	0
4721	52.88855	423.92207	369.40618	-239.21898	-157.85198	405.20766	-5.69569	79.73966	-138.3239	-117.98215	97.6404	109.84545	0
4722	69.97562	426.36308	353.13278	-248.98302	-141.57858	397.07096	-7.32303	63.46626	-149.71528	-115.54114	101.70875	114.72747	0
4723	80.55333	429.61776	345.80975	-255.49238	-132.62821	389.74793	-17.90074	54.51589	-158.66565	-106.59077	108.21811	122.0505	0
4724	83.80801	436.12712	346.62342	-260.3744	-132.62821	385.67958	-34.17414	50.44754	-165.17501	-99.26774	113.9138	130.1872	0
4725	77.29865	438.56813	352.31911	-257.11972	-139.13757	388.12059	-49.63387	44.75185	-173.31171	-91.94471	114.72747	136.69656	0
4726	59.39791	426.36308	364.52416	-239.21898	-152.15629	390.5616	-61.02525	31.73313	-183.07575	-87.87636	106.59077	135.88289	0
4727	37.42882	397.07096	375.91554	-210.74053	-172.49804	384.05224	-69.97562	14.64606	-196.90814	-91.13104	87.87636	123.67784	0
4728	17.90074	364.52416	374.2882	-190.39878	-185.51676	368.59251	-74.04397	1.62734	-214.80888	-99.26774	65.90727	106.59077	0
4729	10.57771	341.7414	361.26948	-181.44841	-180.63474	349.8781	-69.16195	-5.69569	-233.52329	-108.21811	51.26121	92.75838	0
4730	14.64606	331.16369	344.99608	-179.82107	-164.36134	331.97736	-55.32956	-10.57771	-252.2377	-117.16848	46.37919	85.43535	0
4731	21.96909	325.468	327.09534	-179.82107	-147.27427	315.70396	-43.12451	-21.15542	-269.32477	-129.37353	43.93818	81.367	0
4732	24.4101	318.95864	308.38093	-175.75272	-135.88289	299.43056	-39.05616	-44.75185	-277.46147	-144.01959	36.61515	73.2303	0
4733	20.34175	304.31258	289.66652	-165.17501	-131.00087	283.15716	-43.12451	-74.04397	-278.27514	-159.47932	24.4101	60.21158	0
4734	12.20505	280.71615	270.13844	-151.34262	-126.11885	264.44275	-51.26121	-99.26774	-274.20679	-170.05703	12.20505	45.56552	0
4735	3.25468	251.42403	248.16935	-141.57858	-121.23683	243.28733	-58.58424	-114.72747	-266.88376	-170.8707	6.50936	35.80148	0
4736	0	227.01393	227.01393	-131.81454	-113.9138	223.75925	-58.58424	-117.16848	-253.05137	-158.66565	10.57771	34.17414	0
4737	4.88202	215.62255	211.5542	-119.60949	-107.40444	213.18154	-50.44754	-109.03178	-234.33696	-136.69656	20.34175	35.80148	0
4738	9.76404	209.92686	201.79016	-109.03178	-106.59077	205.85851	-35.80148	-96.82673	-217.24989	-114.72747	30.91946	34.17414	0
4739	-0.81367	188.77144	192.02612	-88.69003	-111.47279	191.21245	-20.34175	-84.62168	-205.04484	-99.26774	35.80148	26.03744	0
4740	-28.47845	150.52895	180.63474	-56.14323	-114.72747	165.98868	-8.1367	-75.67131	-195.2808	-91.94471	30.91946	11.39138	0
4741	-56.14323	114.72747	165.17501	-26.85111	-112.28646	141.57858	0.81367	-70.78929	-183.07575	-88.69003	17.90074	-2.44101	0
4742	-73.2303	91.94471	148.90161	-9.76404	-102.52242	122.0505	7.32303	-69.97562	-169.24336	-85.43535	5.69569	-13.83239	0
4743	-79.73966	78.11232	134.25555	-1.62734	-92.75838	107.40444	8.95037	-76.48498	-157.03831	-84.62168	-3.25468	-20.34175	0
4744	-77.29865	68.34828	122.86417	-1.62734	-87.06269	96.01306	1.62734	-89.5037	-148.90161	-86.24902	-11.39138	-24.4101	0
4745	-68.34828	59.39791	112.28646	-8.95037	-80.55333	85.43535	-9.76404	-100.08141	-147.27427	-87.87636	-17.08707	-29.29212	0
4746	-52.07488	56.14323	100.89508	-13.83239	-71.60296	78.11232	-18.71441	-103.33609	-148.90161	-83.80801	-20.34175	-34.17414	0
4747	-32.5468	60.21158	91.94471	-13.01872	-60.21158	75.67131	-21.15542	-100.89508	-148.08794	-73.2303	-19.52808	-38.24249	0
4748	-17.90074	63.46626	84.62168	-12.20505	-51.26121	74.04397	-20.34175	-95.19939	-144.83326	-60.21158	-18.71441	-43.12451	0
4749	-14.64606	56.14323	75.67131	-14.64606	-46.37919	65.0936	-16.2734	-87.87636	-139.95124	-45.56552	-17.08707	-48.00653	0
4750	-13.83239	40.6835	61.83892	-13.83239	-40.6835	52.88855	-6.50936	-78.11232	-126.93252	-31.73313	-12.20505	-52.07488	0
4751	-8.95037	22.78276	43.93818	-6.50936	-30.10579	39.05616	4.06835	-65.90727	-101.70875	-21.96909	-4.88202	-51.26121	0
4752	-4.06835	2.44101	20.34175	0.81367	-15.45973	20.34175	12.20505	-58.58424	-70.78929	-16.2734	2.44101	-49.63387	0
4753	-0.81367	-17.90074	-4.06835	9.76404	0	0	16.2734	-53.70222	-43.93818	-14.64606	8.1367	-47.19286	0
4754	-6.50936	-39.86983	-20.34175	15.45973	4.88202	-17.90074	17.08707	-49.63387	-21.15542	-13.83239	10.57771	-46.37919	0
4755	-23.59643	-56.9569	-21.96909	17.90074	-0.81367	-27.66478	13.01872	-45.56552	-3.25468	-10.57771	10.57771	-47.19286	0
4756	-30.91946	-62.65259	-22.78276	17.08707	-4.06835	-34.17414	6.50936	-39.86983	8.1367	-4.88202	8.95037	-48.00653	0
4757	-24.4101	-56.9569	-32.5468	11.39138	1.62734	-39.86983	4.06835	-25.22377	16.2734	2.44101	13.01872	-43.93818	0
4758	-18.71441	-44.75185	-43.93818	4.06835	7.32303	-40.6835	7.32303	-5.69569	23.59643	16.2734	21.96909	-34.98781	0
4759	-13.01872	-31.73313	-51.26121	-0.81367	14.64606	-37.42882	11.39138	8.1367	31.73313	33.36047	27.66478	-29.29212	0
4760	0	-22.78276	-52.88855	-3.25468	23.59643	-34.98781	10.57771	13.83239	39.86983	46.37919	25.22377	-30.10579	0
4761	12.20505	-22.78276	-55.32956	-0.81367	32.5468	-36.61515	8.95037	10.57771	45.56552	48.8202	15.45973	-37.42882	0
4762	13.01872	-27.66478	-61.83892	8.1367	43.12451	-43.12451	6.50936	0.81367	43.93818	39.86983	1.62734	-50.44754	0
4763	8.95037	-36.61515	-67.53461	19.52808	47.19286	-51.26121	0.81367	-9.76404	32.5468	25.22377	-9.76404	-64.27993	0
4764	3.25468	-46.37919	-68.34828	30.10579	43.93818	-57.77057	-4.06835	-17.90074	15.45973	9.76404	-17.90074	-72.41663	0
4765	-1.62734	-52.07488	-65.0936	39.05616	38.24249	-61.83892	-7.32303	-22.78276	0	0	-20.34175	-75.67131	0
4766	-9.76404	-54.51589	-54.51589	43.93818	23.59643	-58.58424	-7.32303	-25.22377	-6.50936	-2.44101	-17.08707	-73.2303	0
4767	-21.96909	-55.32956	-38.24249	45.56552	0	-49.63387	-5.69569	-23.59643	0.81367	1.62734	-10.57771	-67.53461	0
4768	-39.05616	-53.70222	-16.2734	49.63387	-25.22377	-38.24249	-2.44101	-13.83239	26.85111	13.83239	-2.44101	-61.83892	0
4769	-58.58424	-49.63387	0	59.39791	-41.49717	-27.66478	0.81367	1.62734	57.77057	26.03744	3.25468	-56.9569	0
4770	-63.46626	-46.37919	-5.69569	65.90727	-37.42882	-25.22377	6.50936	19.52808	84.62168	36.61515	5.69569	-53.70222	0
4771	-46.37919	-47.19286	-28.47845	58.58424	-13.83239	-34.17414	16.2734	35.80148	99.26774	43.12451	5.69569	-55.32956	0
4772	-20.34175	-52.07488	-52.07488	44.75185	13.01872	-47.19286	27.66478	44.75185	100.08141	47.19286	4.88202	-61.02525	0
4773	3.25468	-57.77057	-69.97562	29.29212	34.98781	-57.77057	39.05616	46.37919	91.94471	48.8202	8.1367	-63.46626	0
4774	20.34175	-61.02525	-80.55333	18.71441	51.26121	-65.0936	43.12451	40.6835	81.367	49.63387	10.57771	-61.83892	0
4775	22.78276	-65.90727	-83.80801	18.71441	60.21158	-70.78929	37.42882	30.10579	72.41663	46.37919	7.32303	-63.46626	0
4776	11.39138	-74.04397	-79.73966	28.47845	57.77057	-75.67131	26.03744	21.96909	66.72094	40.6835	0.81367	-72.41663	0
4777	-3.25468	-79.73966	-69.97562	37.42882	46.37919	-74.04397	16.2734	16.2734	69.97562	39.86983	-1.62734	-82.99434	0
4778	-15.45973	-78.92599	-60.21158	44.75185	31.73313	-70.78929	10.57771	9.76404	80.55333	44.75185	-2.44101	-87.06269	0
4779	-21.15542	-74.04397	-54.51589	48.00653	22.78276	-68.34828	6.50936	4.06835	93.57205	49.63387	-3.25468	-84.62168	0
4780	-22.78276	-67.53461	-50.44754	48.00653	16.2734	-64.27993	3.25468	3.25468	103.33609	50.44754	-0.81367	-80.55333	0
4781	-27.66478	-64.27993	-43.93818	48.8202	8.95037	-58.58424	1.62734	9.76404	108.21811	43.93818	3.25468	-78.11232	0
4782	-32.5468	-66.72094	-40.6835	52.07488	3.25468	-56.9569	1.62734	21.15542	106.59077	32.5468	7.32303	-75.67131	0
4783	-35.80148	-75.67131	-44.75185	56.9569	3.25468	-61.83892	2.44101	32.5468	100.08141	26.03744	5.69569	-74.04397	0
4784	-39.86983	-87.06269	-49.63387	62.65259	3.25468	-69.16195	5.69569	41.49717	95.19939	26.85111	-3.25468	-74.04397	0
4785	-42.31084	-96.01306	-53.70222	63.46626	4.06835	-74.85764	9.76404	43.12451	97.6404	31.73313	-21.15542	-75.67131	0
4786	-34.98781	-100.08141	-64.27993	61.02525	13.01872	-82.18067	14.64606	38.24249	104.96343	42.31084	-38.24249	-77.29865	0
4787	-22.78276	-107.40444	-79.73966	62.65259	26.85111	-93.57205	21.15542	33.36047	111.47279	52.88855	-48.8202	-79.73966	0
4788	-14.64606	-115.54114	-89.5037	68.34828	33.36047	-103.33609	24.4101	30.10579	110.65912	56.14323	-48.00653	-80.55333	0
4789	-11.39138	-119.60949	-93.57205	71.60296	31.73313	-109.03178	22.78276	33.36047	104.96343	52.07488	-39.86983	-80.55333	0
4790	-10.57771	-122.0505	-99.26774	71.60296	30.10579	-113.9138	15.45973	40.6835	99.26774	46.37919	-31.73313	-82.99434	0
4791	-7.32303	-119.60949	-104.14976	66.72094	34.17414	-114.72747	7.32303	47.19286	94.38572	38.24249	-28.47845	-86.24902	0
4792	0	-104.96343	-104.14976	53.70222	43.12451	-106.59077	0.81367	49.63387	96.82673	30.91946	-25.22377	-85.43535	0
4793	13.01872	-87.06269	-102.52242	36.61515	54.51589	-93.57205	0	48.8202	106.59077	25.22377	-23.59643	-78.92599	0
4794	26.03744	-74.04397	-105.7771	23.59643	65.90727	-84.62168	4.06835	45.56552	118.79582	20.34175	-24.4101	-69.16195	0
4795	38.24249	-66.72094	-109.84545	14.64606	74.04397	-80.55333	13.83239	45.56552	128.55986	17.90074	-22.78276	-60.21158	0
4796	39.05616	-66.72094	-108.21811	13.01872	78.92599	-80.55333	26.03744	48.00653	135.88289	17.90074	-17.08707	-53.70222	0
4797	26.85111	-77.29865	-98.45407	22.78276	76.48498	-86.24902	39.05616	52.88855	138.3239	17.90074	-13.01872	-54.51589	0
4798	8.95037	-96.01306	-85.43535	39.86983	67.53461	-93.57205	44.75185	56.14323	132.62821	16.2734	-13.83239	-66.72094	0
4799	-10.57771	-113.9138	-76.48498	59.39791	52.88855	-96.01306	40.6835	56.9569	125.30518	13.83239	-15.45973	-83.80801	0
4800	-31.73313	-123.67784	-69.97562	75.67131	33.36047	-93.57205	34.17414	56.9569	118.79582	13.83239	-19.52808	-95.19939	0
4801	-53.70222	-130.1872	-63.46626	91.13104	13.01872	-92.75838	24.4101	51.26121	110.65912	12.20505	-30.10579	-100.89508	0
4802	-70.78929	-133.44188	-56.9569	101.70875	-2.44101	-91.94471	13.83239	46.37919	101.70875	5.69569	-42.31084	-104.14976	0
4803	-72.41663	-126.93252	-53.70222	99.26774	-8.95037	-87.87636	5.69569	43.93818	91.94471	1.62734	-54.51589	-103.33609	0
4804	-57.77057	-112.28646	-53.70222	84.62168	-2.44101	-81.367	5.69569	41.49717	89.5037	1.62734	-62.65259	-96.82673	0
4805	-39.05616	-99.26774	-55.32956	67.53461	5.69569	-74.04397	12.20505	41.49717	99.26774	4.88202	-61.83892	-88.69003	0
4806	-24.4101	-90.31737	-57.77057	53.70222	13.83239	-69.97562	20.34175	43.12451	117.98215	14.64606	-55.32956	-80.55333	0
4807	-12.20505	-85.43535	-64.27993	43.93818	23.59643	-71.60296	25.22377	48.00653	135.88289	26.85111	-49.63387	-75.67131	0
4808	-0.81367	-82.99434	-74.04397	36.61515	32.5468	-76.48498	29.29212	49.63387	148.90161	39.05616	-46.37919	-72.41663	0
4809	8.95037	-82.18067	-85.43535	32.5468	37.42882	-82.18067	37.42882	48.8202	157.85198	49.63387	-43.93818	-66.72094	0
4810	13.83239	-82.18067	-96.01306	32.5468	42.31084	-89.5037	48.00653	54.51589	163.54767	58.58424	-39.05616	-61.83892	0
4811	8.95037	-86.24902	-104.96343	42.31084	46.37919	-99.26774	57.77057	64.27993	165.17501	66.72094	-33.36047	-60.21158	0
4812	-0.81367	-97.6404	-111.47279	55.32956	48.00653	-109.84545	62.65259	72.41663	165.17501	69.97562	-33.36047	-62.65259	0
4813	-9.76404	-109.03178	-110.65912	65.90727	45.56552	-114.72747	63.46626	78.11232	162.734	65.90727	-43.12451	-70.78929	0
4814	-16.2734	-114.72747	-104.14976	73.2303	36.61515	-110.65912	61.83892	74.85764	153.78363	57.77057	-55.32956	-81.367	0
4815	-22.78276	-112.28646	-95.19939	74.85764	25.22377	-99.26774	60.21158	63.46626	141.57858	48.8202	-65.90727	-89.5037	0
4816	-32.5468	-100.89508	-80.55333	74.04397	12.20505	-87.06269	56.14323	52.07488	129.37353	39.05616	-73.2303	-94.38572	0
4817	-43.93818	-87.87636	-64.27993	74.85764	0.81367	-77.29865	47.19286	43.93818	118.79582	29.29212	-78.11232	-96.82673	0
4818	-51.26121	-78.92599	-53.70222	76.48498	0.81367	-69.97562	34.98781	41.49717	111.47279	21.15542	-80.55333	-99.26774	0
4819	-52.88855	-81.367	-52.88855	77.29865	14.64606	-65.90727	25.22377	44.75185	107.40444	18.71441	-78.92599	-100.89508	0
4820	-49.63387	-91.13104	-56.9569	76.48498	28.47845	-71.60296	20.34175	48.00653	105.7771	21.96909	-75.67131	-103.33609	0
4821	-44.75185	-104.14976	-65.90727	78.92599	34.17414	-85.43535	19.52808	50.44754	105.7771	29.29212	-72.41663	-105.7771	0
4822	-43.12451	-118.79582	-80.55333	84.62168	34.98781	-102.52242	21.96909	52.07488	109.03178	39.86983	-67.53461	-104.14976	0
4823	-43.93818	-132.62821	-94.38572	91.13104	34.17414	-117.16848	26.85111	53.70222	120.42316	50.44754	-62.65259	-97.6404	0
4824	-45.56552	-139.95124	-100.89508	96.01306	30.91946	-121.23683	32.5468	54.51589	135.88289	55.32956	-61.02525	-91.13104	0
4825	-43.93818	-135.06922	-101.70875	93.57205	29.29212	-113.10013	38.24249	52.88855	146.4606	56.14323	-56.14323	-85.43535	0
4826	-40.6835	-122.86417	-94.38572	85.43535	24.4101	-100.08141	38.24249	46.37919	149.71528	52.07488	-49.63387	-80.55333	0
4827	-39.86983	-110.65912	-78.11232	76.48498	16.2734	-86.24902	30.91946	36.61515	144.83326	43.12451	-44.75185	-79.73966	0
4828	-41.49717	-98.45407	-58.58424	68.34828	6.50936	-72.41663	19.52808	33.36047	138.3239	34.17414	-43.93818	-81.367	0
4829	-43.93818	-87.87636	-40.6835	63.46626	-4.88202	-64.27993	8.95037	38.24249	133.44188	31.73313	-43.12451	-83.80801	0
4830	-41.49717	-82.18067	-31.73313	60.21158	-15.45973	-65.0936	2.44101	44.75185	129.37353	33.36047	-43.12451	-85.43535	0
4831	-33.36047	-82.99434	-35.80148	56.9569	-17.08707	-74.85764	0.81367	49.63387	126.93252	36.61515	-43.93818	-86.24902	0
4832	-22.78276	-91.13104	-52.88855	55.32956	-9.76404	-86.24902	1.62734	52.07488	124.49151	42.31084	-47.19286	-87.06269	0
4833	-14.64606	-102.52242	-71.60296	54.51589	2.44101	-97.6404	6.50936	51.26121	123.67784	47.19286	-51.26121	-89.5037	0
4834	-10.57771	-110.65912	-79.73966	60.21158	12.20505	-106.59077	15.45973	48.00653	118.79582	50.44754	-55.32956	-91.94471	0
4835	-11.39138	-118.79582	-76.48498	72.41663	10.57771	-109.03178	25.22377	43.12451	106.59077	52.88855	-54.51589	-91.13104	0
4836	-17.90074	-127.74619	-74.85764	83.80801	8.95037	-109.84545	33.36047	39.05616	91.13104	52.07488	-49.63387	-87.06269	0
4837	-25.22377	-135.06922	-82.18067	89.5037	14.64606	-113.10013	38.24249	36.61515	80.55333	42.31084	-48.00653	-86.24902	0
4838	-28.47845	-139.13757	-91.13104	91.13104	23.59643	-117.16848	37.42882	34.98781	75.67131	23.59643	-49.63387	-83.80801	0
4839	-27.66478	-139.95124	-100.08141	88.69003	33.36047	-120.42316	35.80148	36.61515	80.55333	6.50936	-49.63387	-79.73966	0
4840	-25.22377	-138.3239	-107.40444	83.80801	39.86983	-122.0505	37.42882	40.6835	98.45407	3.25468	-45.56552	-78.11232	0
4841	-15.45973	-126.93252	-111.47279	72.41663	47.19286	-118.79582	43.93818	47.19286	121.23683	14.64606	-39.05616	-76.48498	0
4842	-1.62734	-112.28646	-112.28646	56.9569	55.32956	-112.28646	51.26121	52.88855	139.95124	31.73313	-32.5468	-72.41663	0
4843	4.06835	-104.14976	-112.28646	48.8202	58.58424	-108.21811	52.88855	53.70222	143.20592	43.12451	-30.10579	-71.60296	0
4844	1.62734	-104.14976	-106.59077	49.63387	54.51589	-106.59077	47.19286	48.00653	131.00087	47.19286	-31.73313	-73.2303	0
4845	-2.44101	-104.96343	-98.45407	51.26121	47.19286	-102.52242	39.05616	40.6835	112.28646	47.19286	-34.17414	-77.29865	0
4846	-7.32303	-103.33609	-94.38572	51.26121	45.56552	-98.45407	30.91946	33.36047	94.38572	44.75185	-38.24249	-82.18067	0
4847	-14.64606	-96.82673	-99.26774	48.00653	48.00653	-96.82673	22.78276	26.85111	82.99434	39.05616	-43.93818	-85.43535	0
4848	-22.78276	-88.69003	-105.7771	41.49717	44.75185	-95.19939	15.45973	21.15542	80.55333	36.61515	-48.8202	-87.06269	0
4849	-30.10579	-87.87636	-107.40444	41.49717	35.80148	-92.75838	10.57771	13.01872	85.43535	34.17414	-52.88855	-87.06269	0
4850	-34.98781	-99.26774	-106.59077	51.26121	29.29212	-97.6404	7.32303	4.88202	94.38572	27.66478	-55.32956	-88.69003	0
4851	-35.80148	-115.54114	-108.21811	61.02525	30.10579	-107.40444	7.32303	3.25468	102.52242	20.34175	-56.14323	-90.31737	0
4852	-36.61515	-122.86417	-102.52242	67.53461	28.47845	-110.65912	13.83239	11.39138	109.03178	21.96909	-52.88855	-87.87636	0
4853	-42.31084	-117.98215	-82.18067	72.41663	17.08707	-99.26774	25.22377	25.22377	116.35481	30.91946	-47.19286	-83.80801	0
4854	-54.51589	-105.7771	-54.51589	77.29865	-0.81367	-81.367	37.42882	40.6835	123.67784	37.42882	-44.75185	-81.367	0
4855	-66.72094	-93.57205	-31.73313	82.18067	-17.90074	-66.72094	45.56552	52.07488	126.93252	40.6835	-39.86983	-78.11232	0
4856	-69.16195	-84.62168	-21.15542	80.55333	-24.4101	-57.77057	49.63387	58.58424	124.49151	41.49717	-33.36047	-74.04397	0
4857	-52.07488	-76.48498	-26.85111	69.97562	-13.01872	-55.32956	53.70222	62.65259	117.98215	41.49717	-26.03744	-68.34828	0
4858	-23.59643	-68.34828	-48.00653	59.39791	11.39138	-62.65259	59.39791	67.53461	113.10013	43.93818	-16.2734	-59.39791	0
4859	-2.44101	-62.65259	-69.97562	50.44754	33.36047	-74.04397	62.65259	68.34828	109.84545	47.19286	-8.1367	-49.63387	0
4860	0	-61.83892	-75.67131	39.86983	37.42882	-78.11232	61.02525	60.21158	107.40444	50.44754	-4.06835	-40.6835	0
4861	-9.76404	-56.14323	-60.21158	32.5468	25.22377	-65.90727	57.77057	47.19286	108.21811	56.14323	-1.62734	-39.05616	0
4862	-21.96909	-48.00653	-34.17414	29.29212	5.69569	-44.75185	55.32956	36.61515	108.21811	63.46626	-5.69569	-43.93818	0
4863	-32.5468	-48.00653	-15.45973	31.73313	-8.1367	-28.47845	48.8202	28.47845	109.03178	65.90727	-16.2734	-52.07488	0
4864	-39.86983	-56.14323	-10.57771	39.86983	-14.64606	-22.78276	39.05616	22.78276	113.10013	63.46626	-26.85111	-61.83892	0
4865	-39.05616	-59.39791	-13.01872	43.12451	-13.01872	-25.22377	33.36047	20.34175	115.54114	60.21158	-32.5468	-69.97562	0
4866	-21.15542	-48.00653	-20.34175	30.10579	-0.81367	-30.10579	31.73313	20.34175	117.16848	60.21158	-30.10579	-70.78929	0
4867	3.25468	-29.29212	-26.03744	8.1367	13.83239	-30.10579	33.36047	21.96909	122.0505	67.53461	-23.59643	-67.53461	0
4868	14.64606	-11.39138	-23.59643	-4.06835	18.71441	-23.59643	35.80148	25.22377	127.74619	78.92599	-17.90074	-59.39791	0
4869	14.64606	3.25468	-13.01872	-7.32303	13.83239	-13.01872	39.05616	31.73313	131.81454	87.87636	-14.64606	-48.8202	0
4870	10.57771	14.64606	-2.44101	-8.95037	6.50936	-1.62734	40.6835	39.86983	131.00087	91.13104	-9.76404	-39.86983	0
4871	5.69569	22.78276	8.95037	-10.57771	-1.62734	9.76404	43.12451	48.00653	129.37353	87.06269	-1.62734	-33.36047	0
4872	0.81367	26.85111	21.15542	-12.20505	-9.76404	21.96909	46.37919	53.70222	126.11885	79.73966	8.1367	-30.91946	0
4873	-1.62734	21.96909	27.66478	-13.01872	-13.83239	27.66478	47.19286	51.26121	120.42316	73.2303	17.90074	-34.98781	0
4874	-4.06835	11.39138	25.22377	-8.95037	-14.64606	24.4101	36.61515	39.05616	106.59077	67.53461	22.78276	-43.12451	0
4875	-5.69569	2.44101	21.15542	-5.69569	-13.83239	18.71441	16.2734	19.52808	90.31737	61.02525	19.52808	-50.44754	0
4876	2.44101	3.25468	21.15542	-14.64606	-9.76404	21.96909	-2.44101	1.62734	76.48498	56.9569	16.2734	-52.88855	0
4877	16.2734	17.08707	23.59643	-30.10579	-4.06835	30.91946	-16.2734	-10.57771	70.78929	59.39791	16.2734	-48.8202	0
4878	25.22377	33.36047	30.10579	-40.6835	-1.62734	38.24249	-22.78276	-18.71441	70.78929	65.0936	20.34175	-41.49717	0
4879	29.29212	44.75185	38.24249	-44.75185	0	42.31084	-26.03744	-24.4101	73.2303	74.04397	26.85111	-35.80148	0
4880	27.66478	50.44754	41.49717	-43.12451	-1.62734	43.12451	-28.47845	-31.73313	78.11232	82.99434	28.47845	-32.5468	0
4881	17.90074	47.19286	39.86983	-34.17414	-6.50936	39.05616	-34.17414	-36.61515	87.87636	91.13104	21.96909	-30.10579	0
4882	6.50936	39.05616	36.61515	-22.78276	-9.76404	34.17414	-39.86983	-33.36047	102.52242	96.82673	10.57771	-27.66478	0
4883	0	34.98781	34.98781	-17.08707	-8.1367	32.5468	-42.31084	-23.59643	114.72747	96.01306	-3.25468	-26.03744	0
4884	4.06835	40.6835	34.17414	-21.96909	-4.06835	35.80148	-43.93818	-15.45973	117.16848	91.94471	-13.83239	-27.66478	0
4885	16.2734	52.88855	32.5468	-35.80148	0	42.31084	-47.19286	-8.95037	109.03178	83.80801	-15.45973	-29.29212	0
4886	26.85111	65.0936	32.5468	-49.63387	3.25468	48.8202	-52.07488	-8.95037	94.38572	67.53461	-7.32303	-27.66478	0
4887	31.73313	69.97562	34.17414	-56.9569	2.44101	52.88855	-56.14323	-17.08707	77.29865	51.26121	1.62734	-26.03744	0
4888	29.29212	62.65259	31.73313	-52.07488	-1.62734	48.00653	-60.21158	-26.85111	61.02525	39.86983	9.76404	-26.85111	0
4889	24.4101	44.75185	20.34175	-39.86983	-4.88202	32.5468	-62.65259	-33.36047	50.44754	37.42882	17.08707	-30.10579	0
4890	16.2734	26.03744	4.06835	-27.66478	-2.44101	15.45973	-59.39791	-34.17414	44.75185	43.93818	20.34175	-33.36047	0
4891	8.95037	8.1367	-11.39138	-13.83239	4.06835	-1.62734	-51.26121	-32.5468	48.8202	54.51589	17.08707	-33.36047	0
4892	6.50936	-7.32303	-29.29212	-0.81367	14.64606	-21.15542	-39.05616	-29.29212	61.02525	65.0936	10.57771	-31.73313	0
4893	8.95037	-23.59643	-47.19286	7.32303	26.85111	-39.05616	-24.4101	-25.22377	79.73966	73.2303	4.06835	-29.29212	0
4894	10.57771	-39.05616	-61.02525	15.45973	38.24249	-53.70222	-10.57771	-20.34175	96.82673	78.11232	-1.62734	-28.47845	0
4895	8.95037	-56.9569	-65.90727	26.85111	43.12451	-63.46626	-0.81367	-15.45973	104.96343	75.67131	-8.95037	-30.91946	0
4896	4.06835	-74.04397	-63.46626	41.49717	35.80148	-69.97562	5.69569	-16.2734	98.45407	65.90727	-15.45973	-35.80148	0
4897	-0.81367	-84.62168	-58.58424	50.44754	25.22377	-71.60296	10.57771	-21.96909	82.99434	52.07488	-18.71441	-39.86983	0
4898	-8.95037	-87.06269	-60.21158	52.07488	21.15542	-75.67131	13.01872	-28.47845	68.34828	38.24249	-18.71441	-45.56552	0
4899	-13.83239	-87.06269	-67.53461	49.63387	26.03744	-84.62168	13.83239	-32.5468	57.77057	26.03744	-18.71441	-54.51589	0
4900	-8.95037	-95.19939	-77.29865	51.26121	39.86983	-92.75838	14.64606	-30.91946	54.51589	21.15542	-25.22377	-60.21158	0
4901	0	-111.47279	-90.31737	60.21158	55.32956	-100.08141	17.90074	-21.96909	56.9569	20.34175	-35.80148	-65.90727	0
4902	-0.81367	-126.93252	-105.7771	74.04397	61.02525	-112.28646	21.15542	-11.39138	60.21158	17.08707	-45.56552	-71.60296	0
4903	-11.39138	-138.3239	-118.79582	87.06269	59.39791	-127.74619	23.59643	-4.06835	61.83892	14.64606	-52.88855	-77.29865	0
4904	-23.59643	-146.4606	-125.30518	96.01306	53.70222	-138.3239	26.03744	0	60.21158	13.01872	-56.9569	-82.99434	0
4905	-32.5468	-148.90161	-122.0505	98.45407	44.75185	-138.3239	27.66478	0	50.44754	8.1367	-61.02525	-86.24902	0
4906	-37.42882	-144.01959	-113.9138	95.19939	36.61515	-133.44188	28.47845	0	33.36047	0	-65.0936	-85.43535	0
4907	-35.80148	-139.13757	-114.72747	90.31737	37.42882	-132.62821	27.66478	-2.44101	15.45973	-5.69569	-69.97562	-83.80801	0
4908	-26.03744	-138.3239	-121.23683	82.99434	45.56552	-135.06922	26.85111	-12.20505	8.1367	-3.25468	-72.41663	-80.55333	0
4909	-15.45973	-140.76491	-122.86417	75.67131	52.88855	-132.62821	27.66478	-27.66478	17.08707	6.50936	-70.78929	-75.67131	0
4910	-14.64606	-143.20592	-119.60949	74.04397	52.07488	-129.37353	29.29212	-44.75185	34.98781	17.90074	-69.97562	-72.41663	0
4911	-21.96909	-147.27427	-117.98215	79.73966	47.19286	-129.37353	29.29212	-52.07488	54.51589	28.47845	-71.60296	-75.67131	0
4912	-30.10579	-154.5973	-119.60949	89.5037	43.93818	-135.06922	26.85111	-44.75185	65.0936	34.17414	-75.67131	-83.80801	0
4913	-36.61515	-161.92033	-123.67784	97.6404	43.12451	-141.57858	22.78276	-30.10579	63.46626	33.36047	-82.99434	-91.13104	0
4914	-39.86983	-168.42969	-128.55986	103.33609	43.12451	-148.08794	17.08707	-15.45973	53.70222	29.29212	-88.69003	-92.75838	0
4915	-42.31084	-170.8707	-130.1872	104.96343	40.6835	-150.52895	13.01872	-7.32303	42.31084	21.96909	-87.06269	-89.5037	0
4916	-47.19286	-166.80235	-122.0505	105.7771	32.5468	-145.64693	11.39138	-9.76404	35.80148	10.57771	-78.92599	-87.06269	0
4917	-51.26121	-155.41097	-108.21811	102.52242	23.59643	-131.81454	11.39138	-20.34175	35.80148	2.44101	-69.97562	-85.43535	0
4918	-52.07488	-139.95124	-95.19939	97.6404	17.08707	-112.28646	13.01872	-29.29212	44.75185	2.44101	-61.83892	-82.18067	0
4919	-52.07488	-124.49151	-82.18067	89.5037	10.57771	-96.01306	17.90074	-30.10579	59.39791	9.76404	-52.88855	-78.11232	0
4920	-46.37919	-115.54114	-72.41663	79.73966	8.1367	-88.69003	23.59643	-21.96909	72.41663	19.52808	-43.93818	-74.85764	0
4921	-34.98781	-111.47279	-73.2303	68.34828	13.83239	-89.5037	26.03744	-9.76404	82.99434	29.29212	-42.31084	-74.04397	0
4922	-22.78276	-111.47279	-85.43535	61.83892	25.22377	-95.19939	27.66478	0.81367	88.69003	34.17414	-47.19286	-75.67131	0
4923	-13.01872	-117.98215	-104.14976	61.02525	39.86983	-106.59077	29.29212	8.1367	85.43535	33.36047	-52.07488	-80.55333	0
4924	-11.39138	-129.37353	-118.79582	66.72094	55.32956	-119.60949	30.10579	13.83239	76.48498	29.29212	-55.32956	-87.87636	0
4925	-26.03744	-148.90161	-123.67784	84.62168	64.27993	-132.62821	27.66478	9.76404	61.83892	19.52808	-60.21158	-92.75838	0
4926	-48.00653	-174.93905	-126.11885	108.21811	61.02525	-148.90161	20.34175	-8.95037	41.49717	4.88202	-66.72094	-93.57205	0
4927	-64.27993	-202.60383	-135.88289	127.74619	53.70222	-161.92033	10.57771	-44.75185	15.45973	-11.39138	-74.04397	-92.75838	0
4928	-71.60296	-222.13191	-146.4606	140.76491	48.8202	-165.17501	-2.44101	-87.87636	-16.2734	-28.47845	-82.18067	-89.5037	0
4929	-72.41663	-223.75925	-149.71528	141.57858	46.37919	-161.92033	-19.52808	-137.51023	-64.27993	-48.8202	-92.75838	-87.06269	0
4930	-68.34828	-201.79016	-141.57858	125.30518	44.75185	-151.34262	-38.24249	-198.53548	-134.25555	-74.85764	-101.70875	-83.80801	0
4931	-57.77057	-163.54767	-121.23683	100.89508	39.05616	-129.37353	-60.21158	-278.27514	-231.08228	-106.59077	-108.21811	-76.48498	0
4932	-46.37919	-116.35481	-82.99434	74.85764	22.78276	-93.57205	-84.62168	-371.03352	-345.80975	-140.76491	-105.7771	-59.39791	0
4933	-34.17414	-56.9569	-26.85111	43.93818	-3.25468	-39.86983	-108.21811	-468.67392	-471.9286	-172.49804	-87.06269	-26.85111	0
4934	-23.59643	8.1367	34.17414	8.95037	-31.73313	20.34175	-137.51023	-573.63735	-608.62516	-201.79016	-56.14323	18.71441	0
4935	-10.57771	69.97562	85.43535	-26.85111	-52.07488	76.48498	-178.19373	-689.99216	-755.08576	-227.01393	-18.71441	70.78929	0
4936	9.76404	135.88289	130.1872	-72.41663	-63.46626	131.81454	-222.94558	-811.22899	-897.47801	-240.03265	29.29212	132.62821	0
4937	38.24249	223.75925	191.21245	-133.44188	-78.92599	206.67218	-260.3744	-930.02481	-1026.03787	-243.28733	100.08141	211.5542	0
4938	61.83892	334.41837	283.97083	-199.34915	-114.72747	309.1946	-296.17588	-1062.65302	-1156.22507	-235.15063	187.95777	304.31258	0
4939	78.11232	461.35089	405.20766	-264.44275	-171.68437	433.68611	-341.7414	-1226.20069	-1305.94035	-218.87723	279.08881	397.88463	0
4940	89.5037	604.55681	541.09055	-338.48672	-236.77797	573.63735	-398.6983	-1417.41314	-1475.18371	-202.60383	368.59251	486.57466	0
4941	99.26774	758.34044	677.78711	-420.66739	-298.61689	718.47061	-476.81062	-1621.64431	-1646.86808	-184.70309	453.21419	569.569	0
4942	111.47279	901.54636	799.83761	-501.22072	-349.8781	851.09882	-580.96038	-1799.83804	-1793.32868	-152.96996	532.14018	631.40792	0
4943	117.98215	1003.25511	887.71397	-557.36395	-387.30692	944.67087	-684.29647	-1920.2612	-1892.59642	-111.47279	591.53809	662.32738	0
4944	110.65912	1021.96952	909.68306	-566.31432	-400.32564	965.82629	-753.45842	-1983.72746	-1925.14322	-79.73966	606.18415	669.65041	0
4945	93.57205	936.53417	839.70744	-516.68045	-372.66086	887.71397	-782.75054	-1976.40443	-1869.81366	-65.90727	558.99129	643.61297	0
4946	72.41663	750.20374	676.15977	-414.9717	-301.87157	713.58859	-777.05485	-1884.45972	-1731.48976	-67.53461	453.21419	569.569	0
4947	43.93818	484.94732	441.82281	-269.32477	-199.34915	464.60557	-742.88071	-1732.30343	-1565.50108	-106.59077	292.10753	449.14584	0
4948	11.39138	186.33043	178.19373	-104.14976	-83.80801	183.88942	-698.12886	-1551.66869	-1430.43186	-211.5542	82.99434	296.98955	0
4949	-13.01872	-82.99434	-65.0936	43.93818	25.22377	-73.2303	-662.32738	-1371.03395	-1336.04614	-392.18894	-145.64693	139.95124	0
4950	-31.73313	-290.48019	-254.67871	158.66565	110.65912	-271.76578	-641.98563	-1209.11362	-1275.02089	-615.94819	-353.13278	4.88202	0
4951	-46.37919	-435.31345	-381.61123	236.77797	163.54767	-408.46234	-630.59425	-1069.97605	-1248.16978	-825.87505	-505.28907	-90.31737	0
4952	-50.44754	-532.14018	-462.97823	280.71615	195.2808	-497.96604	-614.32085	-947.11188	-1228.6417	-972.33565	-589.91075	-148.90161	0
4953	-43.93818	-585.02873	-515.86678	300.24423	217.24989	-550.85459	-585.02873	-825.87505	-1179.00783	-1032.54723	-612.69351	-178.19373	0
4954	-33.36047	-601.30213	-545.97257	305.12625	232.70962	-575.26469	-538.64954	-688.36482	-1079.74009	-1008.13713	-588.28341	-187.1441	0
4955	-26.85111	-596.42011	-554.10927	302.68524	245.72834	-576.89203	-473.55594	-537.83587	-935.7205	-922.70178	-536.20853	-183.88942	0
4956	-30.91946	-573.63735	-545.97257	297.80322	253.05137	-557.36395	-399.51197	-393.00261	-772.17283	-807.97431	-477.62429	-177.38006	0
4957	-35.80148	-537.83587	-525.63082	290.48019	248.16935	-524.81715	-330.35002	-270.95211	-617.57553	-691.6195	-423.92207	-174.12538	0
4958	-31.73313	-499.59338	-497.96604	273.39312	239.21898	-491.45668	-270.13844	-177.38006	-489.01567	-586.65607	-378.35655	-174.93905	0
4959	-18.71441	-467.86025	-472.74227	250.61036	231.89595	-464.60557	-217.24989	-110.65912	-388.12059	-493.89769	-336.85938	-175.75272	0
4960	-6.50936	-449.14584	-456.46887	232.70962	227.8276	-449.14584	-170.8707	-68.34828	-310.82194	-412.53069	-297.80322	-174.93905	0
4961	1.62734	-435.31345	-445.07749	219.6909	225.38659	-438.56813	-129.37353	-49.63387	-247.35568	-342.55507	-260.3744	-169.24336	0
4962	6.50936	-415.78537	-427.17675	205.04484	217.24989	-421.48106	-92.75838	-44.75185	-188.77144	-279.90248	-224.57292	-157.03831	0
4963	1.62734	-388.93426	-393.81628	192.83979	197.72181	-392.18894	-62.65259	-38.24249	-126.93252	-223.75925	-189.58511	-139.13757	0
4964	-10.57771	-356.38746	-345.80975	182.26208	166.80235	-351.50544	-35.80148	-14.64606	-57.77057	-170.05703	-157.85198	-122.0505	0
4965	-24.4101	-312.44928	-290.48019	164.36134	133.44188	-301.87157	-8.95037	29.29212	12.20505	-119.60949	-132.62821	-109.84545	0
4966	-37.42882	-266.07009	-235.9643	143.20592	101.70875	-251.42403	15.45973	82.99434	72.41663	-76.48498	-109.03178	-98.45407	0
4967	-48.8202	-229.45494	-190.39878	128.55986	73.2303	-208.29952	35.80148	128.55986	111.47279	-43.12451	-87.06269	-87.06269	0
4968	-52.07488	-197.72181	-155.41097	114.72747	51.26121	-173.31171	52.07488	160.29299	131.00087	-20.34175	-72.41663	-78.92599	0
4969	-47.19286	-170.05703	-130.1872	101.70875	38.24249	-145.64693	65.90727	176.56639	137.51023	-4.06835	-64.27993	-74.04397	0
4970	-41.49717	-152.15629	-114.72747	92.75838	32.5468	-129.37353	74.85764	179.0074	139.95124	8.95037	-57.77057	-73.2303	0
4971	-39.86983	-142.39225	-104.96343	87.06269	29.29212	-122.0505	82.99434	175.75272	155.41097	24.4101	-49.63387	-70.78929	0
4972	-39.05616	-139.13757	-104.96343	86.24902	29.29212	-122.0505	90.31737	178.19373	184.70309	43.12451	-39.86983	-66.72094	0
4973	-36.61515	-143.20592	-112.28646	87.06269	34.98781	-128.55986	96.82673	184.70309	218.87723	59.39791	-33.36047	-63.46626	0
4974	-32.5468	-151.34262	-122.86417	91.13104	43.93818	-135.06922	100.08141	191.21245	244.91467	68.34828	-30.91946	-62.65259	0
4975	-30.10579	-152.15629	-133.44188	96.01306	52.88855	-139.13757	101.70875	196.09447	253.05137	66.72094	-26.85111	-60.21158	0
4976	-26.85111	-142.39225	-140.76491	96.01306	57.77057	-137.51023	101.70875	196.09447	244.101	60.21158	-21.15542	-55.32956	0
4977	-17.08707	-124.49151	-135.88289	83.80801	59.39791	-129.37353	100.89508	192.83979	228.64127	57.77057	-13.01872	-49.63387	0
4978	-0.81367	-103.33609	-122.86417	61.83892	58.58424	-119.60949	98.45407	188.77144	218.87723	63.46626	-2.44101	-44.75185	0
4979	13.83239	-86.24902	-111.47279	41.49717	54.51589	-106.59077	95.19939	185.51676	215.62255	71.60296	4.06835	-42.31084	0
4980	22.78276	-79.73966	-103.33609	29.29212	52.07488	-89.5037	90.31737	187.1441	218.06356	74.85764	3.25468	-40.6835	0
4981	26.85111	-79.73966	-96.01306	22.78276	51.26121	-76.48498	87.06269	195.2808	229.45494	78.11232	-1.62734	-42.31084	0
4982	28.47845	-81.367	-93.57205	25.22377	50.44754	-74.85764	86.24902	202.60383	244.91467	82.18067	-5.69569	-47.19286	0
4983	26.03744	-81.367	-99.26774	30.91946	55.32956	-84.62168	88.69003	204.23117	258.74706	82.99434	-8.1367	-55.32956	0
4984	17.90074	-78.92599	-109.03178	32.5468	63.46626	-91.13104	95.19939	201.79016	266.88376	80.55333	-8.1367	-65.0936	0
4985	8.1367	-76.48498	-114.72747	33.36047	69.97562	-89.5037	101.70875	193.65346	266.88376	75.67131	-10.57771	-71.60296	0
4986	-1.62734	-73.2303	-109.03178	31.73313	69.97562	-82.18067	108.21811	185.51676	259.56073	73.2303	-15.45973	-74.04397	0
4987	-13.83239	-71.60296	-95.19939	31.73313	61.02525	-75.67131	115.54114	182.26208	252.2377	73.2303	-14.64606	-71.60296	0
4988	-26.03744	-76.48498	-78.11232	38.24249	44.75185	-72.41663	120.42316	183.88942	248.98302	75.67131	-8.1367	-65.90727	0
4989	-35.80148	-85.43535	-61.02525	49.63387	26.85111	-71.60296	123.67784	189.58511	248.98302	81.367	0	-59.39791	0
4990	-40.6835	-91.13104	-51.26121	59.39791	13.83239	-71.60296	126.11885	197.72181	252.2377	91.13104	6.50936	-52.88855	0
4991	-38.24249	-91.94471	-50.44754	61.83892	9.76404	-73.2303	128.55986	205.85851	257.93339	100.08141	13.01872	-47.19286	0
4992	-28.47845	-87.87636	-57.77057	57.77057	15.45973	-74.85764	131.00087	213.18154	263.62908	104.14976	16.2734	-43.93818	0
4993	-10.57771	-78.92599	-67.53461	44.75185	27.66478	-77.29865	132.62821	219.6909	269.32477	100.89508	17.90074	-45.56552	0
4994	13.83239	-64.27993	-78.92599	24.4101	43.12451	-80.55333	135.88289	226.20026	275.02046	96.82673	23.59643	-48.8202	0
4995	39.86983	-52.88855	-86.24902	8.1367	51.26121	-81.367	139.95124	231.89595	279.08881	95.19939	26.85111	-48.8202	0
4996	48.00653	-60.21158	-86.24902	13.01872	45.56552	-82.18067	144.83326	234.33696	279.90248	95.19939	24.4101	-47.19286	0
4997	36.61515	-81.367	-87.06269	31.73313	38.24249	-89.5037	148.08794	230.26861	279.08881	96.82673	20.34175	-45.56552	0
4998	21.15542	-102.52242	-98.45407	48.8202	41.49717	-103.33609	148.90161	226.20026	277.46147	102.52242	18.71441	-39.86983	0
4999	12.20505	-115.54114	-115.54114	59.39791	52.07488	-118.79582	147.27427	222.13191	278.27514	110.65912	19.52808	-33.36047	0
5000	8.1367	-122.86417	-129.37353	64.27993	62.65259	-129.37353	143.20592	222.94558	280.71615	117.16848	21.96909	-25.22377	0
5001	4.06835	-124.49151	-134.25555	64.27993	66.72094	-132.62821	140.76491	231.08228	287.22551	117.98215	25.22377	-20.34175	0
5002	-0.81367	-120.42316	-126.11885	63.46626	62.65259	-125.30518	138.3239	244.101	293.73487	113.10013	26.85111	-20.34175	0
5003	-9.76404	-108.21811	-105.7771	59.39791	48.8202	-108.21811	138.3239	255.49238	300.24423	104.96343	28.47845	-26.03744	0
5004	-16.2734	-90.31737	-78.92599	52.07488	31.73313	-87.06269	139.95124	264.44275	304.31258	96.01306	31.73313	-33.36047	0
5005	-17.08707	-71.60296	-56.14323	41.49717	19.52808	-70.78929	143.20592	269.32477	303.49891	91.13104	31.73313	-38.24249	0
5006	-13.83239	-56.14323	-42.31084	30.91946	13.01872	-57.77057	144.01959	270.95211	296.98955	88.69003	28.47845	-39.05616	0
5007	-7.32303	-44.75185	-34.17414	21.15542	12.20505	-46.37919	144.01959	269.32477	290.48019	87.87636	26.03744	-38.24249	0
5008	0.81367	-34.98781	-32.5468	12.20505	15.45973	-35.80148	142.39225	269.32477	285.59817	90.31737	25.22377	-36.61515	0
5009	9.76404	-23.59643	-32.5468	4.88202	19.52808	-23.59643	138.3239	273.39312	279.08881	93.57205	24.4101	-36.61515	0
5010	17.08707	-13.01872	-30.91946	-1.62734	22.78276	-14.64606	131.00087	280.71615	274.20679	99.26774	26.03744	-37.42882	0
5011	14.64606	-8.1367	-25.22377	-3.25468	18.71441	-10.57771	125.30518	292.9212	272.57945	106.59077	30.91946	-35.80148	0
5012	5.69569	-8.1367	-16.2734	0.81367	8.95037	-8.1367	123.67784	305.93992	279.90248	116.35481	36.61515	-31.73313	0
5013	0	-8.95037	-4.88202	6.50936	-0.81367	-8.95037	129.37353	316.51763	292.10753	122.86417	45.56552	-27.66478	0
5014	-3.25468	-4.88202	4.06835	8.95037	-8.95037	-12.20505	139.13757	323.84066	299.43056	124.49151	53.70222	-26.03744	0
5015	0.81367	1.62734	5.69569	6.50936	-6.50936	-13.01872	148.08794	323.84066	301.0579	122.0505	56.9569	-26.03744	0
5016	11.39138	5.69569	-4.06835	0	4.88202	-14.64606	152.96996	315.70396	298.61689	118.79582	53.70222	-25.22377	0
5017	18.71441	6.50936	-15.45973	-8.1367	16.2734	-14.64606	152.96996	306.75359	295.36221	117.16848	49.63387	-24.4101	0
5018	23.59643	8.1367	-17.08707	-15.45973	20.34175	-8.95037	150.52895	298.61689	296.17588	120.42316	48.8202	-24.4101	0
5019	21.96909	11.39138	-10.57771	-16.2734	15.45973	-0.81367	144.83326	292.10753	300.24423	125.30518	52.07488	-27.66478	0
5020	15.45973	17.08707	-0.81367	-13.01872	6.50936	4.88202	139.13757	294.54854	313.26295	135.06922	53.70222	-30.91946	0
5021	10.57771	22.78276	4.88202	-12.20505	0.81367	10.57771	135.06922	316.51763	331.97736	146.4606	52.07488	-27.66478	0
5022	8.1367	25.22377	8.95037	-12.20505	-0.81367	13.83239	137.51023	351.50544	347.43709	149.71528	50.44754	-20.34175	0
5023	7.32303	26.85111	13.83239	-13.83239	-4.06835	17.90074	142.39225	378.35655	357.20113	145.64693	52.07488	-10.57771	0
5024	7.32303	31.73313	19.52808	-17.08707	-10.57771	26.85111	148.90161	386.49325	358.82847	135.88289	58.58424	-0.81367	0
5025	6.50936	43.12451	26.03744	-23.59643	-21.15542	41.49717	154.5973	382.4249	353.94645	125.30518	66.72094	4.06835	0
5026	6.50936	57.77057	36.61515	-30.91946	-28.47845	57.77057	154.5973	375.91554	348.25076	117.98215	71.60296	4.88202	0
5027	8.95037	74.04397	51.26121	-37.42882	-33.36047	72.41663	145.64693	375.91554	343.36874	114.72747	74.04397	3.25468	0
5028	4.88202	87.06269	67.53461	-46.37919	-41.49717	84.62168	133.44188	384.86591	341.7414	116.35481	74.85764	4.88202	0
5029	-4.06835	91.13104	82.99434	-56.9569	-51.26121	91.13104	124.49151	396.25729	342.55507	119.60949	75.67131	9.76404	0
5030	-11.39138	92.75838	96.01306	-65.90727	-59.39791	96.82673	122.86417	409.27601	344.18241	122.86417	78.11232	13.83239	0
5031	-12.20505	102.52242	108.21811	-71.60296	-63.46626	105.7771	125.30518	423.1084	347.43709	126.93252	84.62168	17.90074	0
5032	-4.88202	117.98215	122.0505	-74.85764	-65.90727	119.60949	131.81454	436.94079	352.31911	131.00087	93.57205	26.85111	0
5033	2.44101	131.00087	134.25555	-74.04397	-69.97562	131.81454	139.13757	445.07749	357.20113	133.44188	102.52242	37.42882	0
5034	8.1367	137.51023	140.76491	-73.2303	-71.60296	138.3239	142.39225	449.95951	358.0148	131.00087	107.40444	45.56552	0
5035	16.2734	146.4606	140.76491	-79.73966	-67.53461	141.57858	139.95124	450.77318	348.25076	124.49151	108.21811	50.44754	0
5036	26.85111	160.29299	140.76491	-93.57205	-60.21158	145.64693	135.06922	449.14584	331.97736	117.16848	106.59077	54.51589	0
5037	36.61515	175.75272	147.27427	-108.21811	-56.9569	156.22464	128.55986	443.45015	310.82194	109.84545	105.7771	56.9569	0
5038	43.12451	194.46713	160.29299	-124.49151	-52.88855	172.49804	118.79582	433.68611	292.10753	103.33609	105.7771	60.21158	0
5039	40.6835	211.5542	172.49804	-136.69656	-52.88855	189.58511	109.03178	423.92207	279.08881	99.26774	105.7771	65.90727	0
5040	30.10579	223.75925	186.33043	-139.95124	-63.46626	204.23117	104.96343	419.85372	271.76578	98.45407	108.21811	69.97562	0
5041	18.71441	234.33696	205.04484	-136.69656	-81.367	218.87723	107.40444	421.48106	270.13844	98.45407	114.72747	72.41663	0
5042	6.50936	245.72834	228.64127	-131.81454	-104.14976	236.77797	113.9138	424.73574	267.69743	98.45407	123.67784	77.29865	0
5043	-4.88202	257.93339	256.30605	-128.55986	-122.86417	257.11972	122.0505	428.80409	262.00174	96.01306	131.00087	87.87636	0
5044	-14.64606	269.32477	283.97083	-131.00087	-133.44188	279.08881	128.55986	429.61776	248.16935	90.31737	135.06922	101.70875	0
5045	-12.20505	281.52982	305.12625	-137.51023	-139.95124	300.24423	130.1872	423.1084	228.64127	84.62168	141.57858	113.9138	0
5046	2.44101	299.43056	310.82194	-145.64693	-139.13757	312.44928	125.30518	410.08968	205.85851	78.11232	146.4606	119.60949	0
5047	18.71441	321.39965	302.68524	-157.03831	-133.44188	312.44928	116.35481	395.44362	182.26208	66.72094	144.83326	117.98215	0
5048	26.85111	341.7414	296.17588	-174.12538	-131.00087	309.1946	107.40444	384.86591	162.734	52.07488	137.51023	111.47279	0
5049	32.5468	356.38746	296.98955	-185.51676	-131.81454	314.07662	98.45407	379.98389	150.52895	38.24249	129.37353	104.96343	0
5050	37.42882	363.71049	304.31258	-188.77144	-134.25555	323.02699	90.31737	377.54288	144.01959	30.10579	124.49151	102.52242	0
5051	35.80148	366.1515	314.07662	-186.33043	-135.88289	332.79103	86.24902	371.84719	133.44188	26.03744	123.67784	102.52242	0
5052	29.29212	366.1515	326.28167	-186.33043	-135.06922	342.55507	80.55333	355.57379	108.21811	20.34175	122.0505	104.14976	0
5053	34.17414	374.2882	335.23204	-196.90814	-135.06922	353.13278	67.53461	328.72268	67.53461	10.57771	117.16848	105.7771	0
5054	55.32956	394.62995	336.85938	-222.94558	-137.51023	365.33783	50.44754	299.43056	25.22377	0	111.47279	109.84545	0
5055	78.11232	419.85372	340.92773	-250.61036	-141.57858	378.35655	31.73313	272.57945	-7.32303	-10.57771	110.65912	113.9138	0
5056	88.69003	441.82281	354.76012	-269.32477	-147.27427	391.37527	13.01872	248.16935	-29.29212	-24.4101	113.10013	117.16848	0
5057	81.367	454.02786	375.91554	-273.39312	-159.47932	405.20766	0.81367	228.64127	-41.49717	-38.24249	116.35481	119.60949	0
5058	58.58424	453.21419	401.95298	-262.00174	-178.19373	418.22638	-0.81367	218.06356	-48.00653	-46.37919	122.0505	126.11885	0
5059	26.85111	444.26382	425.54941	-239.21898	-201.79016	427.99042	3.25468	213.99521	-53.70222	-44.75185	131.81454	135.88289	0
5060	-4.06835	433.68611	441.00914	-213.99521	-222.13191	431.2451	7.32303	210.74053	-58.58424	-39.05616	143.20592	144.83326	0
5061	-26.03744	423.1084	445.89116	-194.46713	-231.89595	428.80409	9.76404	196.90814	-69.16195	-38.24249	147.27427	148.08794	0
5062	-30.91946	417.41271	442.63648	-188.77144	-231.08228	426.36308	7.32303	170.8707	-90.31737	-49.63387	139.13757	145.64693	0
5063	-17.08707	416.59904	429.61776	-195.2808	-218.06356	422.29473	-0.81367	139.13757	-120.42316	-68.34828	123.67784	139.95124	0
5064	4.06835	414.15803	410.08968	-205.85851	-199.34915	413.34436	-13.83239	105.7771	-154.5973	-89.5037	109.84545	134.25555	0
5065	19.52808	409.27601	392.18894	-215.62255	-184.70309	404.39399	-28.47845	70.78929	-188.77144	-109.84545	100.08141	129.37353	0
5066	23.59643	406.02133	383.23857	-222.13191	-178.19373	398.6983	-39.05616	39.86983	-217.24989	-123.67784	94.38572	126.93252	0
5067	20.34175	402.76665	379.17022	-223.75925	-176.56639	394.62995	-46.37919	17.90074	-235.9643	-129.37353	94.38572	128.55986	0
5068	12.20505	390.5616	373.47453	-213.99521	-176.56639	384.86591	-52.07488	4.06835	-244.91467	-131.81454	95.19939	131.00087	0
5069	3.25468	373.47453	366.1515	-197.72181	-178.19373	372.66086	-56.14323	-3.25468	-248.98302	-131.00087	94.38572	132.62821	0
5070	-5.69569	358.0148	363.71049	-181.44841	-183.07575	362.89682	-56.14323	-9.76404	-251.42403	-130.1872	92.75838	135.88289	0
5071	-16.2734	346.62342	362.08315	-166.80235	-188.77144	355.57379	-54.51589	-18.71441	-256.30605	-132.62821	90.31737	135.88289	0
5072	-22.78276	335.23204	356.38746	-155.41097	-190.39878	347.43709	-51.26121	-31.73313	-266.88376	-142.39225	85.43535	131.81454	0
5073	-25.22377	321.39965	345.80975	-146.4606	-186.33043	335.23204	-49.63387	-48.00653	-279.90248	-154.5973	78.11232	123.67784	0
5074	-19.52808	311.63561	329.53635	-141.57858	-174.93905	322.21332	-52.07488	-65.0936	-288.85285	-165.17501	69.97562	113.9138	0
5075	-2.44101	308.38093	310.00827	-139.95124	-157.03831	310.82194	-55.32956	-78.92599	-292.10753	-171.68437	61.83892	104.14976	0
5076	10.57771	301.0579	290.48019	-140.76491	-140.76491	296.98955	-61.02525	-90.31737	-292.9212	-171.68437	54.51589	94.38572	0
5077	14.64606	283.97083	274.20679	-135.88289	-132.62821	280.71615	-66.72094	-101.70875	-294.54854	-165.98868	45.56552	84.62168	0
5078	13.83239	262.81541	265.25642	-124.49151	-132.62821	266.07009	-68.34828	-111.47279	-292.10753	-158.66565	39.05616	75.67131	0
5079	13.01872	250.61036	258.74706	-115.54114	-131.81454	257.11972	-61.83892	-119.60949	-284.7845	-148.90161	36.61515	68.34828	0
5080	13.01872	242.47366	246.54201	-112.28646	-124.49151	246.54201	-52.88855	-123.67784	-275.83413	-141.57858	35.80148	60.21158	0
5081	13.83239	228.64127	224.57292	-109.84545	-110.65912	230.26861	-43.93818	-122.86417	-266.88376	-137.51023	31.73313	48.8202	0
5082	9.76404	205.85851	196.90814	-100.89508	-97.6404	212.36787	-39.05616	-121.23683	-253.05137	-132.62821	28.47845	38.24249	0
5083	0	180.63474	172.49804	-87.06269	-87.87636	192.02612	-34.98781	-116.35481	-233.52329	-123.67784	25.22377	33.36047	0
5084	-12.20505	157.03831	156.22464	-72.41663	-78.92599	171.68437	-31.73313	-105.7771	-210.74053	-112.28646	21.96909	34.17414	0
5085	-21.96909	131.81454	142.39225	-57.77057	-72.41663	148.08794	-28.47845	-93.57205	-190.39878	-100.89508	21.96909	34.17414	0
5086	-23.59643	110.65912	127.74619	-48.00653	-66.72094	126.11885	-23.59643	-83.80801	-172.49804	-91.94471	26.03744	33.36047	0
5087	-17.90074	97.6404	113.10013	-45.56552	-60.21158	109.84545	-17.90074	-78.11232	-156.22464	-82.99434	32.5468	32.5468	0
5088	-10.57771	90.31737	99.26774	-45.56552	-52.88855	95.19939	-11.39138	-74.85764	-137.51023	-74.04397	38.24249	29.29212	0
5089	-5.69569	88.69003	84.62168	-46.37919	-44.75185	81.367	-1.62734	-68.34828	-115.54114	-63.46626	44.75185	26.03744	0
5090	0.81367	87.06269	74.85764	-49.63387	-37.42882	74.04397	10.57771	-58.58424	-94.38572	-51.26121	48.8202	22.78276	0
5091	13.01872	81.367	66.72094	-55.32956	-27.66478	71.60296	18.71441	-49.63387	-78.11232	-40.6835	48.00653	18.71441	0
5092	25.22377	74.85764	56.9569	-57.77057	-15.45973	66.72094	21.15542	-42.31084	-69.16195	-34.17414	43.93818	11.39138	0
5093	24.4101	58.58424	43.93818	-48.00653	-8.1367	52.88855	17.08707	-37.42882	-63.46626	-30.10579	36.61515	1.62734	0
5094	6.50936	30.91946	31.73313	-23.59643	-7.32303	32.5468	5.69569	-34.98781	-60.21158	-30.10579	26.85111	-10.57771	0
5095	-20.34175	1.62734	26.85111	4.88202	-10.57771	15.45973	-5.69569	-34.17414	-55.32956	-27.66478	19.52808	-19.52808	0
5096	-43.12451	-19.52808	26.85111	26.85111	-17.90074	4.88202	-13.01872	-32.5468	-45.56552	-21.96909	17.08707	-23.59643	0
5097	-52.88855	-33.36047	21.15542	39.86983	-23.59643	-4.06835	-16.2734	-28.47845	-31.73313	-17.08707	17.08707	-24.4101	0
5098	-46.37919	-39.86983	8.95037	44.75185	-19.52808	-13.01872	-15.45973	-21.96909	-13.83239	-13.01872	18.71441	-24.4101	0
5099	-34.17414	-45.56552	-6.50936	44.75185	-10.57771	-22.78276	-10.57771	-14.64606	1.62734	-8.95037	21.96909	-23.59643	0
5100	-22.78276	-50.44754	-21.96909	42.31084	-0.81367	-34.17414	-4.88202	-11.39138	13.01872	-7.32303	22.78276	-21.15542	0
5101	-12.20505	-50.44754	-33.36047	37.42882	7.32303	-40.6835	0	-12.20505	18.71441	-7.32303	21.96909	-21.96909	0
5102	-3.25468	-46.37919	-38.24249	27.66478	13.83239	-39.86983	5.69569	-15.45973	18.71441	-7.32303	21.15542	-25.22377	0
5103	4.88202	-43.93818	-37.42882	18.71441	19.52808	-35.80148	12.20505	-20.34175	13.01872	-8.1367	22.78276	-26.85111	0
5104	7.32303	-43.12451	-32.5468	17.90074	21.96909	-33.36047	15.45973	-24.4101	6.50936	-8.95037	26.03744	-28.47845	0
5105	1.62734	-38.24249	-27.66478	21.15542	17.90074	-32.5468	14.64606	-24.4101	1.62734	-8.95037	27.66478	-30.91946	0
5106	-0.81367	-29.29212	-24.4101	23.59643	14.64606	-29.29212	11.39138	-20.34175	4.88202	-6.50936	30.91946	-32.5468	0
5107	2.44101	-22.78276	-25.22377	26.03744	15.45973	-26.03744	6.50936	-15.45973	16.2734	0	33.36047	-33.36047	0
5108	5.69569	-26.03744	-31.73313	25.22377	18.71441	-30.10579	0	-13.83239	28.47845	8.1367	34.17414	-39.86983	0
5109	4.06835	-38.24249	-41.49717	19.52808	21.96909	-39.05616	-3.25468	-10.57771	43.93818	12.20505	39.05616	-47.19286	0
5110	4.06835	-48.8202	-48.00653	16.2734	25.22377	-44.75185	2.44101	-2.44101	57.77057	17.90074	45.56552	-49.63387	0
5111	7.32303	-56.14323	-51.26121	21.15542	27.66478	-47.19286	16.2734	8.1367	64.27993	25.22377	48.00653	-45.56552	0
5112	6.50936	-57.77057	-55.32956	29.29212	30.10579	-51.26121	27.66478	14.64606	63.46626	28.47845	44.75185	-43.12451	0
5113	2.44101	-56.14323	-61.83892	35.80148	31.73313	-59.39791	31.73313	17.08707	60.21158	26.85111	36.61515	-43.12451	0
5114	-0.81367	-56.9569	-65.0936	38.24249	30.91946	-65.0936	28.47845	17.08707	59.39791	25.22377	27.66478	-43.93818	0
5115	-4.06835	-57.77057	-62.65259	35.80148	27.66478	-64.27993	22.78276	17.90074	65.0936	25.22377	22.78276	-44.75185	0
5116	-2.44101	-53.70222	-56.9569	32.5468	26.03744	-57.77057	17.08707	21.15542	73.2303	26.85111	26.03744	-42.31084	0
5117	2.44101	-48.00653	-56.9569	28.47845	30.10579	-52.88855	14.64606	24.4101	80.55333	29.29212	30.10579	-35.80148	0
5118	1.62734	-46.37919	-58.58424	26.03744	34.98781	-51.26121	15.45973	26.85111	82.18067	27.66478	30.91946	-32.5468	0
5119	-4.88202	-52.88855	-58.58424	29.29212	32.5468	-52.88855	14.64606	25.22377	77.29865	22.78276	27.66478	-34.98781	0
5120	-11.39138	-69.16195	-58.58424	39.05616	31.73313	-59.39791	13.01872	21.15542	69.16195	14.64606	20.34175	-43.93818	0
5121	-12.20505	-87.87636	-61.83892	48.8202	36.61515	-67.53461	9.76404	16.2734	64.27993	7.32303	10.57771	-54.51589	0
5122	-9.76404	-101.70875	-69.16195	55.32956	43.12451	-77.29865	5.69569	13.01872	66.72094	3.25468	4.88202	-61.02525	0
5123	-9.76404	-105.7771	-76.48498	57.77057	43.93818	-84.62168	4.06835	13.83239	74.85764	7.32303	2.44101	-63.46626	0
5124	-11.39138	-101.70875	-77.29865	55.32956	39.05616	-87.87636	4.06835	17.08707	84.62168	17.90074	0	-65.0936	0
5125	-12.20505	-92.75838	-73.2303	50.44754	32.5468	-87.87636	3.25468	23.59643	91.94471	27.66478	-0.81367	-65.0936	0
5126	-13.01872	-83.80801	-68.34828	44.75185	26.85111	-83.80801	3.25468	30.91946	96.82673	33.36047	0	-62.65259	0
5127	-8.1367	-74.04397	-65.90727	37.42882	26.85111	-77.29865	8.1367	39.05616	99.26774	32.5468	1.62734	-59.39791	0
5128	5.69569	-62.65259	-69.16195	27.66478	35.80148	-69.97562	13.83239	43.12451	100.89508	29.29212	4.06835	-57.77057	0
5129	26.85111	-51.26121	-75.67131	17.90074	50.44754	-65.0936	18.71441	41.49717	102.52242	28.47845	4.88202	-58.58424	0
5130	45.56552	-40.6835	-79.73966	8.1367	63.46626	-61.83892	21.96909	39.86983	106.59077	29.29212	7.32303	-60.21158	0
5131	48.8202	-40.6835	-82.18067	-0.81367	67.53461	-64.27993	21.15542	42.31084	109.03178	27.66478	9.76404	-61.02525	0
5132	37.42882	-50.44754	-83.80801	-6.50936	62.65259	-69.16195	17.08707	47.19286	109.03178	25.22377	10.57771	-61.83892	0
5133	26.03744	-53.70222	-78.11232	-3.25468	52.88855	-66.72094	16.2734	51.26121	108.21811	27.66478	14.64606	-58.58424	0
5134	21.96909	-44.75185	-66.72094	8.95037	44.75185	-56.14323	24.4101	54.51589	110.65912	34.98781	25.22377	-50.44754	0
5135	18.71441	-40.6835	-55.32956	23.59643	34.17414	-48.00653	37.42882	57.77057	114.72747	41.49717	34.17414	-43.12451	0
5136	19.52808	-45.56552	-49.63387	32.5468	25.22377	-46.37919	50.44754	61.83892	124.49151	47.19286	43.12451	-35.80148	0
5137	21.15542	-51.26121	-50.44754	32.5468	23.59643	-48.8202	60.21158	65.90727	137.51023	52.07488	52.88855	-26.03744	0
5138	24.4101	-54.51589	-59.39791	26.85111	31.73313	-54.51589	61.02525	67.53461	148.90161	52.07488	57.77057	-20.34175	0
5139	30.91946	-54.51589	-70.78929	17.08707	43.93818	-59.39791	54.51589	67.53461	153.78363	43.93818	51.26121	-25.22377	0
5140	36.61515	-52.07488	-78.92599	9.76404	53.70222	-62.65259	43.93818	69.16195	152.15629	32.5468	37.42882	-39.05616	0
5141	41.49717	-48.00653	-86.24902	3.25468	61.83892	-65.90727	34.17414	69.97562	145.64693	23.59643	25.22377	-52.07488	0
5142	43.93818	-48.00653	-92.75838	-0.81367	67.53461	-69.16195	28.47845	71.60296	137.51023	21.15542	17.08707	-58.58424	0
5143	40.6835	-53.70222	-93.57205	-1.62734	68.34828	-74.04397	30.10579	72.41663	130.1872	22.78276	13.83239	-61.02525	0
5144	40.6835	-61.83892	-93.57205	1.62734	69.97562	-77.29865	34.98781	74.04397	126.11885	24.4101	11.39138	-65.0936	0
5145	43.93818	-64.27993	-94.38572	3.25468	74.04397	-78.92599	40.6835	75.67131	126.11885	26.03744	7.32303	-68.34828	0
5146	48.00653	-56.14323	-91.94471	0	73.2303	-72.41663	45.56552	74.85764	129.37353	29.29212	2.44101	-69.97562	0
5147	48.8202	-37.42882	-80.55333	-10.57771	67.53461	-56.9569	49.63387	74.85764	134.25555	33.36047	0	-68.34828	0
5148	47.19286	-19.52808	-69.97562	-21.15542	63.46626	-42.31084	52.07488	75.67131	138.3239	35.80148	0	-66.72094	0
5149	48.00653	-18.71441	-70.78929	-21.96909	64.27993	-41.49717	52.07488	74.85764	142.39225	36.61515	1.62734	-67.53461	0
5150	51.26121	-30.10579	-80.55333	-13.01872	65.90727	-52.88855	49.63387	72.41663	148.08794	39.05616	0	-69.16195	0
5151	56.14323	-41.49717	-92.75838	-3.25468	71.60296	-65.0936	46.37919	70.78929	152.96996	42.31084	-3.25468	-71.60296	0
5152	61.02525	-48.8202	-105.7771	2.44101	79.73966	-76.48498	43.12451	69.97562	155.41097	43.93818	-11.39138	-74.04397	0
5153	61.02525	-55.32956	-114.72747	7.32303	84.62168	-84.62168	42.31084	68.34828	156.22464	43.93818	-20.34175	-74.85764	0
5154	52.88855	-62.65259	-117.98215	11.39138	82.18067	-90.31737	43.93818	71.60296	157.85198	43.93818	-28.47845	-72.41663	0
5155	39.05616	-69.16195	-117.98215	17.08707	71.60296	-93.57205	50.44754	79.73966	159.47932	46.37919	-31.73313	-67.53461	0
5156	25.22377	-74.85764	-113.10013	23.59643	61.02525	-93.57205	58.58424	90.31737	161.92033	49.63387	-28.47845	-63.46626	0
5157	13.01872	-78.11232	-101.70875	28.47845	50.44754	-89.5037	65.90727	100.89508	165.17501	53.70222	-23.59643	-60.21158	0
5158	0.81367	-77.29865	-84.62168	33.36047	37.42882	-80.55333	73.2303	109.03178	170.8707	58.58424	-21.96909	-58.58424	0
5159	-5.69569	-72.41663	-68.34828	34.98781	26.85111	-69.97562	77.29865	114.72747	178.19373	61.83892	-21.15542	-56.9569	0
5160	-5.69569	-64.27993	-57.77057	32.5468	22.78276	-60.21158	74.85764	117.98215	180.63474	61.83892	-22.78276	-56.14323	0
5161	-6.50936	-57.77057	-50.44754	28.47845	19.52808	-52.88855	66.72094	112.28646	170.05703	56.14323	-28.47845	-58.58424	0
5162	-8.1367	-55.32956	-48.00653	22.78276	17.90074	-51.26121	56.9569	98.45407	151.34262	44.75185	-38.24249	-66.72094	0
5163	-4.88202	-56.9569	-53.70222	18.71441	22.78276	-53.70222	49.63387	84.62168	135.06922	33.36047	-51.26121	-77.29865	0
5164	0	-60.21158	-65.0936	18.71441	30.10579	-60.21158	48.00653	74.85764	125.30518	28.47845	-61.83892	-82.99434	0
5165	3.25468	-61.83892	-74.85764	19.52808	36.61515	-66.72094	52.07488	71.60296	121.23683	30.10579	-67.53461	-84.62168	0
5166	1.62734	-65.0936	-77.29865	24.4101	41.49717	-70.78929	57.77057	73.2303	123.67784	31.73313	-66.72094	-83.80801	0
5167	-4.06835	-71.60296	-74.04397	32.5468	39.86983	-72.41663	61.83892	79.73966	126.93252	25.22377	-65.0936	-82.99434	0
5168	-13.83239	-78.11232	-73.2303	38.24249	37.42882	-74.85764	61.83892	83.80801	128.55986	13.01872	-62.65259	-82.18067	0
5169	-21.96909	-80.55333	-75.67131	38.24249	40.6835	-76.48498	57.77057	82.18067	126.11885	1.62734	-61.02525	-82.18067	0
5170	-26.85111	-78.11232	-78.11232	39.86983	42.31084	-79.73966	50.44754	69.16195	118.79582	-4.88202	-61.83892	-85.43535	0
5171	-25.22377	-74.85764	-81.367	49.63387	39.86983	-87.87636	42.31084	50.44754	110.65912	-7.32303	-65.0936	-90.31737	0
5172	-15.45973	-74.85764	-84.62168	56.9569	37.42882	-92.75838	34.98781	39.86983	109.84545	-0.81367	-64.27993	-91.13104	0
5173	-0.81367	-70.78929	-87.06269	50.44754	38.24249	-87.87636	30.91946	41.49717	117.16848	13.83239	-60.21158	-83.80801	0
5174	13.01872	-59.39791	-91.13104	34.17414	39.86983	-74.85764	29.29212	46.37919	125.30518	31.73313	-59.39791	-73.2303	0
5175	22.78276	-54.51589	-93.57205	21.96909	43.12451	-67.53461	30.10579	51.26121	133.44188	44.75185	-61.83892	-67.53461	0
5176	26.03744	-59.39791	-95.19939	18.71441	47.19286	-69.16195	34.17414	54.51589	139.13757	50.44754	-62.65259	-69.97562	0
5177	21.96909	-68.34828	-97.6404	22.78276	51.26121	-77.29865	39.86983	52.07488	142.39225	46.37919	-65.0936	-78.92599	0
5178	18.71441	-74.85764	-98.45407	29.29212	56.14323	-87.87636	44.75185	48.00653	143.20592	34.98781	-69.16195	-86.24902	0
5179	17.90074	-78.11232	-96.82673	34.17414	64.27993	-96.01306	50.44754	50.44754	139.95124	21.96909	-72.41663	-87.06269	0
5180	18.71441	-76.48498	-94.38572	33.36047	72.41663	-94.38572	53.70222	59.39791	138.3239	16.2734	-67.53461	-83.80801	0
5181	21.96909	-72.41663	-91.94471	26.03744	74.04397	-87.06269	54.51589	65.90727	137.51023	17.08707	-56.9569	-77.29865	0
5182	23.59643	-70.78929	-87.87636	21.96909	68.34828	-82.18067	54.51589	69.97562	135.88289	21.15542	-48.8202	-72.41663	0
5183	17.90074	-75.67131	-87.87636	26.03744	60.21158	-85.43535	52.88855	65.0936	130.1872	24.4101	-43.93818	-69.97562	0
5184	9.76404	-87.87636	-93.57205	35.80148	54.51589	-93.57205	47.19286	50.44754	124.49151	27.66478	-42.31084	-70.78929	0
5185	-1.62734	-102.52242	-97.6404	48.00653	48.00653	-103.33609	42.31084	31.73313	120.42316	32.5468	-43.93818	-71.60296	0
5186	-11.39138	-112.28646	-94.38572	60.21158	39.86983	-110.65912	39.86983	20.34175	119.60949	38.24249	-46.37919	-72.41663	0
5187	-10.57771	-114.72747	-85.43535	65.0936	38.24249	-111.47279	40.6835	19.52808	122.0505	43.12451	-50.44754	-72.41663	0
5188	-2.44101	-109.03178	-71.60296	61.02525	39.05616	-105.7771	42.31084	25.22377	126.11885	44.75185	-52.88855	-74.04397	0
5189	2.44101	-97.6404	-59.39791	50.44754	32.5468	-96.01306	45.56552	31.73313	127.74619	46.37919	-53.70222	-75.67131	0
5190	0	-84.62168	-56.14323	39.05616	21.96909	-85.43535	48.00653	36.61515	127.74619	43.93818	-53.70222	-76.48498	0
5191	-4.06835	-71.60296	-58.58424	30.10579	17.08707	-78.11232	49.63387	37.42882	126.93252	39.05616	-56.9569	-76.48498	0
5192	-1.62734	-61.83892	-67.53461	25.22377	21.96909	-77.29865	45.56552	35.80148	126.93252	33.36047	-61.83892	-78.92599	0
5193	10.57771	-60.21158	-82.18067	19.52808	35.80148	-81.367	34.98781	31.73313	123.67784	28.47845	-66.72094	-82.99434	0
5194	29.29212	-62.65259	-98.45407	13.83239	54.51589	-87.06269	21.15542	27.66478	113.9138	23.59643	-69.16195	-88.69003	0
5195	43.93818	-65.0936	-113.10013	13.01872	72.41663	-91.94471	12.20505	21.15542	103.33609	21.96909	-69.97562	-91.13104	0
5196	48.8202	-67.53461	-117.16848	14.64606	79.73966	-91.94471	10.57771	15.45973	97.6404	23.59643	-70.78929	-92.75838	0
5197	39.86983	-71.60296	-109.03178	17.90074	72.41663	-87.06269	17.90074	15.45973	100.08141	30.91946	-68.34828	-91.13104	0
5198	34.17414	-78.11232	-100.08141	21.96909	66.72094	-81.367	31.73313	18.71441	106.59077	41.49717	-63.46626	-86.24902	0
5199	39.05616	-82.18067	-99.26774	27.66478	71.60296	-83.80801	47.19286	24.4101	113.9138	50.44754	-56.9569	-80.55333	0
5200	45.56552	-81.367	-100.89508	30.91946	80.55333	-93.57205	58.58424	30.91946	117.16848	55.32956	-52.88855	-75.67131	0
5201	41.49717	-78.92599	-105.7771	32.5468	82.99434	-105.7771	65.0936	34.17414	116.35481	56.14323	-50.44754	-69.97562	0
5202	26.03744	-78.92599	-104.96343	30.91946	73.2303	-109.03178	67.53461	34.17414	113.10013	56.9569	-45.56552	-61.83892	0
5203	12.20505	-75.67131	-94.38572	26.03744	57.77057	-99.26774	65.0936	33.36047	109.84545	58.58424	-39.86983	-54.51589	0
5204	5.69569	-66.72094	-79.73966	21.15542	45.56552	-80.55333	58.58424	31.73313	109.03178	60.21158	-37.42882	-48.00653	0
5205	3.25468	-57.77057	-62.65259	17.90074	39.05616	-58.58424	51.26121	29.29212	111.47279	65.0936	-33.36047	-41.49717	0
5206	-0.81367	-48.8202	-46.37919	13.83239	34.17414	-39.86983	47.19286	28.47845	115.54114	69.97562	-29.29212	-36.61515	0
5207	-8.1367	-39.86983	-33.36047	10.57771	26.03744	-30.91946	43.12451	30.10579	113.9138	71.60296	-26.85111	-37.42882	0
5208	-16.2734	-33.36047	-26.03744	14.64606	13.83239	-29.29212	40.6835	34.98781	109.03178	68.34828	-26.85111	-41.49717	0
5209	-20.34175	-26.85111	-18.71441	19.52808	4.06835	-26.03744	41.49717	39.05616	103.33609	65.90727	-26.85111	-48.00653	0
5210	-17.08707	-19.52808	-12.20505	15.45973	0	-19.52808	43.93818	39.05616	96.82673	63.46626	-27.66478	-54.51589	0
5211	-11.39138	-13.01872	-8.1367	6.50936	-1.62734	-13.01872	48.8202	35.80148	93.57205	61.83892	-29.29212	-60.21158	0
5212	-5.69569	-6.50936	-6.50936	-2.44101	0	-7.32303	56.14323	32.5468	97.6404	67.53461	-24.4101	-58.58424	0
5213	0.81367	0	-8.1367	-9.76404	4.88202	-4.06835	60.21158	30.91946	111.47279	78.92599	-13.01872	-53.70222	0
5214	8.95037	5.69569	-6.50936	-13.83239	9.76404	0	56.14323	30.91946	125.30518	89.5037	-3.25468	-52.07488	0
5215	14.64606	10.57771	-2.44101	-16.2734	15.45973	4.88202	43.12451	33.36047	132.62821	94.38572	0	-53.70222	0
5216	19.52808	17.90074	0.81367	-21.15542	18.71441	10.57771	28.47845	39.05616	133.44188	95.19939	-3.25468	-55.32956	0
5217	25.22377	30.91946	7.32303	-30.10579	17.08707	18.71441	17.90074	43.12451	134.25555	94.38572	-4.88202	-54.51589	0
5218	31.73313	47.19286	14.64606	-41.49717	11.39138	28.47845	12.20505	45.56552	135.06922	95.19939	-6.50936	-48.8202	0
5219	35.80148	60.21158	18.71441	-49.63387	4.88202	39.86983	8.1367	43.93818	133.44188	93.57205	-9.76404	-41.49717	0
5220	38.24249	69.16195	21.96909	-54.51589	0.81367	52.88855	4.88202	38.24249	129.37353	91.94471	-11.39138	-36.61515	0
5221	34.98781	73.2303	30.10579	-53.70222	-3.25468	61.02525	1.62734	25.22377	120.42316	90.31737	-4.88202	-30.91946	0
5222	20.34175	72.41663	42.31084	-43.93818	-15.45973	63.46626	-1.62734	9.76404	105.7771	85.43535	4.88202	-22.78276	0
5223	3.25468	69.16195	52.07488	-30.10579	-27.66478	61.02525	-4.06835	-2.44101	91.94471	77.29865	13.01872	-15.45973	0
5224	-2.44101	66.72094	54.51589	-26.03744	-30.91946	54.51589	-5.69569	-11.39138	84.62168	71.60296	17.90074	-10.57771	0
5225	0.81367	64.27993	51.26121	-28.47845	-26.03744	48.00653	-8.1367	-15.45973	82.18067	71.60296	22.78276	-8.1367	0
5226	11.39138	62.65259	43.93818	-35.80148	-16.2734	43.12451	-12.20505	-15.45973	86.24902	78.92599	29.29212	-7.32303	0
5227	21.96909	57.77057	31.73313	-41.49717	-4.06835	37.42882	-16.2734	-13.01872	94.38572	86.24902	30.91946	-10.57771	0
5228	29.29212	49.63387	16.2734	-39.86983	5.69569	27.66478	-20.34175	-13.01872	102.52242	90.31737	29.29212	-19.52808	0
5229	30.91946	43.12451	2.44101	-32.5468	13.01872	17.08707	-25.22377	-17.08707	106.59077	91.94471	27.66478	-30.10579	0
5230	34.17414	38.24249	-4.06835	-30.10579	17.90074	12.20505	-30.10579	-21.15542	104.96343	89.5037	23.59643	-34.98781	0
5231	43.93818	30.91946	-5.69569	-39.86983	23.59643	13.01872	-29.29212	-25.22377	98.45407	86.24902	21.15542	-31.73313	0
5232	51.26121	23.59643	-0.81367	-49.63387	24.4101	13.01872	-27.66478	-30.91946	91.13104	82.99434	19.52808	-26.85111	0
5233	44.75185	14.64606	2.44101	-45.56552	18.71441	9.76404	-29.29212	-37.42882	83.80801	74.85764	14.64606	-26.03744	0
5234	33.36047	5.69569	-0.81367	-34.17414	15.45973	3.25468	-31.73313	-41.49717	78.11232	65.0936	7.32303	-29.29212	0
5235	28.47845	0	-11.39138	-24.4101	18.71441	-4.88202	-30.10579	-43.93818	75.67131	56.9569	0	-34.17414	0
5236	27.66478	-6.50936	-26.03744	-17.08707	26.03744	-14.64606	-24.4101	-43.93818	71.60296	50.44754	-8.95037	-43.93818	0
5237	26.03744	-17.08707	-41.49717	-8.1367	33.36047	-27.66478	-15.45973	-41.49717	68.34828	47.19286	-17.08707	-53.70222	0
5238	23.59643	-36.61515	-60.21158	3.25468	41.49717	-46.37919	-6.50936	-34.98781	66.72094	48.8202	-22.78276	-60.21158	0
5239	18.71441	-61.83892	-78.92599	19.52808	48.8202	-67.53461	-3.25468	-26.03744	65.90727	52.07488	-24.4101	-62.65259	0
5240	8.95037	-82.99434	-89.5037	36.61515	51.26121	-83.80801	-4.06835	-18.71441	65.0936	55.32956	-21.15542	-62.65259	0
5241	3.25468	-90.31737	-91.94471	48.8202	50.44754	-88.69003	-9.76404	-17.90074	65.90727	54.51589	-17.08707	-62.65259	0
5242	3.25468	-84.62168	-87.06269	53.70222	47.19286	-84.62168	-17.90074	-21.15542	65.90727	48.8202	-15.45973	-62.65259	0
5243	-4.88202	-80.55333	-80.55333	54.51589	35.80148	-77.29865	-25.22377	-26.03744	65.0936	39.86983	-17.90074	-66.72094	0
5244	-17.90074	-80.55333	-80.55333	52.07488	26.03744	-74.04397	-29.29212	-25.22377	64.27993	33.36047	-20.34175	-70.78929	0
5245	-30.10579	-88.69003	-88.69003	52.88855	25.22377	-78.92599	-28.47845	-15.45973	65.90727	29.29212	-21.15542	-70.78929	0
5246	-37.42882	-107.40444	-97.6404	63.46626	27.66478	-93.57205	-19.52808	-9.76404	69.16195	21.15542	-26.03744	-74.04397	0
5247	-41.49717	-130.1872	-104.14976	80.55333	27.66478	-111.47279	-4.88202	-10.57771	73.2303	10.57771	-36.61515	-84.62168	0
5248	-47.19286	-146.4606	-107.40444	98.45407	24.4101	-126.11885	6.50936	-11.39138	76.48498	6.50936	-48.8202	-94.38572	0
5249	-53.70222	-156.22464	-107.40444	109.84545	20.34175	-132.62821	17.08707	-13.83239	76.48498	8.1367	-53.70222	-96.82673	0
5250	-59.39791	-160.29299	-104.96343	114.72747	15.45973	-130.1872	29.29212	-15.45973	72.41663	12.20505	-48.8202	-91.94471	0
5251	-60.21158	-159.47932	-100.89508	111.47279	13.01872	-123.67784	37.42882	-16.2734	65.90727	13.01872	-43.12451	-87.87636	0
5252	-58.58424	-157.03831	-97.6404	107.40444	13.83239	-120.42316	39.86983	-17.90074	52.88855	4.88202	-43.93818	-87.87636	0
5253	-56.14323	-158.66565	-100.89508	106.59077	17.90074	-124.49151	36.61515	-21.96909	38.24249	-4.06835	-46.37919	-91.94471	0
5254	-53.70222	-167.61602	-110.65912	108.21811	22.78276	-136.69656	28.47845	-23.59643	29.29212	-9.76404	-46.37919	-96.01306	0
5255	-48.8202	-173.31171	-117.98215	108.21811	25.22377	-150.52895	20.34175	-21.15542	28.47845	-8.1367	-45.56552	-98.45407	0
5256	-44.75185	-172.49804	-120.42316	105.7771	27.66478	-160.29299	13.83239	-13.83239	35.80148	-2.44101	-45.56552	-100.89508	0
5257	-41.49717	-170.8707	-123.67784	104.14976	33.36047	-162.734	11.39138	-5.69569	46.37919	0	-49.63387	-105.7771	0
5258	-39.05616	-168.42969	-128.55986	101.70875	37.42882	-160.29299	12.20505	0	57.77057	0	-57.77057	-109.84545	0
5259	-39.05616	-167.61602	-135.88289	99.26774	40.6835	-157.85198	13.83239	0.81367	67.53461	0	-65.90727	-109.84545	0
5260	-40.6835	-170.05703	-142.39225	99.26774	43.12451	-157.85198	13.83239	-2.44101	70.78929	-0.81367	-70.78929	-108.21811	0
5261	-43.12451	-176.56639	-145.64693	104.96343	45.56552	-160.29299	10.57771	-12.20505	68.34828	-6.50936	-71.60296	-108.21811	0
5262	-45.56552	-187.1441	-149.71528	113.9138	48.00653	-166.80235	7.32303	-23.59643	61.83892	-14.64606	-70.78929	-109.03178	0
5263	-48.8202	-196.90814	-153.78363	121.23683	53.70222	-174.12538	7.32303	-31.73313	52.88855	-17.90074	-66.72094	-108.21811	0
5264	-51.26121	-200.97649	-152.15629	124.49151	59.39791	-174.93905	13.01872	-33.36047	52.07488	-15.45973	-58.58424	-108.21811	0
5265	-45.56552	-189.58511	-144.01959	115.54114	63.46626	-169.24336	25.22377	-26.03744	61.02525	-7.32303	-47.19286	-106.59077	0
5266	-32.5468	-167.61602	-132.62821	99.26774	61.02525	-161.10666	36.61515	-11.39138	69.97562	3.25468	-36.61515	-100.89508	0
5267	-25.22377	-153.78363	-122.0505	90.31737	52.88855	-152.15629	44.75185	0	73.2303	12.20505	-34.17414	-93.57205	0
5268	-28.47845	-153.78363	-116.35481	92.75838	43.93818	-146.4606	48.00653	4.06835	74.85764	14.64606	-34.98781	-90.31737	0
5269	-36.61515	-166.80235	-115.54114	100.89508	34.98781	-147.27427	44.75185	1.62734	73.2303	12.20505	-37.42882	-88.69003	0
5270	-45.56552	-183.88942	-117.16848	109.84545	26.03744	-152.15629	38.24249	-6.50936	69.97562	9.76404	-39.86983	-86.24902	0
5271	-53.70222	-193.65346	-121.23683	114.72747	21.15542	-157.03831	30.91946	-20.34175	65.90727	7.32303	-43.12451	-84.62168	0
5272	-58.58424	-195.2808	-131.00087	116.35481	22.78276	-161.92033	25.22377	-39.05616	52.07488	-0.81367	-48.8202	-86.24902	0
5273	-57.77057	-196.09447	-144.01959	116.35481	30.91946	-168.42969	18.71441	-63.46626	22.78276	-13.83239	-55.32956	-91.13104	0
5274	-52.88855	-192.02612	-148.08794	113.10013	39.05616	-168.42969	10.57771	-92.75838	-19.52808	-27.66478	-59.39791	-94.38572	0
5275	-48.00653	-179.82107	-139.13757	108.21811	40.6835	-157.85198	0	-133.44188	-78.11232	-44.75185	-65.0936	-93.57205	0
5276	-49.63387	-165.98868	-121.23683	104.14976	34.17414	-141.57858	-13.83239	-196.09447	-161.10666	-68.34828	-72.41663	-89.5037	0
5277	-54.51589	-145.64693	-94.38572	97.6404	22.78276	-117.98215	-36.61515	-285.59817	-270.95211	-99.26774	-74.04397	-76.48498	0
5278	-49.63387	-104.96343	-55.32956	75.67131	8.1367	-78.11232	-65.90727	-393.00261	-401.13931	-130.1872	-62.65259	-48.8202	0
5279	-29.29212	-38.24249	-4.06835	33.36047	-8.1367	-18.71441	-100.08141	-505.28907	-541.90422	-157.03831	-34.17414	-3.25468	0
5280	-6.50936	39.86983	52.07488	-16.2734	-26.85111	48.8202	-140.76491	-624.89856	-687.55115	-180.63474	8.95037	53.70222	0
5281	8.95037	118.79582	113.9138	-63.46626	-51.26121	117.98215	-187.95777	-754.27209	-832.38441	-197.72181	63.46626	117.98215	0
5282	26.03744	209.11319	184.70309	-116.35481	-79.73966	197.72181	-231.89595	-892.59599	-971.52198	-204.23117	132.62821	193.65346	0
5283	52.07488	330.35002	277.46147	-190.39878	-113.9138	304.31258	-270.95211	-1043.93861	-1113.10056	-195.2808	222.94558	288.03918	0
5284	82.18067	477.62429	394.62995	-280.71615	-157.85198	436.12712	-315.70396	-1221.31867	-1271.76621	-177.38006	327.09534	395.44362	0
5285	105.7771	632.22159	525.63082	-370.21985	-211.5542	580.14671	-378.35655	-1429.61819	-1458.09664	-161.92033	429.61776	502.03439	0
5286	118.79582	777.05485	656.63169	-449.14584	-270.13844	718.47061	-467.04658	-1661.51414	-1663.95515	-148.90161	519.93513	593.9791	0
5287	126.93252	902.36003	774.61384	-507.73008	-324.65433	839.70744	-584.21506	-1892.59642	-1853.54026	-125.30518	602.1158	673.71876	0
5288	135.06922	1003.25511	868.99956	-544.34523	-366.96517	937.34784	-702.19721	-2080.55419	-1984.54113	-80.55333	672.09142	738.81236	0
5289	143.20592	1055.32999	915.37875	-565.50065	-387.30692	987.79538	-790.07357	-2192.02698	-2035.80234	-32.5468	705.45189	772.9865	0
5290	146.4606	1022.78319	881.20461	-555.73661	-367.77884	954.43491	-842.14845	-2206.67304	-1997.55985	-5.69569	676.97344	752.64475	0
5291	144.01959	886.08663	745.32172	-496.3387	-301.0579	816.92468	-863.30387	-2122.05136	-1870.62733	-4.88202	580.96038	672.90509	0
5292	128.55986	653.37701	526.44449	-379.98389	-200.16282	590.72442	-849.47148	-1960.13103	-1684.2969	-40.6835	423.1084	543.53156	0
5293	88.69003	354.76012	266.88376	-218.06356	-90.31737	311.63561	-812.04266	-1755.89986	-1500.40748	-138.3239	218.06356	383.23857	0
5294	39.05616	37.42882	3.25468	-36.61515	13.01872	20.34175	-767.29081	-1545.15933	-1371.84762	-310.82194	-11.39138	215.62255	0
5295	1.62734	-242.47366	-230.26861	124.49151	106.59077	-235.15063	-732.303	-1354.76055	-1295.36264	-537.0222	-231.89595	67.53461	0
5296	-19.52808	-448.33217	-410.90335	240.84632	184.70309	-427.99042	-710.33391	-1193.65389	-1253.0518	-755.08576	-410.08968	-45.56552	0
5297	-29.29212	-573.63735	-528.8855	306.75359	240.84632	-550.04092	-691.6195	-1055.32999	-1237.59207	-908.86939	-528.8855	-123.67784	0
5298	-32.5468	-633.03526	-587.46974	332.79103	271.76578	-611.06617	-659.88637	-925.95646	-1219.69133	-993.49107	-586.65607	-170.8707	0
5299	-29.29212	-647.68132	-606.18415	334.41837	284.7845	-633.84893	-609.43883	-793.32825	-1163.5481	-1013.01915	-595.60644	-190.39878	0
5300	-19.52808	-635.47627	-604.55681	324.65433	290.48019	-629.78058	-541.90422	-653.37701	-1058.58467	-968.2673	-566.31432	-192.83979	0
5301	-14.64606	-609.43883	-586.65607	312.44928	284.7845	-606.18415	-461.35089	-506.91641	-911.3104	-873.88158	-512.6121	-187.1441	0
5302	-18.71441	-574.45102	-551.66826	298.61689	265.25642	-568.75533	-378.35655	-368.59251	-745.32172	-754.27209	-448.33217	-179.82107	0
5303	-23.59643	-529.69917	-507.73008	276.6478	242.47366	-521.56247	-299.43056	-253.86504	-580.96038	-630.59425	-384.05224	-172.49804	0
5304	-24.4101	-474.36961	-459.72355	244.91467	220.50457	-467.86025	-231.08228	-166.80235	-433.68611	-514.23944	-322.21332	-161.10666	0
5305	-23.59643	-423.92207	-413.34436	216.43622	200.16282	-417.41271	-178.19373	-104.96343	-311.63561	-414.9717	-270.13844	-148.90161	0
5306	-22.78276	-385.67958	-376.72921	197.72181	180.63474	-378.35655	-142.39225	-64.27993	-217.24989	-336.85938	-230.26861	-140.76491	0
5307	-24.4101	-353.94645	-347.43709	183.88942	160.29299	-344.18241	-113.9138	-37.42882	-143.20592	-275.02046	-197.72181	-131.81454	0
5308	-28.47845	-324.65433	-323.02699	170.05703	137.51023	-312.44928	-87.06269	-12.20505	-80.55333	-222.13191	-169.24336	-123.67784	0
5309	-30.10579	-296.17588	-302.68524	152.15629	115.54114	-286.41184	-60.21158	16.2734	-24.4101	-175.75272	-144.01959	-115.54114	0
5310	-24.4101	-270.95211	-281.52982	132.62821	98.45407	-266.88376	-32.5468	52.88855	29.29212	-132.62821	-119.60949	-109.03178	0
5311	-16.2734	-248.16935	-256.30605	113.10013	89.5037	-245.72834	-3.25468	93.57205	82.18067	-90.31737	-91.94471	-98.45407	0
5312	-8.95037	-218.87723	-224.57292	96.01306	84.62168	-218.87723	22.78276	130.1872	128.55986	-50.44754	-63.46626	-83.80801	0
5313	-2.44101	-191.21245	-187.95777	87.06269	74.85764	-188.77144	42.31084	154.5973	161.10666	-16.2734	-40.6835	-69.97562	0
5314	0	-170.05703	-155.41097	87.06269	56.9569	-162.734	58.58424	167.61602	181.44841	10.57771	-27.66478	-61.83892	0
5315	0	-157.85198	-135.88289	91.13104	42.31084	-144.83326	73.2303	175.75272	192.83979	31.73313	-22.78276	-58.58424	0
5316	-1.62734	-151.34262	-126.93252	96.01306	39.86983	-131.81454	87.06269	185.51676	205.85851	50.44754	-17.90074	-53.70222	0
5317	-3.25468	-148.90161	-122.86417	96.01306	44.75185	-125.30518	100.08141	201.79016	224.57292	64.27993	-13.83239	-48.00653	0
5318	-12.20505	-150.52895	-120.42316	91.13104	45.56552	-126.11885	109.84545	217.24989	241.65999	72.41663	-10.57771	-44.75185	0
5319	-21.96909	-152.15629	-116.35481	86.24902	43.93818	-127.74619	112.28646	227.01393	251.42403	78.11232	-5.69569	-46.37919	0
5320	-25.22377	-140.76491	-109.03178	77.29865	42.31084	-120.42316	112.28646	228.64127	253.86504	78.92599	-1.62734	-46.37919	0
5321	-21.15542	-117.16848	-96.01306	55.32956	43.12451	-100.89508	113.10013	224.57292	248.98302	75.67131	0.81367	-43.12451	0
5322	-8.1367	-96.01306	-79.73966	30.10579	43.93818	-78.11232	114.72747	216.43622	240.84632	72.41663	2.44101	-39.86983	0
5323	0	-82.18067	-68.34828	17.08707	44.75185	-67.53461	117.16848	206.67218	231.89595	66.72094	1.62734	-42.31084	0
5324	-5.69569	-82.18067	-62.65259	20.34175	44.75185	-69.16195	117.98215	195.2808	227.01393	62.65259	0	-48.00653	0
5325	-18.71441	-96.82673	-67.53461	30.10579	42.31084	-77.29865	116.35481	186.33043	228.64127	62.65259	-0.81367	-53.70222	0
5326	-21.96909	-114.72747	-87.87636	40.6835	47.19286	-90.31737	116.35481	187.1441	234.33696	67.53461	0	-56.9569	0
5327	-3.25468	-121.23683	-115.54114	41.49717	64.27993	-107.40444	117.16848	195.2808	244.101	71.60296	4.06835	-55.32956	0
5328	24.4101	-109.03178	-133.44188	29.29212	82.99434	-117.98215	122.0505	207.48585	253.05137	74.85764	8.1367	-49.63387	0
5329	48.00653	-91.94471	-137.51023	15.45973	93.57205	-117.98215	129.37353	216.43622	257.11972	76.48498	11.39138	-43.93818	0
5330	57.77057	-77.29865	-136.69656	11.39138	95.19939	-114.72747	135.06922	219.6909	254.67871	76.48498	12.20505	-43.12451	0
5331	47.19286	-70.78929	-132.62821	21.96909	87.87636	-114.72747	136.69656	215.62255	245.72834	71.60296	8.1367	-46.37919	0
5332	24.4101	-74.04397	-120.42316	38.24249	69.97562	-111.47279	135.88289	209.11319	235.9643	66.72094	4.06835	-49.63387	0
5333	3.25468	-81.367	-100.89508	51.26121	48.00653	-101.70875	135.88289	204.23117	234.33696	68.34828	5.69569	-48.00653	0
5334	-13.01872	-90.31737	-79.73966	62.65259	25.22377	-91.13104	135.88289	203.4175	241.65999	75.67131	13.83239	-43.93818	0
5335	-27.66478	-97.6404	-61.83892	71.60296	7.32303	-81.367	134.25555	208.29952	253.05137	86.24902	21.15542	-40.6835	0
5336	-29.29212	-100.08141	-53.70222	67.53461	4.88202	-72.41663	133.44188	218.06356	266.88376	100.08141	29.29212	-36.61515	0
5337	-18.71441	-100.08141	-59.39791	48.8202	18.71441	-67.53461	135.06922	230.26861	281.52982	116.35481	37.42882	-30.10579	0
5338	-8.1367	-100.89508	-77.29865	31.73313	41.49717	-73.2303	137.51023	240.84632	293.73487	125.30518	37.42882	-26.85111	0
5339	-1.62734	-99.26774	-99.26774	24.4101	59.39791	-88.69003	136.69656	244.91467	296.17588	125.30518	25.22377	-28.47845	0
5340	0	-93.57205	-112.28646	22.78276	65.0936	-103.33609	130.1872	244.91467	286.41184	121.23683	8.95037	-30.91946	0
5341	2.44101	-83.80801	-113.9138	21.96909	64.27993	-106.59077	124.49151	242.47366	270.13844	113.10013	0	-33.36047	0
5342	8.1367	-72.41663	-104.14976	21.96909	58.58424	-96.82673	123.67784	238.40531	255.49238	104.14976	0	-34.98781	0
5343	11.39138	-57.77057	-85.43535	21.15542	48.00653	-78.11232	122.86417	229.45494	248.16935	100.89508	4.06835	-33.36047	0
5344	9.76404	-43.12451	-65.0936	20.34175	34.98781	-58.58424	123.67784	218.87723	248.16935	104.96343	8.95037	-28.47845	0
5345	6.50936	-31.73313	-50.44754	20.34175	26.03744	-45.56552	126.93252	213.99521	256.30605	112.28646	14.64606	-22.78276	0
5346	0.81367	-26.85111	-39.05616	21.96909	17.90074	-37.42882	132.62821	216.43622	268.5111	118.79582	19.52808	-19.52808	0
5347	-3.25468	-30.10579	-34.98781	24.4101	14.64606	-35.80148	138.3239	229.45494	282.34349	122.86417	18.71441	-18.71441	0
5348	-6.50936	-35.80148	-39.86983	21.15542	14.64606	-39.05616	140.76491	250.61036	296.17588	127.74619	13.83239	-19.52808	0
5349	-5.69569	-38.24249	-48.00653	12.20505	17.08707	-43.12451	142.39225	272.57945	310.00827	134.25555	8.95037	-18.71441	0
5350	-1.62734	-42.31084	-52.07488	7.32303	24.4101	-43.93818	144.83326	288.85285	318.95864	136.69656	6.50936	-17.08707	0
5351	-1.62734	-52.88855	-53.70222	14.64606	28.47845	-43.93818	145.64693	295.36221	322.21332	131.00087	0.81367	-15.45973	0
5352	-4.06835	-63.46626	-56.14323	25.22377	28.47845	-48.00653	142.39225	296.98955	319.77231	119.60949	-6.50936	-17.08707	0
5353	-4.06835	-69.97562	-62.65259	30.91946	30.91946	-56.14323	137.51023	296.98955	316.51763	111.47279	-11.39138	-23.59643	0
5354	-1.62734	-74.04397	-70.78929	31.73313	34.98781	-65.90727	135.06922	300.24423	314.89029	109.03178	-10.57771	-30.91946	0
5355	1.62734	-71.60296	-79.73966	26.03744	39.05616	-73.2303	136.69656	306.75359	317.3313	116.35481	-4.88202	-34.98781	0
5356	5.69569	-60.21158	-85.43535	17.90074	35.80148	-76.48498	141.57858	315.70396	322.21332	127.74619	1.62734	-30.10579	0
5357	9.76404	-48.8202	-82.18067	11.39138	24.4101	-72.41663	145.64693	326.28167	327.09534	132.62821	1.62734	-21.96909	0
5358	12.20505	-41.49717	-69.97562	10.57771	10.57771	-61.83892	147.27427	334.41837	331.97736	129.37353	-3.25468	-19.52808	0
5359	7.32303	-36.61515	-48.00653	17.90074	0	-48.00653	145.64693	340.92773	337.67305	121.23683	-11.39138	-20.34175	0
5360	-8.1367	-32.5468	-28.47845	29.29212	-6.50936	-37.42882	143.20592	348.25076	345.80975	114.72747	-13.83239	-21.15542	0
5361	-25.22377	-28.47845	-15.45973	34.98781	-9.76404	-30.10579	141.57858	355.57379	351.50544	113.10013	-11.39138	-17.90074	0
5362	-36.61515	-21.15542	0	32.5468	-9.76404	-16.2734	140.76491	362.08315	352.31911	113.9138	-6.50936	-11.39138	0
5363	-36.61515	-2.44101	17.08707	18.71441	-4.88202	4.88202	140.76491	371.84719	351.50544	116.35481	-1.62734	-2.44101	0
5364	-19.52808	24.4101	24.4101	-4.06835	1.62734	28.47845	144.01959	384.05224	353.13278	120.42316	1.62734	7.32303	0
5365	4.88202	47.19286	22.78276	-30.91946	8.1367	43.12451	149.71528	395.44362	358.82847	129.37353	6.50936	11.39138	0
5366	22.78276	56.14323	19.52808	-48.8202	12.20505	45.56552	157.85198	405.20766	366.1515	138.3239	10.57771	11.39138	0
5367	31.73313	56.9569	17.08707	-52.88855	12.20505	42.31084	168.42969	414.9717	371.03352	144.01959	13.83239	13.01872	0
5368	34.98781	55.32956	17.90074	-47.19286	8.95037	40.6835	178.19373	421.48106	372.66086	147.27427	17.90074	16.2734	0
5369	33.36047	53.70222	26.03744	-38.24249	1.62734	41.49717	185.51676	423.1084	371.03352	149.71528	21.96909	17.90074	0
5370	30.91946	52.07488	34.98781	-31.73313	-4.06835	44.75185	188.77144	417.41271	362.89682	150.52895	25.22377	17.90074	0
5371	31.73313	54.51589	39.86983	-33.36047	-5.69569	47.19286	183.07575	407.64867	348.25076	147.27427	22.78276	17.08707	0
5372	38.24249	66.72094	41.49717	-44.75185	-3.25468	53.70222	170.05703	401.13931	333.6047	142.39225	19.52808	17.90074	0
5373	48.00653	91.13104	50.44754	-65.90727	-3.25468	70.78929	155.41097	406.02133	324.65433	141.57858	24.4101	23.59643	0
5374	56.9569	123.67784	69.16195	-90.31737	-8.1367	91.94471	144.01959	419.85372	321.39965	144.01959	36.61515	34.98781	0
5375	61.02525	149.71528	89.5037	-109.03178	-16.2734	106.59077	136.69656	434.49978	323.02699	141.57858	48.00653	45.56552	0
5376	56.14323	159.47932	101.70875	-119.60949	-23.59643	113.10013	130.1872	446.70483	327.09534	135.06922	53.70222	49.63387	0
5377	48.8202	154.5973	104.14976	-120.42316	-27.66478	114.72747	124.49151	457.28254	331.16369	127.74619	53.70222	46.37919	0
5378	45.56552	146.4606	102.52242	-113.10013	-28.47845	111.47279	119.60949	462.97823	331.97736	120.42316	53.70222	43.12451	0
5379	40.6835	138.3239	105.7771	-103.33609	-32.5468	106.59077	117.98215	464.60557	327.09534	113.10013	54.51589	43.93818	0
5380	34.17414	135.06922	113.10013	-96.01306	-39.86983	108.21811	124.49151	462.97823	322.21332	109.03178	53.70222	46.37919	0
5381	26.03744	139.95124	124.49151	-90.31737	-49.63387	120.42316	138.3239	462.97823	317.3313	111.47279	55.32956	53.70222	0
5382	12.20505	144.83326	139.13757	-86.24902	-63.46626	134.25555	150.52895	463.7919	309.1946	116.35481	61.83892	65.0936	0
5383	2.44101	149.71528	149.71528	-89.5037	-74.04397	146.4606	155.41097	462.97823	299.43056	122.86417	68.34828	77.29865	0
5384	4.88202	162.734	157.85198	-100.89508	-77.29865	160.29299	155.41097	458.90988	288.85285	128.55986	72.41663	87.06269	0
5385	14.64606	179.82107	165.17501	-110.65912	-75.67131	173.31171	150.52895	453.21419	275.83413	131.81454	76.48498	91.13104	0
5386	21.15542	193.65346	171.68437	-115.54114	-74.85764	183.88942	144.01959	449.95951	265.25642	130.1872	81.367	92.75838	0
5387	21.15542	208.29952	182.26208	-116.35481	-77.29865	196.09447	139.13757	452.40052	262.00174	126.93252	86.24902	96.82673	0
5388	15.45973	230.26861	197.72181	-121.23683	-80.55333	213.99521	136.69656	458.09621	263.62908	122.86417	91.94471	104.14976	0
5389	7.32303	253.86504	215.62255	-134.25555	-87.06269	235.15063	133.44188	462.16456	262.00174	119.60949	96.01306	112.28646	0
5390	4.88202	270.95211	237.59164	-150.52895	-100.89508	254.67871	129.37353	460.53722	253.86504	114.72747	98.45407	121.23683	0
5391	12.20505	285.59817	263.62908	-161.10666	-118.79582	274.20679	122.86417	453.21419	238.40531	109.03178	100.89508	127.74619	0
5392	26.03744	306.75359	285.59817	-168.42969	-131.81454	295.36221	114.72747	443.45015	218.06356	101.70875	105.7771	132.62821	0
5393	42.31084	333.6047	299.43056	-173.31171	-134.25555	316.51763	104.14976	436.12712	200.16282	94.38572	111.47279	138.3239	0
5394	53.70222	358.0148	310.00827	-180.63474	-134.25555	332.79103	95.19939	428.80409	185.51676	91.94471	115.54114	145.64693	0
5395	48.8202	372.66086	321.39965	-190.39878	-141.57858	344.18241	87.87636	419.85372	172.49804	90.31737	120.42316	152.96996	0
5396	35.80148	378.35655	334.41837	-195.2808	-152.96996	350.69177	84.62168	410.90335	157.03831	86.24902	124.49151	157.03831	0
5397	21.96909	375.91554	344.99608	-194.46713	-162.734	352.31911	79.73966	401.13931	138.3239	74.04397	124.49151	155.41097	0
5398	8.1367	367.77884	349.8781	-189.58511	-169.24336	350.69177	71.60296	388.93426	116.35481	55.32956	117.16848	148.90161	0
5399	-2.44101	361.26948	353.13278	-186.33043	-173.31171	351.50544	63.46626	374.2882	95.19939	36.61515	108.21811	144.01959	0
5400	-10.57771	356.38746	356.38746	-185.51676	-177.38006	353.13278	52.07488	353.94645	72.41663	20.34175	101.70875	139.13757	0
5401	-11.39138	354.76012	358.82847	-191.21245	-179.82107	354.76012	34.98781	326.28167	43.12451	4.88202	96.82673	135.06922	0
5402	-1.62734	364.52416	362.08315	-199.34915	-178.19373	362.08315	18.71441	300.24423	12.20505	-10.57771	95.19939	135.88289	0
5403	8.95037	383.23857	371.03352	-200.97649	-180.63474	377.54288	5.69569	277.46147	-17.08707	-26.03744	96.82673	141.57858	0
5404	14.64606	400.32564	385.67958	-201.79016	-185.51676	392.18894	0	255.49238	-48.00653	-38.24249	96.01306	146.4606	0
5405	17.08707	410.90335	398.6983	-205.85851	-190.39878	401.13931	1.62734	231.89595	-78.92599	-43.93818	95.19939	150.52895	0
5406	14.64606	418.22638	409.27601	-209.11319	-196.09447	407.64867	7.32303	209.11319	-104.14976	-43.93818	96.01306	153.78363	0
5407	17.90074	426.36308	414.15803	-210.74053	-196.09447	414.9717	12.20505	186.33043	-121.23683	-42.31084	99.26774	157.03831	0
5408	27.66478	435.31345	407.64867	-211.5542	-187.1441	418.22638	13.01872	162.734	-132.62821	-43.93818	103.33609	161.10666	0
5409	30.91946	435.31345	396.25729	-212.36787	-175.75272	414.15803	8.95037	138.3239	-143.20592	-50.44754	106.59077	165.17501	0
5410	24.4101	427.17675	386.49325	-210.74053	-172.49804	404.39399	1.62734	113.10013	-155.41097	-62.65259	105.7771	170.05703	0
5411	16.2734	419.04005	381.61123	-205.04484	-176.56639	394.62995	-7.32303	87.87636	-173.31171	-78.92599	100.08141	170.8707	0
5412	11.39138	412.53069	379.98389	-201.79016	-180.63474	388.12059	-15.45973	65.90727	-197.72181	-96.82673	91.13104	167.61602	0
5413	12.20505	406.02133	377.54288	-203.4175	-181.44841	385.67958	-24.4101	46.37919	-227.8276	-112.28646	82.99434	161.92033	0
5414	11.39138	399.51197	377.54288	-204.23117	-184.70309	384.86591	-34.98781	26.85111	-260.3744	-122.86417	77.29865	154.5973	0
5415	4.06835	393.00261	384.05224	-199.34915	-192.02612	387.30692	-44.75185	7.32303	-286.41184	-127.74619	71.60296	146.4606	0
5416	-5.69569	388.12059	393.81628	-192.02612	-202.60383	391.37527	-47.19286	-8.95037	-298.61689	-126.93252	66.72094	138.3239	0
5417	-16.2734	382.4249	400.32564	-183.88942	-209.92686	392.18894	-43.93818	-22.78276	-301.0579	-121.23683	63.46626	132.62821	0
5418	-25.22377	364.52416	393.00261	-170.05703	-210.74053	379.98389	-39.05616	-34.98781	-297.80322	-112.28646	55.32956	124.49151	0
5419	-32.5468	332.79103	370.21985	-150.52895	-202.60383	352.31911	-35.80148	-49.63387	-296.17588	-105.7771	42.31084	112.28646	0
5420	-34.98781	300.24423	340.92773	-131.81454	-189.58511	320.58598	-33.36047	-67.53461	-296.98955	-104.14976	31.73313	97.6404	0
5421	-33.36047	275.83413	314.89029	-120.42316	-175.75272	294.54854	-30.10579	-84.62168	-301.87157	-105.7771	25.22377	89.5037	0
5422	-24.4101	260.3744	288.03918	-117.98215	-157.85198	273.39312	-30.10579	-100.89508	-307.56726	-109.84545	18.71441	84.62168	0
5423	-6.50936	249.79669	262.81541	-126.11885	-135.88289	254.67871	-33.36047	-113.9138	-302.68524	-111.47279	12.20505	79.73966	0
5424	5.69569	242.47366	244.101	-135.88289	-117.98215	244.101	-36.61515	-117.98215	-282.34349	-108.21811	7.32303	74.85764	0
5425	0.81367	236.77797	229.45494	-132.62821	-106.59077	243.28733	-37.42882	-112.28646	-253.86504	-101.70875	7.32303	72.41663	0
5426	-11.39138	227.01393	219.6909	-117.98215	-104.96343	239.21898	-34.98781	-101.70875	-227.01393	-91.13104	9.76404	70.78929	0
5427	-21.15542	210.74053	213.18154	-100.89508	-108.21811	225.38659	-29.29212	-91.13104	-205.85851	-79.73966	10.57771	65.90727	0
5428	-27.66478	188.77144	203.4175	-82.99434	-109.84545	205.85851	-24.4101	-82.18067	-192.83979	-71.60296	7.32303	57.77057	0
5429	-28.47845	162.734	187.1441	-67.53461	-105.7771	179.82107	-22.78276	-78.11232	-188.77144	-69.16195	-1.62734	48.00653	0
5430	-21.15542	141.57858	164.36134	-56.14323	-93.57205	153.78363	-23.59643	-79.73966	-187.1441	-73.2303	-12.20505	39.86983	0
5431	-11.39138	128.55986	145.64693	-48.8202	-80.55333	135.88289	-24.4101	-83.80801	-178.19373	-75.67131	-17.90074	31.73313	0
5432	-0.81367	116.35481	130.1872	-49.63387	-68.34828	124.49151	-23.59643	-87.06269	-160.29299	-68.34828	-15.45973	26.03744	0
5433	2.44101	96.01306	115.54114	-51.26121	-59.39791	113.9138	-19.52808	-90.31737	-139.13757	-56.14323	-8.1367	22.78276	0
5434	-4.06835	71.60296	103.33609	-43.12451	-56.14323	99.26774	-17.90074	-92.75838	-121.23683	-45.56552	-3.25468	16.2734	0
5435	-16.2734	52.07488	91.13104	-26.85111	-53.70222	82.99434	-20.34175	-91.94471	-107.40444	-39.05616	-6.50936	6.50936	0
5436	-28.47845	39.05616	81.367	-10.57771	-52.88855	68.34828	-21.96909	-87.06269	-94.38572	-30.91946	-13.01872	-2.44101	0
5437	-38.24249	30.10579	74.85764	2.44101	-53.70222	56.9569	-19.52808	-77.29865	-79.73966	-21.96909	-17.90074	-10.57771	0
5438	-42.31084	21.15542	65.90727	10.57771	-52.07488	49.63387	-16.2734	-65.90727	-65.90727	-16.2734	-18.71441	-19.52808	0
5439	-36.61515	16.2734	56.9569	10.57771	-45.56552	48.8202	-12.20505	-56.9569	-55.32956	-15.45973	-17.90074	-28.47845	0
5440	-26.03744	17.90074	52.07488	4.88202	-39.05616	48.8202	-7.32303	-48.8202	-43.12451	-11.39138	-18.71441	-30.10579	0
5441	-11.39138	25.22377	48.8202	-4.06835	-32.5468	46.37919	-4.06835	-40.6835	-30.91946	-0.81367	-20.34175	-26.03744	0
5442	3.25468	33.36047	44.75185	-16.2734	-24.4101	42.31084	-1.62734	-37.42882	-26.03744	8.95037	-22.78276	-23.59643	0
5443	4.88202	26.03744	37.42882	-15.45973	-12.20505	29.29212	-4.06835	-39.05616	-28.47845	13.83239	-28.47845	-25.22377	0
5444	-5.69569	0	27.66478	0.81367	-3.25468	8.1367	-10.57771	-43.12451	-34.98781	9.76404	-34.17414	-29.29212	0
5445	-10.57771	-26.03744	16.2734	15.45973	-2.44101	-8.95037	-13.01872	-47.19286	-37.42882	1.62734	-35.80148	-30.10579	0
5446	-6.50936	-39.05616	0	20.34175	0	-21.96909	-8.1367	-46.37919	-29.29212	-2.44101	-31.73313	-25.22377	0
5447	-1.62734	-46.37919	-25.22377	19.52808	13.83239	-37.42882	0	-39.86983	-9.76404	-1.62734	-26.03744	-21.15542	0
5448	1.62734	-52.07488	-50.44754	15.45973	34.98781	-50.44754	4.88202	-34.17414	7.32303	0.81367	-20.34175	-25.22377	0
5449	4.88202	-58.58424	-61.02525	15.45973	49.63387	-56.9569	5.69569	-30.10579	17.90074	1.62734	-15.45973	-34.17414	0
5450	4.88202	-64.27993	-58.58424	19.52808	48.8202	-56.14323	6.50936	-21.96909	24.4101	3.25468	-14.64606	-41.49717	0
5451	-4.88202	-68.34828	-48.00653	27.66478	34.17414	-52.07488	9.76404	-10.57771	30.91946	10.57771	-13.01872	-39.86983	0
5452	-18.71441	-71.60296	-35.80148	36.61515	13.83239	-49.63387	10.57771	-4.88202	35.80148	21.15542	-10.57771	-34.98781	0
5453	-26.03744	-73.2303	-31.73313	43.12451	-0.81367	-52.07488	5.69569	-6.50936	39.05616	30.91946	-7.32303	-31.73313	0
5454	-28.47845	-74.04397	-36.61515	43.93818	-3.25468	-56.9569	0	-8.95037	42.31084	39.86983	-4.06835	-30.91946	0
5455	-27.66478	-75.67131	-49.63387	43.12451	2.44101	-64.27993	-1.62734	-9.76404	48.8202	47.19286	-2.44101	-30.91946	0
5456	-25.22377	-82.99434	-67.53461	46.37919	10.57771	-76.48498	-4.06835	-5.69569	55.32956	49.63387	-8.1367	-35.80148	0
5457	-30.10579	-100.89508	-80.55333	60.21158	16.2734	-91.13104	-5.69569	0	58.58424	44.75185	-18.71441	-43.93818	0
5458	-39.86983	-120.42316	-82.99434	77.29865	21.15542	-104.14976	-5.69569	6.50936	63.46626	38.24249	-28.47845	-52.07488	0
5459	-43.93818	-132.62821	-77.29865	87.06269	25.22377	-112.28646	-4.06835	12.20505	68.34828	31.73313	-34.17414	-56.14323	0
5460	-43.12451	-134.25555	-70.78929	88.69003	25.22377	-112.28646	-3.25468	17.90074	70.78929	28.47845	-38.24249	-54.51589	0
5461	-40.6835	-118.79582	-68.34828	84.62168	26.85111	-102.52242	-4.06835	20.34175	67.53461	29.29212	-40.6835	-50.44754	0
5462	-37.42882	-91.94471	-70.78929	78.11232	36.61515	-87.06269	-5.69569	13.83239	59.39791	29.29212	-40.6835	-48.8202	0
5463	-32.5468	-71.60296	-72.41663	71.60296	41.49717	-74.85764	-8.1367	0.81367	47.19286	24.4101	-42.31084	-50.44754	0
5464	-29.29212	-66.72094	-69.16195	66.72094	34.98781	-69.16195	-8.1367	-8.95037	34.17414	18.71441	-42.31084	-54.51589	0
5465	-31.73313	-71.60296	-59.39791	62.65259	21.15542	-65.90727	-4.06835	-13.01872	32.5468	16.2734	-39.05616	-52.88855	0
5466	-39.05616	-80.55333	-43.93818	60.21158	4.06835	-60.21158	0	-8.95037	45.56552	20.34175	-32.5468	-48.8202	0
5467	-50.44754	-89.5037	-31.73313	60.21158	-8.95037	-56.9569	4.88202	-0.81367	64.27993	27.66478	-28.47845	-47.19286	0
5468	-54.51589	-96.01306	-30.91946	62.65259	-13.01872	-59.39791	8.1367	8.1367	82.18067	37.42882	-29.29212	-48.00653	0
5469	-49.63387	-97.6404	-37.42882	67.53461	-8.1367	-65.0936	8.95037	21.15542	97.6404	45.56552	-35.80148	-49.63387	0
5470	-44.75185	-97.6404	-43.93818	69.16195	-2.44101	-70.78929	8.1367	34.98781	110.65912	50.44754	-42.31084	-49.63387	0
5471	-40.6835	-99.26774	-52.07488	68.34828	3.25468	-77.29865	7.32303	40.6835	117.16848	48.8202	-48.00653	-51.26121	0
5472	-36.61515	-99.26774	-57.77057	69.16195	8.1367	-80.55333	9.76404	38.24249	115.54114	43.93818	-50.44754	-51.26121	0
5473	-35.80148	-96.01306	-58.58424	69.97562	8.95037	-78.92599	13.83239	31.73313	109.03178	39.05616	-50.44754	-49.63387	0
5474	-39.05616	-94.38572	-56.14323	69.16195	7.32303	-75.67131	17.90074	27.66478	102.52242	34.17414	-51.26121	-47.19286	0
5475	-44.75185	-93.57205	-49.63387	67.53461	4.88202	-69.97562	23.59643	29.29212	100.08141	33.36047	-50.44754	-44.75185	0
5476	-51.26121	-91.13104	-40.6835	69.97562	0	-65.0936	26.85111	31.73313	103.33609	34.98781	-51.26121	-46.37919	0
5477	-61.02525	-96.82673	-36.61515	78.11232	-7.32303	-65.90727	26.03744	34.17414	112.28646	33.36047	-54.51589	-52.88855	0
5478	-69.16195	-110.65912	-40.6835	88.69003	-11.39138	-74.85764	20.34175	36.61515	122.0505	30.10579	-57.77057	-59.39791	0
5479	-67.53461	-125.30518	-56.14323	96.01306	-4.06835	-87.06269	15.45973	39.05616	130.1872	26.85111	-61.02525	-64.27993	0
5480	-57.77057	-139.13757	-78.11232	98.45407	8.95037	-96.82673	9.76404	39.05616	134.25555	24.4101	-62.65259	-68.34828	0
5481	-48.8202	-148.08794	-95.19939	97.6404	21.15542	-105.7771	4.88202	44.75185	132.62821	25.22377	-61.02525	-69.16195	0
5482	-41.49717	-146.4606	-101.70875	93.57205	28.47845	-110.65912	3.25468	54.51589	126.93252	30.91946	-54.51589	-63.46626	0
5483	-38.24249	-138.3239	-99.26774	91.13104	28.47845	-112.28646	4.88202	60.21158	121.23683	35.80148	-46.37919	-56.14323	0
5484	-38.24249	-131.81454	-88.69003	90.31737	19.52808	-111.47279	5.69569	60.21158	116.35481	37.42882	-39.86983	-53.70222	0
5485	-39.05616	-131.00087	-77.29865	90.31737	8.1367	-109.84545	4.06835	58.58424	113.9138	39.86983	-37.42882	-54.51589	0
5486	-41.49717	-135.06922	-74.04397	91.94471	3.25468	-110.65912	1.62734	52.88855	117.16848	40.6835	-39.05616	-57.77057	0
5487	-39.86983	-136.69656	-81.367	91.13104	10.57771	-113.10013	0	48.8202	126.11885	39.86983	-45.56552	-64.27993	0
5488	-33.36047	-129.37353	-87.06269	80.55333	20.34175	-112.28646	4.06835	52.88855	143.20592	41.49717	-51.26121	-66.72094	0
5489	-26.03744	-116.35481	-89.5037	65.0936	25.22377	-108.21811	17.08707	64.27993	165.17501	43.93818	-56.14323	-67.53461	0
5490	-18.71441	-104.96343	-91.13104	54.51589	26.85111	-104.96343	33.36047	71.60296	179.0074	41.49717	-61.83892	-67.53461	0
5491	-13.01872	-98.45407	-89.5037	48.00653	28.47845	-99.26774	45.56552	72.41663	176.56639	31.73313	-69.16195	-67.53461	0
5492	-8.95037	-97.6404	-84.62168	43.12451	30.10579	-91.94471	46.37919	66.72094	158.66565	15.45973	-78.11232	-69.97562	0
5493	-13.01872	-98.45407	-78.92599	45.56552	26.85111	-86.24902	39.05616	60.21158	131.81454	0	-83.80801	-78.11232	0
5494	-25.22377	-96.01306	-73.2303	56.14323	19.52808	-86.24902	30.91946	56.14323	106.59077	-12.20505	-85.43535	-86.24902	0
5495	-34.17414	-95.19939	-67.53461	64.27993	13.01872	-87.06269	26.85111	58.58424	91.13104	-12.20505	-79.73966	-91.13104	0
5496	-38.24249	-101.70875	-61.02525	69.97562	7.32303	-85.43535	27.66478	65.0936	88.69003	0	-69.97562	-87.87636	0
5497	-41.49717	-110.65912	-54.51589	77.29865	0	-82.99434	34.98781	68.34828	96.82673	15.45973	-60.21158	-79.73966	0
5498	-43.12451	-117.98215	-55.32956	83.80801	-0.81367	-85.43535	48.00653	67.53461	112.28646	30.10579	-51.26121	-71.60296	0
5499	-43.93818	-122.86417	-65.0936	87.06269	4.06835	-91.94471	59.39791	65.0936	128.55986	38.24249	-47.19286	-69.16195	0
5500	-39.05616	-125.30518	-83.80801	86.24902	17.08707	-99.26774	62.65259	62.65259	139.95124	39.86983	-50.44754	-73.2303	0
5501	-28.47845	-128.55986	-104.96343	83.80801	34.17414	-109.84545	57.77057	61.02525	145.64693	34.17414	-56.9569	-78.92599	0
5502	-21.96909	-131.00087	-116.35481	79.73966	44.75185	-117.98215	48.8202	60.21158	145.64693	24.4101	-61.83892	-80.55333	0
5503	-21.15542	-127.74619	-113.10013	74.85764	44.75185	-116.35481	39.05616	60.21158	141.57858	14.64606	-65.90727	-77.29865	0
5504	-17.90074	-116.35481	-102.52242	65.0936	39.86983	-109.84545	30.91946	61.83892	136.69656	7.32303	-67.53461	-69.16195	0
5505	-11.39138	-100.08141	-91.13104	54.51589	37.42882	-102.52242	21.96909	67.53461	131.81454	6.50936	-65.0936	-60.21158	0
5506	-5.69569	-85.43535	-86.24902	45.56552	39.86983	-96.01306	14.64606	71.60296	128.55986	8.95037	-61.83892	-56.14323	0
5507	-4.06835	-78.92599	-91.94471	37.42882	46.37919	-94.38572	11.39138	72.41663	122.86417	14.64606	-61.83892	-59.39791	0
5508	-5.69569	-84.62168	-100.89508	37.42882	44.75185	-99.26774	10.57771	74.04397	113.10013	21.96909	-63.46626	-65.90727	0
5509	-15.45973	-101.70875	-103.33609	52.07488	34.98781	-106.59077	16.2734	75.67131	106.59077	27.66478	-61.83892	-69.97562	0
5510	-34.98781	-122.86417	-96.82673	74.04397	22.78276	-113.10013	26.03744	77.29865	107.40444	31.73313	-59.39791	-70.78929	0
5511	-56.14323	-139.13757	-85.43535	94.38572	13.01872	-114.72747	35.80148	79.73966	116.35481	33.36047	-59.39791	-72.41663	0
5512	-68.34828	-145.64693	-76.48498	103.33609	8.1367	-112.28646	41.49717	80.55333	128.55986	31.73313	-62.65259	-72.41663	0
5513	-60.21158	-136.69656	-74.85764	94.38572	11.39138	-106.59077	45.56552	79.73966	140.76491	28.47845	-65.0936	-67.53461	0
5514	-39.86983	-114.72747	-78.92599	73.2303	23.59643	-97.6404	48.00653	78.92599	148.08794	26.85111	-65.90727	-56.9569	0
5515	-23.59643	-93.57205	-86.24902	56.14323	35.80148	-91.94471	47.19286	77.29865	152.96996	27.66478	-62.65259	-48.00653	0
5516	-13.01872	-82.18067	-91.94471	46.37919	44.75185	-90.31737	43.93818	74.85764	154.5973	33.36047	-56.14323	-46.37919	0
5517	-7.32303	-82.18067	-95.19939	44.75185	48.00653	-91.94471	40.6835	73.2303	152.15629	38.24249	-50.44754	-51.26121	0
5518	-8.95037	-94.38572	-98.45407	52.07488	46.37919	-93.57205	38.24249	74.04397	144.83326	43.12451	-47.19286	-62.65259	0
5519	-16.2734	-109.03178	-105.7771	63.46626	48.00653	-93.57205	37.42882	74.04397	138.3239	46.37919	-43.93818	-74.85764	0
5520	-19.52808	-117.98215	-114.72747	66.72094	57.77057	-94.38572	38.24249	73.2303	133.44188	48.00653	-43.12451	-80.55333	0
5521	-15.45973	-123.67784	-113.9138	59.39791	63.46626	-91.94471	37.42882	65.90727	126.93252	43.93818	-46.37919	-78.92599	0
5522	-21.96909	-122.86417	-100.08141	60.21158	50.44754	-89.5037	36.61515	52.88855	116.35481	30.91946	-56.14323	-78.92599	0
5523	-43.93818	-114.72747	-79.73966	74.04397	25.22377	-89.5037	32.5468	40.6835	102.52242	13.83239	-69.97562	-82.18067	0
5524	-57.77057	-106.59077	-65.90727	83.80801	5.69569	-88.69003	25.22377	30.91946	89.5037	4.06835	-79.73966	-87.06269	0
5525	-49.63387	-96.82673	-62.65259	76.48498	4.88202	-85.43535	18.71441	22.78276	81.367	5.69569	-80.55333	-91.94471	0
5526	-19.52808	-83.80801	-72.41663	53.70222	22.78276	-81.367	17.08707	19.52808	79.73966	13.83239	-75.67131	-92.75838	0
5527	19.52808	-71.60296	-87.06269	22.78276	46.37919	-77.29865	20.34175	21.15542	86.24902	23.59643	-69.16195	-88.69003	0
5528	49.63387	-61.02525	-98.45407	0	60.21158	-74.04397	26.85111	21.96909	100.08141	30.91946	-65.90727	-81.367	0
5529	57.77057	-56.14323	-100.89508	-5.69569	61.83892	-74.85764	32.5468	23.59643	114.72747	33.36047	-68.34828	-72.41663	0
5530	45.56552	-59.39791	-94.38572	2.44101	54.51589	-74.85764	34.17414	26.03744	125.30518	33.36047	-69.16195	-67.53461	0
5531	24.4101	-65.90727	-82.99434	17.08707	43.93818	-74.85764	32.5468	27.66478	128.55986	37.42882	-64.27993	-63.46626	0
5532	-4.06835	-80.55333	-71.60296	39.05616	27.66478	-77.29865	28.47845	29.29212	124.49151	41.49717	-60.21158	-61.02525	0
5533	-34.17414	-101.70875	-61.02525	65.90727	12.20505	-82.18067	24.4101	23.59643	116.35481	41.49717	-58.58424	-62.65259	0
5534	-51.26121	-118.79582	-54.51589	87.87636	4.06835	-86.24902	21.96909	10.57771	108.21811	39.05616	-56.14323	-62.65259	0
5535	-55.32956	-126.93252	-56.14323	96.82673	4.88202	-90.31737	22.78276	3.25468	105.7771	37.42882	-50.44754	-58.58424	0
5536	-53.70222	-127.74619	-61.83892	96.01306	7.32303	-93.57205	25.22377	4.88202	109.03178	36.61515	-45.56552	-55.32956	0
5537	-48.00653	-123.67784	-69.16195	91.94471	12.20505	-95.19939	26.03744	13.83239	112.28646	35.80148	-42.31084	-55.32956	0
5538	-33.36047	-117.98215	-80.55333	83.80801	23.59643	-98.45407	28.47845	23.59643	113.10013	36.61515	-42.31084	-55.32956	0
5539	-13.83239	-109.03178	-92.75838	72.41663	38.24249	-101.70875	30.10579	28.47845	110.65912	35.80148	-48.00653	-59.39791	0
5540	0.81367	-100.89508	-99.26774	62.65259	48.8202	-102.52242	30.10579	27.66478	103.33609	31.73313	-58.58424	-68.34828	0
5541	8.95037	-96.82673	-103.33609	58.58424	53.70222	-102.52242	29.29212	24.4101	96.82673	26.85111	-65.90727	-75.67131	0
5542	13.01872	-96.01306	-107.40444	55.32956	58.58424	-103.33609	30.91946	17.90074	94.38572	26.03744	-67.53461	-78.11232	0
5543	13.01872	-97.6404	-110.65912	52.88855	60.21158	-104.96343	34.17414	7.32303	92.75838	27.66478	-65.90727	-76.48498	0
5544	12.20505	-96.82673	-109.03178	50.44754	58.58424	-102.52242	38.24249	0	91.94471	30.91946	-61.83892	-70.78929	0
5545	9.76404	-88.69003	-100.08141	48.8202	52.88855	-93.57205	40.6835	-4.88202	92.75838	34.17414	-53.70222	-61.02525	0
5546	3.25468	-82.99434	-87.87636	49.63387	47.19286	-83.80801	37.42882	-4.88202	91.94471	35.80148	-45.56552	-52.88855	0
5547	-6.50936	-79.73966	-76.48498	52.07488	37.42882	-77.29865	30.91946	1.62734	92.75838	37.42882	-39.05616	-49.63387	0
5548	-17.08707	-77.29865	-67.53461	55.32956	27.66478	-72.41663	25.22377	13.83239	93.57205	39.86983	-35.80148	-48.00653	0
5549	-23.59643	-71.60296	-61.83892	56.9569	20.34175	-65.90727	22.78276	21.96909	94.38572	38.24249	-37.42882	-48.00653	0
5550	-22.78276	-66.72094	-58.58424	54.51589	17.08707	-61.02525	26.85111	24.4101	96.01306	35.80148	-39.05616	-46.37919	0
5551	-15.45973	-60.21158	-54.51589	48.8202	17.90074	-56.9569	34.17414	25.22377	102.52242	35.80148	-37.42882	-44.75185	0
5552	-9.76404	-55.32956	-50.44754	41.49717	18.71441	-52.07488	40.6835	22.78276	107.40444	38.24249	-34.17414	-46.37919	0
5553	-7.32303	-54.51589	-43.93818	38.24249	17.90074	-48.8202	43.93818	17.90074	107.40444	41.49717	-31.73313	-47.19286	0
5554	-2.44101	-59.39791	-38.24249	40.6835	20.34175	-48.00653	43.93818	14.64606	102.52242	44.75185	-30.10579	-47.19286	0
5555	2.44101	-60.21158	-39.05616	39.86983	24.4101	-48.00653	43.93818	13.83239	96.01306	48.00653	-27.66478	-45.56552	0
5556	6.50936	-54.51589	-40.6835	32.5468	26.03744	-46.37919	45.56552	18.71441	92.75838	52.07488	-22.78276	-43.12451	0
5557	8.1367	-43.93818	-39.86983	23.59643	26.03744	-40.6835	48.8202	26.85111	95.19939	56.9569	-17.90074	-40.6835	0
5558	6.50936	-33.36047	-39.86983	12.20505	22.78276	-35.80148	53.70222	33.36047	102.52242	61.83892	-15.45973	-37.42882	0
5559	0.81367	-24.4101	-41.49717	2.44101	16.2734	-31.73313	57.77057	34.17414	109.84545	65.0936	-18.71441	-34.17414	0
5560	-8.1367	-20.34175	-41.49717	4.06835	8.95037	-30.10579	59.39791	29.29212	111.47279	64.27993	-27.66478	-32.5468	0
5561	-17.08707	-20.34175	-39.86983	15.45973	4.06835	-34.17414	60.21158	22.78276	106.59077	58.58424	-36.61515	-38.24249	0
5562	-22.78276	-22.78276	-36.61515	24.4101	1.62734	-37.42882	63.46626	21.96909	101.70875	51.26121	-39.86983	-43.93818	0
5563	-17.90074	-21.15542	-29.29212	21.96909	2.44101	-32.5468	72.41663	24.4101	103.33609	50.44754	-36.61515	-42.31084	0
5564	-5.69569	-12.20505	-21.96909	9.76404	4.88202	-21.15542	82.18067	30.10579	113.9138	58.58424	-26.85111	-36.61515	0
5565	6.50936	-1.62734	-14.64606	-1.62734	7.32303	-9.76404	87.87636	39.86983	126.93252	71.60296	-11.39138	-30.10579	0
5566	14.64606	6.50936	-6.50936	-8.95037	6.50936	0	86.24902	48.8202	132.62821	82.18067	2.44101	-23.59643	0
5567	14.64606	13.83239	3.25468	-11.39138	1.62734	9.76404	78.92599	54.51589	131.00087	87.87636	12.20505	-16.2734	0
5568	8.1367	15.45973	11.39138	-12.20505	-4.06835	14.64606	69.16195	55.32956	124.49151	88.69003	14.64606	-12.20505	0
5569	-0.81367	8.95037	16.2734	-10.57771	-10.57771	11.39138	56.14323	50.44754	116.35481	82.99434	8.95037	-13.01872	0
5570	-7.32303	0	17.08707	-5.69569	-14.64606	3.25468	34.98781	39.05616	108.21811	74.04397	-0.81367	-20.34175	0
5571	-1.62734	-4.88202	8.95037	-5.69569	-13.01872	-3.25468	8.1367	21.15542	99.26774	64.27993	-12.20505	-30.10579	0
5572	13.83239	5.69569	1.62734	-17.90074	-4.88202	-0.81367	-15.45973	3.25468	93.57205	58.58424	-17.90074	-34.98781	0
5573	32.5468	29.29212	2.44101	-36.61515	4.88202	13.01872	-32.5468	-11.39138	91.94471	62.65259	-16.2734	-31.73313	0
5574	43.93818	53.70222	8.1367	-50.44754	11.39138	31.73313	-41.49717	-21.96909	91.94471	71.60296	-11.39138	-25.22377	0
5575	45.56552	69.16195	13.01872	-56.14323	14.64606	47.19286	-43.12451	-28.47845	93.57205	79.73966	-4.06835	-17.08707	0
5576	41.49717	75.67131	17.90074	-55.32956	13.83239	54.51589	-39.86983	-28.47845	96.82673	85.43535	5.69569	-8.95037	0
5577	36.61515	78.11232	21.96909	-52.07488	9.76404	54.51589	-34.98781	-21.96909	98.45407	84.62168	16.2734	-3.25468	0
5578	32.5468	78.92599	27.66478	-49.63387	5.69569	54.51589	-30.10579	-15.45973	98.45407	80.55333	23.59643	0	0
5579	30.10579	79.73966	32.5468	-48.00653	2.44101	54.51589	-25.22377	-12.20505	98.45407	76.48498	26.85111	-2.44101	0
5580	29.29212	74.85764	31.73313	-45.56552	2.44101	52.88855	-17.90074	-10.57771	96.82673	74.04397	25.22377	-8.1367	0
5581	25.22377	63.46626	26.85111	-39.05616	1.62734	48.00653	-9.76404	-8.95037	93.57205	70.78929	19.52808	-13.83239	0
5582	13.83239	49.63387	21.15542	-26.03744	-2.44101	37.42882	-5.69569	-8.95037	89.5037	68.34828	12.20505	-20.34175	0
5583	2.44101	37.42882	15.45973	-14.64606	-7.32303	26.85111	-7.32303	-13.83239	85.43535	65.90727	7.32303	-23.59643	0
5584	0	26.03744	5.69569	-9.76404	-7.32303	17.90074	-13.01872	-25.22377	86.24902	61.83892	6.50936	-20.34175	0
5585	3.25468	16.2734	-4.06835	-8.95037	-2.44101	9.76404	-21.15542	-42.31084	87.06269	60.21158	10.57771	-15.45973	0
5586	8.95037	9.76404	-11.39138	-9.76404	3.25468	2.44101	-26.03744	-52.88855	85.43535	62.65259	17.90074	-11.39138	0
5587	13.01872	8.95037	-15.45973	-13.83239	12.20505	0	-29.29212	-52.07488	87.87636	68.34828	23.59643	-8.95037	0
5588	13.01872	4.88202	-26.03744	-17.08707	24.4101	-8.1367	-31.73313	-45.56552	94.38572	74.04397	22.78276	-6.50936	0
5589	11.39138	-15.45973	-47.19286	-8.1367	37.42882	-31.73313	-34.17414	-35.80148	93.57205	74.04397	12.20505	-13.83239	0
5590	8.95037	-48.00653	-74.04397	9.76404	48.8202	-62.65259	-35.80148	-26.85111	82.18067	69.16195	-0.81367	-31.73313	0
5591	5.69569	-73.2303	-95.19939	27.66478	59.39791	-86.24902	-33.36047	-23.59643	68.34828	59.39791	-17.08707	-48.8202	0
5592	7.32303	-90.31737	-108.21811	39.86983	64.27993	-100.89508	-23.59643	-22.78276	61.83892	51.26121	-30.10579	-56.9569	0
5593	12.20505	-100.89508	-113.10013	46.37919	65.90727	-108.21811	-9.76404	-17.90074	63.46626	48.00653	-32.5468	-53.70222	0
5594	14.64606	-102.52242	-112.28646	50.44754	69.97562	-106.59077	0	-8.95037	71.60296	44.75185	-28.47845	-42.31084	0
5595	12.20505	-93.57205	-109.84545	48.8202	74.04397	-100.89508	6.50936	0.81367	82.18067	44.75185	-17.90074	-30.10579	0
5596	7.32303	-85.43535	-111.47279	43.93818	76.48498	-96.82673	9.76404	10.57771	91.13104	44.75185	-7.32303	-23.59643	0
5597	0	-92.75838	-116.35481	47.19286	74.04397	-103.33609	8.95037	15.45973	95.19939	40.6835	-5.69569	-28.47845	0
5598	-7.32303	-113.10013	-124.49151	58.58424	69.16195	-117.98215	6.50936	12.20505	92.75838	30.91946	-19.52808	-43.12451	0
5599	-12.20505	-133.44188	-133.44188	70.78929	65.90727	-134.25555	2.44101	1.62734	83.80801	17.90074	-44.75185	-60.21158	0
5600	-15.45973	-148.90161	-140.76491	80.55333	63.46626	-148.08794	-0.81367	-14.64606	70.78929	3.25468	-69.97562	-74.85764	0
5601	-19.52808	-162.734	-141.57858	91.94471	57.77057	-156.22464	-2.44101	-35.80148	56.9569	-10.57771	-88.69003	-87.06269	0
5602	-21.15542	-167.61602	-134.25555	98.45407	50.44754	-154.5973	-2.44101	-60.21158	42.31084	-21.96909	-96.82673	-95.19939	0
5603	-17.90074	-158.66565	-125.30518	93.57205	48.8202	-146.4606	-0.81367	-76.48498	31.73313	-26.03744	-95.19939	-94.38572	0
5604	-11.39138	-141.57858	-122.86417	80.55333	50.44754	-139.95124	1.62734	-74.85764	29.29212	-21.15542	-82.99434	-84.62168	0
5605	-5.69569	-130.1872	-121.23683	69.97562	52.88855	-135.88289	8.95037	-58.58424	31.73313	-10.57771	-63.46626	-73.2303	0
5606	-5.69569	-127.74619	-117.16848	67.53461	54.51589	-133.44188	19.52808	-37.42882	36.61515	1.62734	-42.31084	-60.21158	0
5607	-9.76404	-127.74619	-109.03178	70.78929	49.63387	-127.74619	33.36047	-15.45973	46.37919	14.64606	-24.4101	-48.8202	0
5608	-17.08707	-131.00087	-96.82673	79.73966	35.80148	-119.60949	44.75185	0.81367	56.14323	23.59643	-17.08707	-42.31084	0
5609	-24.4101	-139.13757	-88.69003	91.94471	21.96909	-113.10013	48.8202	11.39138	62.65259	23.59643	-26.03744	-42.31084	0
5610	-33.36047	-150.52895	-92.75838	102.52242	15.45973	-108.21811	42.31084	12.20505	65.90727	14.64606	-45.56552	-48.00653	0
5611	-40.6835	-159.47932	-103.33609	109.84545	14.64606	-109.03178	29.29212	6.50936	68.34828	4.88202	-64.27993	-59.39791	0
5612	-40.6835	-166.80235	-109.84545	114.72747	19.52808	-111.47279	17.08707	-0.81367	69.16195	-0.81367	-74.85764	-70.78929	0
5613	-42.31084	-171.68437	-110.65912	117.98215	23.59643	-116.35481	8.1367	-8.95037	65.0936	-3.25468	-75.67131	-78.11232	0
5614	-53.70222	-177.38006	-109.03178	122.86417	20.34175	-125.30518	4.06835	-15.45973	57.77057	-4.06835	-66.72094	-81.367	0
5615	-67.53461	-183.07575	-106.59077	128.55986	14.64606	-134.25555	6.50936	-18.71441	52.88855	0	-48.8202	-78.11232	0
5616	-71.60296	-185.51676	-104.96343	126.11885	13.83239	-137.51023	12.20505	-17.90074	52.88855	10.57771	-26.85111	-69.16195	0
5617	-63.46626	-183.07575	-102.52242	113.9138	17.90074	-132.62821	21.15542	-12.20505	60.21158	25.22377	-8.1367	-56.9569	0
5618	-51.26121	-174.93905	-102.52242	100.89508	24.4101	-127.74619	29.29212	-4.06835	72.41663	38.24249	-3.25468	-51.26121	0
5619	-40.6835	-166.80235	-110.65912	91.13104	35.80148	-131.00087	35.80148	2.44101	83.80801	43.12451	-16.2734	-57.77057	0
5620	-33.36047	-162.734	-126.11885	84.62168	49.63387	-140.76491	41.49717	7.32303	91.94471	41.49717	-34.17414	-74.04397	0
5621	-27.66478	-163.54767	-141.57858	83.80801	61.83892	-151.34262	46.37919	11.39138	94.38572	34.98781	-52.07488	-87.87636	0
5622	-26.03744	-170.05703	-153.78363	90.31737	68.34828	-162.734	48.8202	9.76404	87.06269	24.4101	-69.16195	-94.38572	0
5623	-30.10579	-180.63474	-160.29299	100.08141	67.53461	-172.49804	47.19286	1.62734	66.72094	13.01872	-75.67131	-96.82673	0
5624	-38.24249	-189.58511	-157.85198	107.40444	63.46626	-174.93905	43.12451	-20.34175	34.17414	0.81367	-69.97562	-97.6404	0
5625	-45.56552	-189.58511	-147.27427	111.47279	59.39791	-168.42969	34.17414	-61.83892	-13.01872	-15.45973	-62.65259	-92.75838	0
5626	-48.00653	-182.26208	-135.88289	111.47279	51.26121	-158.66565	21.96909	-124.49151	-75.67131	-38.24249	-61.83892	-83.80801	0
5627	-46.37919	-170.05703	-125.30518	106.59077	38.24249	-146.4606	7.32303	-202.60383	-148.90161	-66.72094	-64.27993	-69.97562	0
5628	-47.19286	-155.41097	-108.21811	100.08141	21.96909	-131.00087	-12.20505	-291.29386	-235.9643	-98.45407	-69.16195	-52.88855	0
5629	-44.75185	-126.11885	-80.55333	84.62168	8.95037	-104.14976	-39.86983	-383.23857	-338.48672	-130.1872	-74.04397	-31.73313	0
5630	-28.47845	-72.41663	-41.49717	49.63387	-0.81367	-57.77057	-75.67131	-476.81062	-461.35089	-158.66565	-68.34828	-0.81367	0
5631	-10.57771	0	13.83239	3.25468	-17.08707	5.69569	-117.98215	-577.7057	-605.37048	-179.0074	-40.6835	44.75185	0
5632	0	79.73966	82.99434	-42.31084	-43.93818	80.55333	-162.734	-689.17849	-762.40879	-188.77144	8.95037	107.40444	0
5633	5.69569	166.80235	162.734	-89.5037	-78.92599	164.36134	-202.60383	-808.78798	-914.56508	-185.51676	81.367	182.26208	0
5634	18.71441	267.69743	250.61036	-146.4606	-117.16848	259.56073	-236.77797	-938.16151	-1053.70265	-172.49804	179.0074	270.95211	0
5635	42.31084	390.5616	348.25076	-218.87723	-154.5973	370.21985	-275.02046	-1096.01349	-1194.46756	-155.41097	293.73487	374.2882	0
5636	73.2303	531.32651	457.28254	-304.31258	-193.65346	495.52503	-329.53635	-1293.7353	-1358.01523	-136.69656	408.46234	480.0653	0
5637	103.33609	682.66913	577.7057	-393.81628	-238.40531	631.40792	-406.835	-1523.19024	-1547.60034	-116.35481	515.86678	579.33304	0
5638	127.74619	821.8067	703.82455	-475.18328	-287.22551	770.54549	-506.91641	-1760.78188	-1738.81279	-88.69003	612.69351	674.53243	0
5639	139.95124	928.39747	822.62037	-534.58119	-337.67305	897.47801	-626.5259	-1964.19938	-1900.73312	-45.56552	693.24684	759.15411	0
5640	142.39225	1000.00043	906.42838	-572.01001	-377.54288	981.28602	-741.25337	-2105.77796	-2012.20591	-3.25468	737.99869	815.29734	0
5641	139.95124	1014.64649	917.00609	-578.51937	-384.86591	988.60905	-821.8067	-2189.58597	-2052.07574	14.64606	727.42098	821.8067	0
5642	133.44188	935.7205	829.9434	-537.0222	-344.99608	898.29168	-863.30387	-2196.09533	-1995.11884	7.32303	655.00435	772.17283	0
5643	117.16848	751.01741	648.49499	-437.75446	-263.62908	707.8929	-869.81323	-2105.77796	-1847.84457	-18.71441	528.8855	665.58206	0
5644	82.99434	481.69264	404.39399	-285.59817	-161.10666	446.70483	-845.40313	-1938.16194	-1654.19111	-79.73966	353.13278	515.05311	0
5645	31.73313	168.42969	136.69656	-102.52242	-54.51589	153.78363	-808.78798	-1736.37178	-1475.99738	-205.04484	131.81454	338.48672	0
5646	-18.71441	-130.1872	-113.9138	73.2303	43.93818	-121.23683	-779.49586	-1540.27731	-1358.8289	-400.32564	-108.21811	165.17501	0
5647	-54.51589	-369.40618	-318.14497	209.11319	129.37353	-343.36874	-762.40879	-1372.66129	-1313.26338	-636.28994	-328.72268	19.52808	0
5648	-70.78929	-524.81715	-461.35089	291.29386	193.65346	-494.71136	-745.32172	-1230.26904	-1310.82237	-860.86286	-497.96604	-82.99434	0
5649	-68.34828	-601.30213	-543.53156	329.53635	237.59164	-581.77405	-712.77492	-1092.75881	-1302.68567	-1021.15585	-605.37048	-146.4606	0
5650	-50.44754	-624.08489	-578.51937	335.23204	267.69743	-616.76186	-657.44536	-945.48454	-1248.16978	-1087.87679	-648.49499	-179.0074	0
5651	-26.03744	-617.57553	-586.65607	320.58598	287.22551	-618.3892	-584.21506	-785.19155	-1138.32433	-1064.28036	-640.35829	-192.83979	0
5652	-13.01872	-598.04745	-578.51937	304.31258	288.85285	-599.67479	-504.4754	-620.83021	-991.05006	-977.21767	-600.48846	-196.90814	0
5653	-19.52808	-574.45102	-548.41358	295.36221	267.69743	-567.94166	-426.36308	-464.60557	-831.57074	-854.3535	-537.83587	-194.46713	0
5654	-41.49717	-545.97257	-498.77971	292.10753	234.33696	-524.81715	-351.50544	-330.35002	-673.71876	-717.65694	-453.21419	-183.88942	0
5655	-61.83892	-510.17109	-445.89116	283.97083	206.67218	-477.62429	-283.15716	-227.8276	-528.07183	-586.65607	-361.26948	-165.98868	0
5656	-64.27993	-467.86025	-402.76665	264.44275	187.95777	-432.87244	-226.20026	-162.734	-401.13931	-473.55594	-281.52982	-143.20592	0
5657	-50.44754	-424.73574	-373.47453	236.77797	175.75272	-397.88463	-179.82107	-127.74619	-296.98955	-381.61123	-223.75925	-122.0505	0
5658	-32.5468	-392.18894	-352.31911	211.5542	165.17501	-375.10187	-137.51023	-105.7771	-212.36787	-307.56726	-187.95777	-104.96343	0
5659	-21.96909	-369.40618	-337.67305	195.2808	156.22464	-358.82847	-96.82673	-77.29865	-139.13757	-246.54201	-174.12538	-93.57205	0
5660	-19.52808	-350.69177	-321.39965	183.88942	146.4606	-341.7414	-60.21158	-36.61515	-74.04397	-197.72181	-174.93905	-92.75838	0
5661	-20.34175	-325.468	-295.36221	170.05703	133.44188	-314.07662	-27.66478	12.20505	-16.2734	-156.22464	-174.93905	-96.82673	0
5662	-19.52808	-287.22551	-264.44275	148.90161	121.23683	-278.27514	1.62734	64.27993	37.42882	-117.16848	-162.734	-96.82673	0
5663	-15.45973	-244.101	-236.77797	120.42316	114.72747	-240.84632	30.91946	109.03178	87.87636	-76.48498	-134.25555	-87.87636	0
5664	-6.50936	-208.29952	-213.99521	95.19939	109.84545	-209.92686	56.14323	137.51023	131.00087	-39.05616	-91.94471	-71.60296	0
5665	-1.62734	-183.88942	-193.65346	78.11232	104.14976	-187.1441	75.67131	153.78363	166.80235	-5.69569	-45.56552	-51.26121	0
5666	-4.06835	-166.80235	-171.68437	71.60296	97.6404	-170.8707	89.5037	167.61602	200.16282	21.96909	-7.32303	-32.5468	0
5667	-4.88202	-149.71528	-151.34262	72.41663	88.69003	-159.47932	97.6404	187.1441	233.52329	46.37919	17.08707	-18.71441	0
5668	4.06835	-131.81454	-139.95124	74.85764	83.80801	-148.90161	100.89508	207.48585	261.18807	64.27993	21.96909	-12.20505	0
5669	17.08707	-117.98215	-142.39225	75.67131	86.24902	-139.13757	99.26774	218.87723	272.57945	71.60296	0.81367	-14.64606	0
5670	21.96909	-109.84545	-150.52895	75.67131	88.69003	-130.1872	93.57205	216.43622	267.69743	66.72094	-34.98781	-30.10579	0
5671	19.52808	-109.03178	-151.34262	72.41663	85.43535	-123.67784	88.69003	206.67218	254.67871	52.07488	-69.16195	-48.8202	0
5672	16.2734	-108.21811	-141.57858	63.46626	78.11232	-117.16848	86.24902	196.09447	236.77797	35.80148	-87.87636	-62.65259	0
5673	20.34175	-93.57205	-124.49151	44.75185	71.60296	-102.52242	86.24902	191.21245	223.75925	30.10579	-79.73966	-63.46626	0
5674	33.36047	-70.78929	-104.96343	20.34175	67.53461	-81.367	89.5037	195.2808	223.75925	39.05616	-43.12451	-52.88855	0
5675	45.56552	-53.70222	-87.87636	1.62734	64.27993	-61.83892	96.01306	207.48585	234.33696	56.14323	4.88202	-34.17414	0
5676	53.70222	-46.37919	-83.80801	-7.32303	65.90727	-55.32956	102.52242	223.75925	251.42403	78.92599	47.19286	-12.20505	0
5677	55.32956	-50.44754	-87.87636	-5.69569	71.60296	-63.46626	109.03178	240.84632	269.32477	99.26774	70.78929	3.25468	0
5678	52.07488	-63.46626	-93.57205	2.44101	78.92599	-78.11232	114.72747	252.2377	283.97083	109.84545	72.41663	8.95037	0
5679	43.93818	-76.48498	-97.6404	13.83239	79.73966	-86.24902	120.42316	252.2377	291.29386	105.7771	48.8202	2.44101	0
5680	34.17414	-82.99434	-95.19939	24.4101	69.16195	-85.43535	125.30518	242.47366	290.48019	91.13104	8.1367	-9.76404	0
5681	30.91946	-82.18067	-86.24902	30.10579	56.14323	-79.73966	131.00087	226.20026	287.22551	77.29865	-31.73313	-25.22377	0
5682	36.61515	-71.60296	-82.18067	24.4101	49.63387	-73.2303	139.13757	212.36787	281.52982	67.53461	-57.77057	-39.05616	0
5683	48.00653	-56.9569	-85.43535	10.57771	50.44754	-69.16195	147.27427	205.85851	275.02046	65.90727	-60.21158	-44.75185	0
5684	56.9569	-45.56552	-90.31737	0	55.32956	-67.53461	149.71528	210.74053	270.13844	73.2303	-34.98781	-38.24249	0
5685	59.39791	-38.24249	-90.31737	-5.69569	59.39791	-67.53461	145.64693	224.57292	268.5111	88.69003	7.32303	-19.52808	0
5686	56.14323	-34.98781	-85.43535	-5.69569	57.77057	-64.27993	138.3239	241.65999	271.76578	110.65912	52.07488	4.06835	0
5687	48.00653	-38.24249	-82.18067	-0.81367	56.14323	-63.46626	132.62821	257.93339	279.08881	132.62821	84.62168	23.59643	0
5688	41.49717	-48.8202	-82.18067	5.69569	59.39791	-65.0936	129.37353	266.88376	288.03918	143.20592	90.31737	30.91946	0
5689	39.86983	-58.58424	-82.18067	8.95037	69.16195	-65.90727	127.74619	267.69743	291.29386	136.69656	65.90727	22.78276	0
5690	40.6835	-61.02525	-85.43535	7.32303	78.11232	-65.0936	130.1872	258.74706	289.66652	117.16848	25.22377	-0.81367	0
5691	43.12451	-55.32956	-86.24902	5.69569	80.55333	-61.83892	131.81454	244.91467	282.34349	95.19939	-17.90074	-28.47845	0
5692	41.49717	-50.44754	-81.367	3.25468	74.04397	-56.9569	129.37353	231.08228	273.39312	79.73966	-50.44754	-48.8202	0
5693	32.5468	-48.8202	-74.04397	0	60.21158	-55.32956	128.55986	222.13191	269.32477	77.29865	-53.70222	-54.51589	0
5694	21.96909	-48.8202	-67.53461	-2.44101	47.19286	-55.32956	133.44188	223.75925	272.57945	89.5037	-21.96909	-41.49717	0
5695	18.71441	-48.8202	-65.90727	-3.25468	41.49717	-55.32956	140.76491	239.21898	283.97083	111.47279	26.03744	-14.64606	0
5696	21.15542	-48.8202	-68.34828	-1.62734	42.31084	-56.14323	147.27427	264.44275	301.0579	133.44188	68.34828	8.95037	0
5697	23.59643	-48.00653	-69.97562	1.62734	44.75185	-57.77057	151.34262	288.85285	318.14497	148.08794	91.94471	21.15542	0
5698	26.03744	-46.37919	-67.53461	4.06835	48.00653	-57.77057	153.78363	304.31258	331.97736	152.96996	91.13104	21.96909	0
5699	24.4101	-43.12451	-61.83892	4.88202	45.56552	-56.14323	153.78363	306.75359	336.85938	144.83326	63.46626	13.83239	0
5700	14.64606	-43.12451	-52.07488	6.50936	34.98781	-52.88855	151.34262	296.98955	333.6047	131.00087	19.52808	-1.62734	0
5701	0.81367	-43.12451	-43.12451	13.01872	23.59643	-48.00653	147.27427	283.97083	327.90901	114.72747	-23.59643	-21.96909	0
5702	-7.32303	-42.31084	-37.42882	18.71441	15.45973	-44.75185	141.57858	276.6478	326.28167	100.89508	-52.07488	-37.42882	0
5703	-10.57771	-45.56552	-36.61515	24.4101	13.01872	-43.93818	135.06922	276.6478	327.09534	92.75838	-52.88855	-43.93818	0
5704	-5.69569	-48.00653	-43.12451	25.22377	17.90074	-46.37919	129.37353	285.59817	330.35002	93.57205	-21.15542	-35.80148	0
5705	3.25468	-44.75185	-48.8202	19.52808	24.4101	-49.63387	126.93252	302.68524	334.41837	104.14976	26.85111	-13.83239	0
5706	12.20505	-32.5468	-45.56552	8.95037	26.85111	-49.63387	130.1872	326.28167	340.92773	122.0505	74.85764	12.20505	0
5707	26.03744	-12.20505	-40.6835	-7.32303	31.73313	-46.37919	136.69656	351.50544	348.25076	139.95124	109.03178	32.5468	0
5708	43.93818	5.69569	-40.6835	-25.22377	38.24249	-38.24249	144.83326	368.59251	353.13278	147.27427	113.9138	43.12451	0
5709	56.9569	16.2734	-41.49717	-37.42882	40.6835	-28.47845	152.15629	372.66086	351.50544	139.95124	84.62168	40.6835	0
5710	56.14323	19.52808	-42.31084	-41.49717	38.24249	-25.22377	154.5973	361.26948	342.55507	121.23683	32.5468	20.34175	0
5711	40.6835	16.2734	-44.75185	-36.61515	33.36047	-30.10579	152.96996	344.18241	330.35002	97.6404	-20.34175	-9.76404	0
5712	23.59643	7.32303	-43.93818	-26.03744	28.47845	-34.17414	151.34262	334.41837	319.77231	82.18067	-54.51589	-33.36047	0
5713	17.08707	5.69569	-33.36047	-20.34175	22.78276	-25.22377	152.96996	337.67305	311.63561	82.18067	-53.70222	-39.86983	0
5714	19.52808	14.64606	-13.83239	-23.59643	13.83239	-5.69569	153.78363	352.31911	310.00827	96.01306	-17.08707	-28.47845	0
5715	23.59643	22.78276	6.50936	-26.85111	2.44101	13.01872	152.96996	371.84719	314.89029	114.72747	36.61515	-4.06835	0
5716	25.22377	27.66478	23.59643	-25.22377	-4.88202	26.85111	152.96996	390.5616	326.28167	134.25555	89.5037	22.78276	0
5717	21.96909	32.5468	34.17414	-23.59643	-9.76404	35.80148	156.22464	404.39399	340.11406	150.52895	122.86417	39.86983	0
5718	16.2734	39.05616	36.61515	-21.96909	-11.39138	38.24249	155.41097	407.64867	352.31911	154.5973	120.42316	40.6835	0
5719	15.45973	47.19286	33.36047	-21.96909	-9.76404	36.61515	148.90161	401.95298	358.82847	147.27427	82.99434	26.85111	0
5720	21.15542	55.32956	28.47845	-25.22377	-4.06835	35.80148	139.95124	396.25729	359.64214	133.44188	28.47845	5.69569	0
5721	30.10579	60.21158	28.47845	-30.91946	-0.81367	39.86983	132.62821	397.07096	354.76012	117.98215	-18.71441	-13.83239	0
5722	34.17414	62.65259	36.61515	-34.17414	-6.50936	47.19286	129.37353	401.13931	347.43709	105.7771	-48.00653	-26.03744	0
5723	29.29212	68.34828	50.44754	-38.24249	-16.2734	58.58424	134.25555	406.02133	340.11406	98.45407	-43.93818	-24.4101	0
5724	20.34175	82.99434	62.65259	-48.8202	-22.78276	74.85764	145.64693	415.78537	337.67305	102.52242	-0.81367	-4.06835	0
5725	17.08707	102.52242	73.2303	-61.02525	-28.47845	95.19939	160.29299	432.87244	341.7414	119.60949	61.83892	34.17414	0
5726	19.52808	117.98215	85.43535	-68.34828	-35.80148	111.47279	172.49804	454.02786	351.50544	143.20592	127.74619	75.67131	0
5727	23.59643	123.67784	92.75838	-70.78929	-39.86983	116.35481	181.44841	475.99695	363.71049	165.17501	176.56639	105.7771	0
5728	29.29212	122.0505	88.69003	-73.2303	-34.17414	113.9138	186.33043	493.08402	376.72921	178.19373	190.39878	119.60949	0
5729	37.42882	121.23683	78.92599	-78.92599	-22.78276	110.65912	185.51676	496.3387	384.86591	178.19373	162.734	116.35481	0
5730	43.12451	122.86417	72.41663	-87.87636	-12.20505	109.03178	179.82107	491.45668	384.05224	165.98868	108.21811	95.19939	0
5731	44.75185	128.55986	74.85764	-94.38572	-9.76404	110.65912	170.8707	488.202	375.91554	146.4606	51.26121	65.0936	0
5732	43.12451	139.13757	89.5037	-98.45407	-17.90074	120.42316	159.47932	489.82934	365.33783	126.11885	11.39138	39.86983	0
5733	40.6835	157.03831	113.10013	-100.89508	-31.73313	138.3239	147.27427	495.52503	353.13278	110.65912	8.1367	29.29212	0
5734	39.86983	179.82107	139.95124	-104.96343	-48.00653	157.85198	133.44188	499.59338	341.7414	105.7771	43.12451	34.98781	0
5735	37.42882	201.79016	165.17501	-110.65912	-64.27993	174.93905	119.60949	500.40705	328.72268	114.72747	100.89508	56.9569	0
5736	30.10579	218.06356	190.39878	-116.35481	-79.73966	192.02612	110.65912	500.40705	318.14497	131.00087	157.85198	87.06269	0
5737	22.78276	229.45494	213.99521	-120.42316	-91.94471	208.29952	106.59077	502.84806	310.82194	144.83326	196.09447	113.10013	0
5738	16.2734	240.03265	231.89595	-124.49151	-102.52242	222.94558	108.21811	504.4754	305.12625	149.71528	201.79016	130.1872	0
5739	18.71441	249.79669	242.47366	-131.81454	-105.7771	233.52329	111.47279	500.40705	296.17588	140.76491	170.05703	136.69656	0
5740	27.66478	257.11972	249.79669	-142.39225	-100.89508	240.03265	111.47279	487.38833	283.15716	120.42316	117.16848	127.74619	0
5741	38.24249	266.88376	254.67871	-153.78363	-96.01306	248.98302	107.40444	471.11493	263.62908	97.6404	67.53461	109.03178	0
5742	48.00653	282.34349	255.49238	-166.80235	-93.57205	261.18807	96.82673	450.77318	235.15063	75.67131	31.73313	88.69003	0
5743	56.9569	299.43056	256.30605	-179.82107	-93.57205	274.20679	82.18067	427.99042	203.4175	59.39791	23.59643	75.67131	0
5744	62.65259	315.70396	270.13844	-189.58511	-105.7771	292.10753	70.78929	411.71702	181.44841	56.9569	54.51589	82.99434	0
5745	63.46626	331.97736	301.0579	-196.90814	-134.25555	317.3313	70.78929	408.46234	174.12538	68.34828	113.10013	116.35481	0
5746	61.02525	349.06443	330.35002	-196.90814	-157.85198	341.7414	75.67131	414.9717	176.56639	90.31737	178.19373	160.29299	0
5747	54.51589	358.0148	340.11406	-187.1441	-164.36134	351.50544	76.48498	419.85372	175.75272	108.21811	224.57292	192.02612	0
5748	43.93818	352.31911	335.23204	-174.93905	-159.47932	348.25076	73.2303	416.59904	160.29299	108.21811	233.52329	202.60383	0
5749	29.29212	338.48672	331.16369	-165.17501	-154.5973	344.18241	66.72094	401.95298	131.00087	88.69003	200.16282	192.83979	0
5750	17.08707	329.53635	330.35002	-162.734	-154.5973	340.92773	57.77057	377.54288	100.89508	56.14323	138.3239	165.17501	0
5751	10.57771	332.79103	336.04571	-166.80235	-157.85198	344.18241	49.63387	350.69177	73.2303	24.4101	77.29865	136.69656	0
5752	8.95037	349.8781	349.06443	-174.93905	-165.17501	357.20113	42.31084	331.97736	50.44754	4.06835	43.93818	123.67784	0
5753	8.95037	373.47453	369.40618	-181.44841	-176.56639	375.91554	34.98781	324.65433	41.49717	-4.06835	48.8202	131.00087	0
5754	3.25468	393.00261	388.93426	-185.51676	-191.21245	393.00261	26.03744	321.39965	34.17414	2.44101	89.5037	152.96996	0
5755	-4.88202	406.02133	402.76665	-187.95777	-204.23117	404.39399	17.90074	311.63561	17.90074	18.71441	150.52895	185.51676	0
5756	-8.95037	413.34436	409.27601	-192.02612	-209.92686	411.71702	13.83239	292.9212	-4.88202	33.36047	211.5542	218.06356	0
5757	-8.1367	418.22638	413.34436	-198.53548	-212.36787	416.59904	11.39138	270.13844	-30.91946	37.42882	249.79669	237.59164	0
5758	-5.69569	423.1084	411.71702	-209.11319	-213.18154	418.22638	5.69569	244.101	-58.58424	25.22377	245.72834	240.03265	0
5759	-4.88202	428.80409	403.58032	-222.94558	-213.99521	416.59904	-0.81367	215.62255	-87.06269	-0.81367	193.65346	227.01393	0
5760	-5.69569	430.43143	398.6983	-226.20026	-214.80888	412.53069	-7.32303	183.88942	-116.35481	-35.80148	113.9138	200.16282	0
5761	-8.1367	428.80409	397.07096	-217.24989	-213.18154	406.02133	-8.95037	151.34262	-144.83326	-67.53461	38.24249	167.61602	0
5762	-10.57771	423.92207	395.44362	-205.04484	-209.11319	403.58032	-7.32303	121.23683	-170.05703	-89.5037	-13.83239	139.95124	0
5763	-9.76404	416.59904	393.81628	-198.53548	-205.04484	407.64867	-7.32303	91.13104	-197.72181	-106.59077	-47.19286	119.60949	0
5764	-5.69569	405.20766	393.00261	-196.90814	-200.97649	410.08968	-17.08707	54.51589	-230.26861	-128.55986	-78.11232	94.38572	0
5765	1.62734	392.18894	385.67958	-197.72181	-196.90814	401.95298	-31.73313	5.69569	-260.3744	-157.85198	-104.96343	60.21158	0
5766	10.57771	387.30692	367.77884	-205.85851	-194.46713	388.12059	-42.31084	-42.31084	-276.6478	-184.70309	-113.9138	26.03744	0
5767	8.95037	391.37527	349.8781	-218.06356	-195.2808	379.17022	-48.00653	-74.04397	-277.46147	-195.2808	-113.9138	7.32303	0
5768	-2.44101	388.93426	343.36874	-215.62255	-199.34915	375.10187	-47.19286	-79.73966	-271.76578	-185.51676	-99.26774	5.69569	0
5769	-17.90074	375.91554	349.06443	-196.90814	-205.04484	369.40618	-41.49717	-68.34828	-266.07009	-161.10666	-55.32956	18.71441	0
5770	-30.91946	354.76012	355.57379	-173.31171	-207.48585	359.64214	-38.24249	-56.14323	-263.62908	-131.81454	-3.25468	43.12451	0
5771	-41.49717	323.84066	352.31911	-151.34262	-203.4175	341.7414	-40.6835	-52.07488	-270.13844	-109.03178	30.91946	72.41663	0
5772	-48.00653	290.48019	336.04571	-134.25555	-193.65346	315.70396	-49.63387	-61.02525	-285.59817	-98.45407	52.07488	97.6404	0
5773	-48.00653	264.44275	312.44928	-123.67784	-178.19373	289.66652	-60.21158	-82.99434	-300.24423	-100.89508	52.88855	103.33609	0
5774	-43.12451	251.42403	290.48019	-119.60949	-161.10666	271.76578	-68.34828	-105.7771	-307.56726	-108.21811	22.78276	88.69003	0
5775	-36.61515	242.47366	270.13844	-121.23683	-145.64693	257.11972	-69.97562	-118.79582	-303.49891	-110.65912	-14.64606	57.77057	0
5776	-30.91946	228.64127	248.98302	-124.49151	-133.44188	240.03265	-66.72094	-121.23683	-292.10753	-105.7771	-41.49717	22.78276	0
5777	-29.29212	218.06356	227.01393	-126.11885	-118.79582	222.94558	-54.51589	-117.98215	-274.20679	-97.6404	-61.83892	-0.81367	0
5778	-29.29212	209.92686	205.04484	-123.67784	-103.33609	208.29952	-37.42882	-113.10013	-250.61036	-87.87636	-66.72094	-13.01872	0
5779	-30.91946	192.83979	186.33043	-109.03178	-94.38572	189.58511	-26.03744	-107.40444	-225.38659	-78.11232	-40.6835	-12.20505	0
5780	-33.36047	167.61602	171.68437	-84.62168	-91.13104	169.24336	-21.96909	-97.6404	-199.34915	-73.2303	-4.06835	0	0
5781	-37.42882	144.01959	161.92033	-60.21158	-90.31737	151.34262	-25.22377	-82.18067	-172.49804	-74.85764	21.96909	21.15542	0
5782	-37.42882	124.49151	152.96996	-43.93818	-88.69003	137.51023	-32.5468	-67.53461	-152.96996	-82.18067	40.6835	43.12451	0
5783	-35.80148	106.59077	143.20592	-33.36047	-86.24902	122.86417	-39.86983	-63.46626	-146.4606	-87.87636	41.49717	49.63387	0
5784	-34.17414	93.57205	132.62821	-26.85111	-78.11232	110.65912	-43.12451	-72.41663	-152.15629	-91.94471	12.20505	35.80148	0
5785	-34.17414	82.99434	122.0505	-22.78276	-65.0936	101.70875	-40.6835	-83.80801	-161.10666	-90.31737	-26.03744	7.32303	0
5786	-34.17414	72.41663	109.84545	-17.90074	-55.32956	91.13104	-34.98781	-87.87636	-165.17501	-81.367	-51.26121	-22.78276	0
5787	-33.36047	57.77057	91.13104	-12.20505	-48.00653	74.85764	-26.85111	-87.06269	-156.22464	-69.16195	-68.34828	-43.93818	0
5788	-31.73313	36.61515	69.97562	0	-43.93818	54.51589	-17.08707	-74.85764	-131.00087	-51.26121	-69.16195	-52.07488	0
5789	-34.98781	14.64606	55.32956	17.90074	-48.00653	33.36047	-4.06835	-48.00653	-93.57205	-25.22377	-38.24249	-46.37919	0
5790	-43.12451	-1.62734	44.75185	36.61515	-52.07488	16.2734	4.88202	-21.15542	-56.9569	-1.62734	0.81367	-30.10579	0
5791	-43.93818	-12.20505	30.10579	42.31084	-44.75185	1.62734	8.1367	-5.69569	-27.66478	8.1367	22.78276	-8.95037	0
5792	-28.47845	-16.2734	11.39138	33.36047	-26.85111	-6.50936	4.88202	-8.95037	-14.64606	9.76404	30.91946	6.50936	0
5793	-6.50936	-13.01872	-4.88202	16.2734	-8.1367	-13.01872	0	-28.47845	-15.45973	5.69569	22.78276	6.50936	0
5794	11.39138	-12.20505	-19.52808	3.25468	7.32303	-17.90074	0	-50.44754	-23.59643	-2.44101	-7.32303	-9.76404	0
5795	17.90074	-17.08707	-31.73313	0	17.90074	-22.78276	2.44101	-66.72094	-29.29212	-6.50936	-39.05616	-36.61515	0
5796	13.01872	-30.10579	-39.05616	8.95037	22.78276	-26.03744	6.50936	-75.67131	-28.47845	-5.69569	-56.9569	-65.90727	0
5797	4.06835	-43.93818	-34.98781	25.22377	22.78276	-27.66478	7.32303	-73.2303	-21.96909	-4.88202	-69.97562	-85.43535	0
5798	-6.50936	-49.63387	-21.15542	41.49717	17.90074	-25.22377	8.1367	-56.14323	-9.76404	0	-70.78929	-93.57205	0
5799	-16.2734	-48.8202	-13.83239	52.07488	11.39138	-26.03744	12.20505	-30.91946	9.76404	13.83239	-44.75185	-90.31737	0
5800	-23.59643	-48.00653	-17.08707	58.58424	5.69569	-34.17414	19.52808	-5.69569	34.17414	32.5468	6.50936	-74.04397	0
5801	-27.66478	-52.88855	-26.03744	61.83892	1.62734	-43.12451	27.66478	14.64606	56.9569	50.44754	66.72094	-53.70222	0
5802	-27.66478	-52.88855	-30.91946	59.39791	1.62734	-45.56552	34.17414	27.66478	69.97562	62.65259	104.14976	-38.24249	0
5803	-28.47845	-48.00653	-28.47845	52.07488	0	-41.49717	34.17414	30.10579	69.16195	61.83892	100.89508	-29.29212	0
5804	-33.36047	-44.75185	-21.96909	46.37919	-4.06835	-39.05616	26.85111	21.96909	59.39791	49.63387	61.02525	-28.47845	0
5805	-37.42882	-47.19286	-18.71441	43.93818	-8.1367	-38.24249	13.83239	9.76404	49.63387	30.91946	-4.06835	-42.31084	0
5806	-40.6835	-51.26121	-20.34175	43.93818	-8.95037	-39.05616	0.81367	4.88202	47.19286	13.01872	-73.2303	-64.27993	0
5807	-43.12451	-55.32956	-21.15542	45.56552	-9.76404	-39.05616	-5.69569	4.88202	52.07488	4.06835	-114.72747	-82.18067	0
5808	-43.93818	-60.21158	-22.78276	48.8202	-10.57771	-41.49717	-6.50936	8.95037	57.77057	5.69569	-114.72747	-93.57205	0
5809	-44.75185	-65.90727	-26.85111	49.63387	-8.95037	-48.8202	-4.06835	15.45973	57.77057	12.20505	-81.367	-96.82673	0
5810	-44.75185	-70.78929	-30.10579	45.56552	-8.1367	-59.39791	1.62734	22.78276	55.32956	20.34175	-42.31084	-90.31737	0
5811	-46.37919	-78.11232	-34.17414	39.86983	-5.69569	-66.72094	9.76404	28.47845	51.26121	28.47845	-17.90074	-79.73966	0
5812	-47.19286	-83.80801	-36.61515	34.98781	-4.06835	-68.34828	15.45973	29.29212	45.56552	34.17414	-0.81367	-71.60296	0
5813	-42.31084	-78.92599	-34.98781	30.10579	-2.44101	-65.0936	17.90074	21.15542	42.31084	34.98781	4.88202	-66.72094	0
5814	-30.91946	-65.0936	-30.91946	26.03744	0	-61.83892	15.45973	4.06835	39.86983	29.29212	-13.83239	-67.53461	0
5815	-21.15542	-54.51589	-31.73313	26.03744	4.06835	-59.39791	7.32303	-11.39138	31.73313	13.83239	-42.31084	-80.55333	0
5816	-10.57771	-50.44754	-41.49717	25.22377	14.64606	-58.58424	-3.25468	-14.64606	26.85111	-1.62734	-56.14323	-97.6404	0
5817	1.62734	-50.44754	-55.32956	22.78276	27.66478	-59.39791	-11.39138	-4.88202	35.80148	-6.50936	-63.46626	-106.59077	0
5818	5.69569	-56.14323	-66.72094	26.03744	34.98781	-64.27993	-13.01872	8.1367	56.9569	-0.81367	-65.0936	-105.7771	0
5819	0	-69.97562	-72.41663	36.61515	31.73313	-74.04397	-8.95037	19.52808	81.367	8.95037	-47.19286	-96.01306	0
5820	-7.32303	-83.80801	-74.04397	47.19286	21.96909	-86.24902	1.62734	32.5468	104.96343	22.78276	-4.88202	-76.48498	0
5821	-17.90074	-95.19939	-74.04397	59.39791	13.83239	-95.19939	17.08707	48.8202	124.49151	39.86983	46.37919	-54.51589	0
5822	-33.36047	-104.14976	-75.67131	75.67131	11.39138	-98.45407	31.73313	63.46626	135.06922	52.88855	78.92599	-41.49717	0
5823	-45.56552	-111.47279	-78.92599	88.69003	15.45973	-100.08141	37.42882	67.53461	131.81454	55.32956	74.04397	-36.61515	0
5824	-47.19286	-113.10013	-82.18067	91.94471	22.78276	-101.70875	30.91946	56.14323	117.16848	45.56552	33.36047	-42.31084	0
5825	-39.05616	-107.40444	-82.99434	83.80801	28.47845	-105.7771	13.01872	34.17414	96.82673	25.22377	-29.29212	-60.21158	0
5826	-30.91946	-100.89508	-80.55333	72.41663	30.91946	-106.59077	-5.69569	13.01872	78.11232	4.06835	-93.57205	-79.73966	0
5827	-21.96909	-95.19939	-79.73966	61.02525	32.5468	-103.33609	-16.2734	1.62734	68.34828	-6.50936	-131.00087	-93.57205	0
5828	-12.20505	-89.5037	-81.367	52.07488	35.80148	-96.82673	-16.2734	4.06835	69.97562	-7.32303	-130.1872	-99.26774	0
5829	-3.25468	-82.99434	-82.18067	43.93818	39.05616	-89.5037	-8.1367	17.90074	84.62168	4.06835	-94.38572	-93.57205	0
5830	1.62734	-81.367	-82.18067	39.05616	40.6835	-83.80801	3.25468	36.61515	109.84545	26.03744	-50.44754	-74.04397	0
5831	-2.44101	-91.13104	-85.43535	46.37919	40.6835	-87.06269	9.76404	45.56552	136.69656	45.56552	-25.22377	-47.19286	0
5832	-17.90074	-111.47279	-89.5037	65.0936	34.98781	-97.6404	10.57771	46.37919	151.34262	53.70222	-10.57771	-24.4101	0
5833	-32.5468	-131.00087	-92.75838	82.18067	29.29212	-109.03178	10.57771	42.31084	151.34262	48.00653	-4.88202	-18.71441	0
5834	-39.86983	-138.3239	-93.57205	90.31737	26.03744	-113.9138	11.39138	34.17414	139.95124	34.17414	-19.52808	-31.73313	0
5835	-43.93818	-131.81454	-90.31737	88.69003	21.96909	-112.28646	15.45973	29.29212	128.55986	21.96909	-48.8202	-52.07488	0
5836	-48.00653	-118.79582	-86.24902	82.99434	18.71441	-108.21811	22.78276	32.5468	124.49151	16.2734	-81.367	-68.34828	0
5837	-53.70222	-111.47279	-81.367	78.11232	13.83239	-104.14976	30.10579	40.6835	126.11885	17.90074	-99.26774	-79.73966	0
5838	-59.39791	-109.84545	-78.92599	74.85764	13.01872	-100.89508	36.61515	51.26121	131.81454	22.78276	-93.57205	-86.24902	0
5839	-57.77057	-105.7771	-82.18067	72.41663	18.71441	-98.45407	43.12451	65.0936	141.57858	31.73313	-65.90727	-86.24902	0
5840	-48.8202	-99.26774	-86.24902	66.72094	21.96909	-96.82673	46.37919	78.92599	152.15629	41.49717	-38.24249	-77.29865	0
5841	-41.49717	-92.75838	-87.06269	58.58424	21.96909	-96.82673	46.37919	89.5037	155.41097	48.00653	-26.85111	-67.53461	0
5842	-37.42882	-87.87636	-82.99434	52.88855	21.15542	-92.75838	43.93818	94.38572	152.96996	48.8202	-18.71441	-64.27993	0
5843	-34.98781	-82.99434	-76.48498	50.44754	19.52808	-84.62168	39.05616	88.69003	140.76491	39.86983	-17.90074	-63.46626	0
5844	-34.17414	-78.92599	-70.78929	48.8202	17.90074	-74.04397	31.73313	74.04397	118.79582	23.59643	-36.61515	-66.72094	0
5845	-30.91946	-76.48498	-66.72094	48.8202	20.34175	-66.72094	24.4101	59.39791	99.26774	5.69569	-69.97562	-75.67131	0
5846	-24.4101	-78.11232	-68.34828	48.00653	26.85111	-68.34828	19.52808	50.44754	91.13104	-7.32303	-109.03178	-87.06269	0
5847	-21.96909	-86.24902	-74.04397	52.07488	30.10579	-75.67131	18.71441	46.37919	91.13104	-14.64606	-135.06922	-96.01306	0
5848	-21.96909	-94.38572	-77.29865	57.77057	30.10579	-82.18067	20.34175	48.8202	100.08141	-11.39138	-133.44188	-101.70875	0
5849	-17.90074	-97.6404	-82.18067	57.77057	32.5468	-85.43535	21.15542	56.9569	117.16848	0	-106.59077	-104.14976	0
5850	-5.69569	-100.08141	-89.5037	53.70222	39.05616	-87.06269	21.96909	66.72094	132.62821	13.01872	-63.46626	-99.26774	0
5851	11.39138	-100.89508	-96.01306	44.75185	46.37919	-94.38572	23.59643	76.48498	138.3239	21.96909	-17.90074	-91.94471	0
5852	22.78276	-97.6404	-100.08141	38.24249	52.07488	-104.96343	25.22377	84.62168	135.88289	23.59643	8.95037	-87.87636	0
5853	16.2734	-94.38572	-102.52242	39.05616	50.44754	-115.54114	28.47845	85.43535	127.74619	18.71441	7.32303	-82.99434	0
5854	-4.06835	-91.94471	-100.89508	42.31084	41.49717	-121.23683	34.17414	78.11232	120.42316	13.01872	-13.01872	-78.11232	0
5855	-18.71441	-89.5037	-92.75838	46.37919	30.10579	-116.35481	40.6835	69.16195	120.42316	8.95037	-29.29212	-75.67131	0
5856	-22.78276	-85.43535	-82.18067	48.00653	23.59643	-102.52242	44.75185	65.90727	127.74619	8.1367	-30.91946	-74.85764	0
5857	-24.4101	-82.99434	-73.2303	46.37919	20.34175	-90.31737	49.63387	65.0936	136.69656	9.76404	-34.17414	-74.85764	0
5858	-26.03744	-83.80801	-67.53461	43.93818	17.90074	-82.99434	54.51589	69.16195	146.4606	17.08707	-39.05616	-74.04397	0
5859	-22.78276	-83.80801	-66.72094	41.49717	16.2734	-78.11232	57.77057	80.55333	157.03831	28.47845	-29.29212	-69.97562	0
5860	-13.83239	-83.80801	-69.97562	39.86983	14.64606	-76.48498	62.65259	89.5037	164.36134	42.31084	-20.34175	-60.21158	0
5861	-4.88202	-91.13104	-74.85764	39.86983	15.45973	-80.55333	65.90727	88.69003	165.98868	54.51589	-25.22377	-45.56552	0
5862	0	-107.40444	-80.55333	41.49717	16.2734	-90.31737	66.72094	81.367	161.92033	61.02525	-29.29212	-31.73313	0
5863	0.81367	-114.72747	-82.99434	43.12451	19.52808	-96.01306	64.27993	73.2303	155.41097	61.83892	-30.91946	-27.66478	0
5864	0	-109.84545	-82.99434	43.93818	25.22377	-93.57205	57.77057	65.90727	146.4606	56.14323	-44.75185	-35.80148	0
5865	0	-101.70875	-83.80801	43.93818	32.5468	-88.69003	50.44754	61.02525	137.51023	45.56552	-70.78929	-51.26121	0
5866	0	-93.57205	-82.99434	43.93818	36.61515	-83.80801	47.19286	59.39791	132.62821	34.17414	-100.08141	-64.27993	0
5867	-3.25468	-91.13104	-80.55333	45.56552	33.36047	-82.18067	46.37919	59.39791	129.37353	20.34175	-114.72747	-72.41663	0
5868	-10.57771	-98.45407	-81.367	47.19286	30.10579	-87.06269	45.56552	56.9569	128.55986	8.1367	-109.84545	-78.92599	0
5869	-17.90074	-107.40444	-91.94471	52.07488	35.80148	-97.6404	47.19286	52.88855	132.62821	6.50936	-86.24902	-79.73966	0
5870	-20.34175	-113.9138	-108.21811	60.21158	50.44754	-109.84545	49.63387	54.51589	139.13757	18.71441	-63.46626	-70.78929	0
5871	-19.52808	-120.42316	-121.23683	63.46626	61.83892	-118.79582	46.37919	58.58424	140.76491	34.17414	-56.9569	-52.88855	0
5872	-18.71441	-126.93252	-123.67784	59.39791	65.90727	-122.86417	39.05616	58.58424	136.69656	40.6835	-52.07488	-34.98781	0
5873	-17.90074	-122.86417	-117.16848	54.51589	64.27993	-116.35481	28.47845	53.70222	128.55986	34.98781	-46.37919	-29.29212	0
5874	-14.64606	-107.40444	-111.47279	45.56552	59.39791	-102.52242	17.08707	46.37919	115.54114	23.59643	-52.88855	-39.86983	0
5875	-9.76404	-87.87636	-109.03178	34.98781	54.51589	-89.5037	8.95037	36.61515	104.14976	16.2734	-57.77057	-62.65259	0
5876	-0.81367	-78.11232	-105.7771	26.85111	56.9569	-84.62168	6.50936	22.78276	96.01306	17.08707	-51.26121	-85.43535	0
5877	12.20505	-79.73966	-106.59077	21.96909	62.65259	-87.06269	5.69569	11.39138	90.31737	20.34175	-53.70222	-97.6404	0
5878	18.71441	-83.80801	-109.84545	21.96909	62.65259	-89.5037	11.39138	11.39138	91.94471	26.85111	-58.58424	-98.45407	0
5879	9.76404	-94.38572	-106.59077	34.98781	55.32956	-94.38572	25.22377	17.08707	103.33609	37.42882	-50.44754	-91.94471	0
5880	-8.1367	-110.65912	-99.26774	57.77057	44.75185	-104.96343	39.05616	24.4101	121.23683	48.8202	-26.85111	-80.55333	0
5881	-25.22377	-119.60949	-92.75838	78.11232	34.98781	-112.28646	48.00653	27.66478	142.39225	56.14323	4.06835	-70.78929	0
5882	-36.61515	-121.23683	-87.06269	87.87636	26.85111	-113.10013	51.26121	26.85111	158.66565	56.9569	22.78276	-66.72094	0
5883	-43.12451	-118.79582	-77.29865	90.31737	17.90074	-105.7771	50.44754	29.29212	162.734	50.44754	18.71441	-65.0936	0
5884	-47.19286	-113.10013	-65.90727	87.06269	9.76404	-91.94471	45.56552	34.98781	151.34262	39.05616	-3.25468	-63.46626	0
5885	-44.75185	-104.14976	-55.32956	81.367	6.50936	-75.67131	36.61515	36.61515	130.1872	28.47845	-34.98781	-63.46626	0
5886	-34.98781	-92.75838	-50.44754	74.85764	8.1367	-62.65259	26.85111	33.36047	104.96343	20.34175	-67.53461	-64.27993	0
5887	-22.78276	-86.24902	-52.07488	66.72094	11.39138	-60.21158	18.71441	26.03744	82.99434	15.45973	-87.06269	-65.90727	0
5888	-15.45973	-87.06269	-61.02525	56.14323	17.08707	-67.53461	16.2734	19.52808	75.67131	16.2734	-86.24902	-69.16195	0
5889	-8.95037	-91.94471	-73.2303	49.63387	26.85111	-77.29865	20.34175	18.71441	84.62168	23.59643	-69.16195	-71.60296	0
5890	0	-97.6404	-82.99434	48.00653	37.42882	-82.99434	31.73313	26.85111	100.89508	34.17414	-39.86983	-71.60296	0
5891	7.32303	-98.45407	-91.13104	48.8202	47.19286	-85.43535	42.31084	39.05616	112.28646	43.93818	-4.88202	-69.97562	0
5892	5.69569	-97.6404	-96.82673	52.88855	50.44754	-86.24902	48.8202	46.37919	115.54114	50.44754	17.90074	-69.16195	0
5893	-3.25468	-99.26774	-94.38572	58.58424	44.75185	-87.06269	52.88855	47.19286	113.9138	51.26121	20.34175	-63.46626	0
5894	-13.83239	-105.7771	-87.87636	64.27993	36.61515	-87.87636	52.07488	43.12451	107.40444	48.00653	7.32303	-56.9569	0
5895	-25.22377	-110.65912	-80.55333	69.16195	30.10579	-88.69003	43.12451	31.73313	96.82673	39.05616	-21.15542	-54.51589	0
5896	-40.6835	-114.72747	-70.78929	76.48498	24.4101	-87.87636	31.73313	15.45973	84.62168	27.66478	-58.58424	-56.9569	0
5897	-54.51589	-117.98215	-62.65259	83.80801	17.08707	-87.06269	24.4101	2.44101	76.48498	20.34175	-83.80801	-58.58424	0
5898	-55.32956	-118.79582	-62.65259	83.80801	14.64606	-87.87636	24.4101	-2.44101	74.85764	20.34175	-83.80801	-60.21158	0
5899	-43.12451	-113.9138	-68.34828	70.78929	21.15542	-84.62168	29.29212	-1.62734	72.41663	26.85111	-65.0936	-60.21158	0
5900	-29.29212	-103.33609	-72.41663	54.51589	29.29212	-79.73966	34.98781	3.25468	68.34828	34.98781	-34.98781	-57.77057	0
5901	-18.71441	-93.57205	-69.16195	47.19286	33.36047	-73.2303	38.24249	9.76404	64.27993	42.31084	-0.81367	-54.51589	0
5902	-13.83239	-81.367	-56.9569	43.93818	34.98781	-62.65259	38.24249	13.01872	63.46626	48.00653	21.15542	-51.26121	0
5903	-4.06835	-57.77057	-43.12451	31.73313	34.98781	-47.19286	39.05616	17.90074	65.90727	50.44754	26.85111	-43.12451	0
5904	14.64606	-27.66478	-34.98781	8.1367	37.42882	-30.91946	40.6835	28.47845	71.60296	48.8202	18.71441	-34.17414	0
5905	34.98781	-1.62734	-33.36047	-13.83239	41.49717	-21.15542	42.31084	34.98781	75.67131	43.12451	-2.44101	-31.73313	0
5906	48.8202	8.95037	-32.5468	-24.4101	45.56552	-16.2734	46.37919	36.61515	78.11232	38.24249	-31.73313	-32.5468	0
5907	54.51589	6.50936	-30.91946	-18.71441	47.19286	-15.45973	50.44754	34.98781	82.99434	38.24249	-51.26121	-33.36047	0
5908	52.07488	1.62734	-26.03744	-8.95037	41.49717	-16.2734	52.88855	24.4101	89.5037	41.49717	-53.70222	-35.80148	0
5909	38.24249	-0.81367	-17.90074	-3.25468	32.5468	-17.08707	56.9569	12.20505	100.89508	50.44754	-39.86983	-34.17414	0
5910	26.03744	-3.25468	-8.95037	-1.62734	27.66478	-14.64606	65.90727	12.20505	111.47279	64.27993	-10.57771	-26.03744	0
5911	20.34175	-3.25468	-5.69569	0	21.96909	-9.76404	78.11232	26.03744	114.72747	75.67131	22.78276	-17.90074	0
5912	16.2734	0	-10.57771	0	13.01872	-7.32303	88.69003	41.49717	111.47279	81.367	46.37919	-15.45973	0
5913	10.57771	2.44101	-17.08707	-5.69569	4.88202	-7.32303	92.75838	48.00653	104.14976	78.11232	48.8202	-13.83239	0
5914	8.95037	4.88202	-17.08707	-13.01872	0.81367	-5.69569	87.87636	43.93818	95.19939	69.16195	34.98781	-13.83239	0
5915	15.45973	8.95037	-13.01872	-17.90074	0.81367	-0.81367	75.67131	34.98781	93.57205	58.58424	10.57771	-17.08707	0
5916	26.03744	16.2734	-9.76404	-18.71441	6.50936	4.06835	61.83892	30.10579	100.89508	50.44754	-15.45973	-20.34175	0
5917	34.98781	22.78276	-7.32303	-16.2734	15.45973	9.76404	52.07488	32.5468	112.28646	48.8202	-30.10579	-21.15542	0
5918	39.86983	26.03744	-4.06835	-17.08707	23.59643	15.45973	45.56552	38.24249	121.23683	52.88855	-30.10579	-23.59643	0
5919	39.05616	29.29212	1.62734	-20.34175	26.03744	21.15542	38.24249	42.31084	128.55986	60.21158	-18.71441	-24.4101	0
5920	34.98781	31.73313	8.1367	-23.59643	21.15542	25.22377	30.91946	43.12451	135.88289	71.60296	5.69569	-18.71441	0
5921	30.91946	44.75185	13.01872	-38.24249	13.83239	33.36047	24.4101	42.31084	144.83326	87.87636	42.31084	-9.76404	0
5922	33.36047	71.60296	17.90074	-70.78929	8.1367	52.07488	21.96909	40.6835	150.52895	104.96343	74.04397	-2.44101	0
5923	43.12451	91.13104	27.66478	-100.08141	4.06835	72.41663	17.08707	34.17414	146.4606	113.10013	85.43535	5.69569	0
5924	47.19286	96.01306	42.31084	-104.96343	-0.81367	84.62168	4.88202	18.71441	130.1872	109.03178	74.85764	11.39138	0
5925	34.98781	87.87636	54.51589	-86.24902	-11.39138	82.18067	-14.64606	-8.95037	111.47279	93.57205	45.56552	4.88202	0
5926	14.64606	67.53461	59.39791	-56.14323	-21.15542	69.16195	-37.42882	-42.31084	98.45407	74.04397	7.32303	-7.32303	0
5927	-3.25468	50.44754	61.02525	-30.91946	-30.10579	58.58424	-53.70222	-63.46626	91.94471	62.65259	-17.08707	-13.83239	0
5928	-12.20505	43.12451	61.83892	-17.90074	-34.98781	55.32956	-57.77057	-63.46626	92.75838	65.0936	-19.52808	-15.45973	0
5929	-12.20505	44.75185	56.14323	-15.45973	-35.80148	54.51589	-50.44754	-46.37919	101.70875	75.67131	-5.69569	-12.20505	0
5930	-8.95037	50.44754	42.31084	-18.71441	-34.17414	48.8202	-36.61515	-22.78276	110.65912	87.06269	18.71441	-5.69569	0
5931	2.44101	55.32956	31.73313	-29.29212	-30.10579	38.24249	-19.52808	-2.44101	114.72747	92.75838	46.37919	-1.62734	0
5932	24.4101	58.58424	22.78276	-42.31084	-20.34175	26.03744	-5.69569	5.69569	114.72747	91.13104	63.46626	-2.44101	0
5933	48.8202	55.32956	10.57771	-46.37919	-3.25468	17.08707	0	4.06835	110.65912	82.99434	64.27993	-2.44101	0
5934	65.0936	43.93818	-1.62734	-40.6835	13.01872	13.83239	-1.62734	-5.69569	100.89508	70.78929	51.26121	-2.44101	0
5935	70.78929	30.91946	-14.64606	-35.80148	22.78276	8.95037	-9.76404	-22.78276	83.80801	55.32956	26.03744	-5.69569	0
5936	67.53461	17.90074	-25.22377	-29.29212	26.85111	0	-14.64606	-39.86983	65.0936	42.31084	-2.44101	-10.57771	0
5937	59.39791	0.81367	-34.98781	-17.08707	29.29212	-11.39138	-15.45973	-47.19286	53.70222	36.61515	-21.15542	-13.01872	0
5938	50.44754	-17.90074	-48.8202	-4.06835	34.17414	-30.10579	-12.20505	-43.12451	52.88855	36.61515	-23.59643	-15.45973	0
5939	42.31084	-38.24249	-67.53461	6.50936	44.75185	-50.44754	-5.69569	-33.36047	57.77057	41.49717	-14.64606	-17.08707	0
5940	36.61515	-56.14323	-84.62168	14.64606	54.51589	-67.53461	-0.81367	-21.15542	65.90727	49.63387	3.25468	-14.64606	0
5941	34.17414	-67.53461	-96.01306	19.52808	63.46626	-79.73966	-0.81367	-10.57771	75.67131	57.77057	26.03744	-4.06835	0
5942	37.42882	-73.2303	-102.52242	19.52808	69.97562	-87.06269	-2.44101	-7.32303	83.80801	62.65259	39.05616	8.95037	0
5943	43.12451	-76.48498	-106.59077	18.71441	74.04397	-91.94471	-4.88202	-10.57771	86.24902	61.02525	34.17414	12.20505	0
5944	47.19286	-78.11232	-109.03178	17.08707	75.67131	-92.75838	-4.88202	-14.64606	88.69003	55.32956	18.71441	4.06835	0
5945	51.26121	-78.11232	-109.84545	14.64606	78.11232	-89.5037	0.81367	-14.64606	91.94471	48.00653	0	-6.50936	0
5946	53.70222	-76.48498	-112.28646	11.39138	81.367	-87.87636	8.95037	-13.83239	89.5037	43.12451	-25.22377	-25.22377	0
5947	52.07488	-79.73966	-117.98215	13.01872	85.43535	-94.38572	10.57771	-13.83239	77.29865	39.86983	-48.8202	-53.70222	0
5948	43.93818	-88.69003	-119.60949	21.96909	86.24902	-104.14976	5.69569	-13.01872	61.83892	30.10579	-61.83892	-75.67131	0
5949	29.29212	-98.45407	-115.54114	34.98781	80.55333	-109.84545	1.62734	-9.76404	48.8202	15.45973	-61.83892	-82.18067	0
5950	12.20505	-104.96343	-108.21811	46.37919	73.2303	-109.84545	2.44101	-5.69569	42.31084	7.32303	-49.63387	-77.29865	0
5951	2.44101	-106.59077	-101.70875	52.07488	65.90727	-105.7771	7.32303	-6.50936	41.49717	5.69569	-30.91946	-71.60296	0
5952	1.62734	-100.08141	-100.08141	52.07488	62.65259	-101.70875	13.01872	-13.01872	43.93818	6.50936	-17.90074	-69.16195	0
5953	4.06835	-91.13104	-101.70875	49.63387	63.46626	-98.45407	18.71441	-18.71441	44.75185	7.32303	-16.2734	-65.90727	0
5954	8.1367	-87.87636	-108.21811	48.8202	67.53461	-100.08141	26.03744	-21.15542	46.37919	7.32303	-22.78276	-61.02525	0
5955	5.69569	-95.19939	-115.54114	53.70222	66.72094	-107.40444	31.73313	-17.08707	51.26121	12.20505	-36.61515	-59.39791	0
5956	-10.57771	-106.59077	-117.16848	65.90727	55.32956	-115.54114	35.80148	-7.32303	61.02525	24.4101	-53.70222	-56.9569	0
5957	-29.29212	-119.60949	-112.28646	74.85764	42.31084	-120.42316	39.05616	1.62734	75.67131	35.80148	-63.46626	-52.88855	0
5958	-37.42882	-125.30518	-106.59077	76.48498	33.36047	-122.86417	41.49717	11.39138	91.94471	43.12451	-61.83892	-50.44754	0
5959	-34.98781	-124.49151	-101.70875	74.85764	30.10579	-121.23683	41.49717	21.15542	100.89508	45.56552	-55.32956	-50.44754	0
5960	-27.66478	-119.60949	-102.52242	66.72094	29.29212	-117.98215	39.05616	23.59643	101.70875	39.05616	-61.02525	-50.44754	0
5961	-23.59643	-114.72747	-109.03178	57.77057	30.10579	-115.54114	34.98781	17.90074	94.38572	23.59643	-84.62168	-45.56552	0
5962	-25.22377	-118.79582	-114.72747	58.58424	35.80148	-117.16848	30.10579	12.20505	79.73966	9.76404	-97.6404	-37.42882	0
5963	-29.29212	-131.00087	-116.35481	69.97562	45.56552	-123.67784	26.85111	3.25468	61.02525	0	-93.57205	-38.24249	0
5964	-31.73313	-144.01959	-121.23683	82.18067	54.51589	-131.81454	26.85111	-13.01872	44.75185	-7.32303	-86.24902	-49.63387	0
5965	-22.78276	-152.15629	-132.62821	84.62168	65.0936	-142.39225	30.10579	-30.10579	37.42882	-11.39138	-82.18067	-61.83892	0
5966	-4.06835	-152.96996	-145.64693	78.92599	77.29865	-152.15629	37.42882	-35.80148	41.49717	-8.95037	-79.73966	-67.53461	0
5967	14.64606	-152.15629	-156.22464	74.04397	87.87636	-158.66565	45.56552	-30.91946	54.51589	0.81367	-74.04397	-67.53461	0
5968	23.59643	-152.15629	-158.66565	72.41663	91.94471	-160.29299	52.88855	-17.90074	69.16195	12.20505	-65.90727	-67.53461	0
5969	17.08707	-155.41097	-152.15629	76.48498	86.24902	-160.29299	57.77057	0	78.92599	21.15542	-60.21158	-69.16195	0
5970	0.81367	-160.29299	-142.39225	85.43535	74.04397	-158.66565	59.39791	16.2734	79.73966	26.03744	-53.70222	-69.97562	0
5971	-13.01872	-162.734	-135.06922	91.13104	62.65259	-156.22464	57.77057	22.78276	72.41663	28.47845	-44.75185	-72.41663	0
5972	-16.2734	-160.29299	-135.06922	89.5037	60.21158	-154.5973	49.63387	16.2734	63.46626	26.85111	-41.49717	-78.92599	0
5973	-4.06835	-153.78363	-142.39225	79.73966	69.16195	-152.96996	37.42882	-1.62734	52.07488	21.15542	-45.56552	-82.99434	0
5974	7.32303	-145.64693	-148.90161	69.16195	77.29865	-150.52895	22.78276	-30.91946	32.5468	13.83239	-53.70222	-82.99434	0
5975	-1.62734	-146.4606	-143.20592	65.90727	69.97562	-146.4606	9.76404	-71.60296	-1.62734	0	-69.16195	-79.73966	0
5976	-29.29212	-152.96996	-123.67784	65.0936	46.37919	-138.3239	-0.81367	-122.0505	-54.51589	-19.52808	-87.87636	-78.11232	0
5977	-52.07488	-148.08794	-97.6404	65.90727	19.52808	-122.0505	-14.64606	-185.51676	-125.30518	-48.00653	-98.45407	-77.29865	0
5978	-60.21158	-125.30518	-69.16195	64.27993	-2.44101	-96.01306	-34.98781	-267.69743	-216.43622	-81.367	-92.75838	-65.90727	0
5979	-57.77057	-91.13104	-37.42882	56.9569	-20.34175	-62.65259	-62.65259	-366.96517	-329.53635	-109.84545	-71.60296	-36.61515	0
5980	-48.00653	-46.37919	0	39.05616	-32.5468	-21.96909	-96.01306	-470.30126	-457.28254	-129.37353	-32.5468	8.95037	0
5981	-26.85111	13.01872	40.6835	4.06835	-39.05616	28.47845	-133.44188	-576.89203	-598.04745	-139.95124	11.39138	74.85764	0
5982	0	85.43535	87.87636	-41.49717	-47.19286	88.69003	-174.93905	-695.68785	-750.20374	-144.83326	47.19286	153.78363	0
5983	19.52808	164.36134	148.90161	-89.5037	-65.90727	157.85198	-218.06356	-829.12973	-904.80104	-144.01959	98.45407	231.89595	0
5984	36.61515	261.18807	228.64127	-146.4606	-96.01306	245.72834	-254.67871	-973.96299	-1055.32999	-134.25555	183.07575	312.44928	0
5985	56.14323	391.37527	336.85938	-222.13191	-139.95124	364.52416	-288.85285	-1139.138	-1209.11362	-111.47279	286.41184	406.02133	0
5986	74.85764	550.04092	475.18328	-312.44928	-200.16282	512.6121	-332.79103	-1336.85981	-1384.86634	-81.367	393.00261	503.66173	0
5987	93.57205	720.91162	624.89856	-407.64867	-265.25642	672.90509	-399.51197	-1560.61906	-1580.96081	-56.9569	497.96604	594.79277	0
5988	119.60949	871.44057	759.15411	-502.03439	-318.95864	812.04266	-499.59338	-1796.58336	-1764.85023	-32.5468	602.92947	683.4828	0
5989	152.15629	983.72703	860.04919	-589.91075	-350.69177	912.12407	-628.96691	-2021.15628	-1905.61514	0	697.31519	768.91815	0
5990	174.93905	1060.21201	914.56508	-652.56334	-359.64214	974.77666	-758.34044	-2199.35001	-2000.00086	30.91946	762.40879	829.12973	0
5991	183.88942	1071.60339	903.98737	-662.32738	-346.62342	978.03134	-851.09882	-2291.29472	-2030.10665	40.6835	775.42751	846.2168	0
5992	176.56639	973.96299	804.71963	-599.67479	-303.49891	883.64562	-887.71397	-2270.95297	-1964.19938	36.61515	716.0296	808.78798	0
5993	145.64693	756.7131	614.32085	-464.60557	-227.8276	682.66913	-876.32259	-2144.83412	-1812.04309	11.39138	576.89203	701.38354	0
5994	97.6404	458.09621	360.45581	-283.15716	-127.74619	408.46234	-838.0801	-1953.62167	-1632.22202	-65.90727	360.45581	528.8855	0
5995	49.63387	138.3239	93.57205	-91.94471	-23.59643	116.35481	-794.95559	-1743.69481	-1484.94775	-218.87723	91.13104	325.468	0
5996	13.83239	-147.27427	-143.20592	77.29865	68.34828	-144.01959	-758.34044	-1551.66869	-1379.98432	-441.00914	-159.47932	129.37353	0
5997	-8.95037	-362.08315	-329.53635	199.34915	145.64693	-344.18241	-733.93034	-1386.49368	-1313.26338	-670.46408	-335.23204	-29.29212	0
5998	-22.78276	-497.15237	-459.72355	270.13844	207.48585	-476.81062	-713.58859	-1236.7784	-1290.48062	-844.58946	-459.72355	-132.62821	0
5999	-26.85111	-568.75533	-541.09055	301.87157	253.05137	-549.22725	-684.29647	-1087.06312	-1277.4619	-957.68959	-549.22725	-183.88942	0
6000	-23.59643	-597.23378	-580.14671	309.1946	281.52982	-574.45102	-637.10361	-929.21114	-1224.57335	-1005.69612	-584.21506	-198.53548	0
6001	-24.4101	-598.86112	-581.77405	308.38093	293.73487	-572.01001	-568.75533	-763.22246	-1113.10056	-978.03134	-580.96038	-193.65346	0
6002	-27.66478	-582.58772	-559.80496	301.87157	296.17588	-555.73661	-490.64301	-598.86112	-958.50326	-894.22333	-568.75533	-187.1441	0
6003	-14.64606	-547.59991	-533.76752	279.08881	286.41184	-530.51284	-414.9717	-445.07749	-791.70091	-782.75054	-532.14018	-179.82107	0
6004	16.2734	-493.08402	-508.54375	243.28733	269.32477	-496.3387	-340.92773	-310.00827	-629.78058	-660.70004	-465.41924	-169.24336	0
6005	46.37919	-435.31345	-480.87897	213.99521	253.86504	-456.46887	-270.13844	-202.60383	-485.76099	-544.34523	-376.72921	-157.03831	0
6006	52.07488	-394.62995	-446.70483	197.72181	235.15063	-420.66739	-209.11319	-130.1872	-365.33783	-442.63648	-280.71615	-146.4606	0
6007	34.98781	-372.66086	-403.58032	193.65346	204.23117	-388.93426	-157.85198	-86.24902	-266.07009	-357.20113	-213.99521	-133.44188	0
6008	12.20505	-363.71049	-362.89682	198.53548	170.8707	-363.71049	-113.9138	-63.46626	-184.70309	-287.22551	-183.88942	-121.23683	0
6009	-6.50936	-358.82847	-333.6047	201.79016	147.27427	-345.80975	-78.11232	-51.26121	-118.79582	-231.08228	-172.49804	-115.54114	0
6010	-17.90074	-349.06443	-314.07662	196.09447	136.69656	-330.35002	-47.19286	-32.5468	-62.65259	-186.33043	-161.92033	-111.47279	0
6011	-19.52808	-327.09534	-295.36221	179.82107	131.00087	-309.1946	-13.83239	0.81367	-9.76404	-146.4606	-139.95124	-96.01306	0
6012	-13.01872	-289.66652	-268.5111	153.78363	124.49151	-277.46147	17.90074	44.75185	39.86983	-109.03178	-111.47279	-69.16195	0
6013	-8.95037	-252.2377	-237.59164	126.93252	112.28646	-244.101	40.6835	83.80801	82.18067	-76.48498	-85.43535	-46.37919	0
6014	-13.01872	-225.38659	-208.29952	105.7771	96.82673	-216.43622	56.14323	117.98215	117.16848	-49.63387	-62.65259	-32.5468	0
6015	-17.90074	-200.97649	-180.63474	92.75838	81.367	-191.21245	67.53461	149.71528	145.64693	-21.15542	-43.12451	-22.78276	0
6016	-20.34175	-179.0074	-156.22464	85.43535	69.16195	-168.42969	73.2303	174.12538	168.42969	8.1367	-30.10579	-21.96909	0
6017	-20.34175	-161.10666	-142.39225	78.92599	67.53461	-152.96996	74.04397	194.46713	188.77144	30.91946	-23.59643	-30.10579	0
6018	-20.34175	-146.4606	-138.3239	71.60296	73.2303	-144.83326	75.67131	213.18154	211.5542	44.75185	-17.90074	-37.42882	0
6019	-18.71441	-137.51023	-141.57858	66.72094	76.48498	-143.20592	83.80801	228.64127	232.70962	52.88855	-17.08707	-38.24249	0
6020	-15.45973	-130.1872	-146.4606	61.83892	76.48498	-148.08794	92.75838	236.77797	244.91467	57.77057	-18.71441	-39.05616	0
6021	-11.39138	-125.30518	-146.4606	59.39791	74.04397	-147.27427	97.6404	237.59164	245.72834	60.21158	-18.71441	-40.6835	0
6022	-4.06835	-117.98215	-136.69656	55.32956	68.34828	-136.69656	100.89508	228.64127	240.84632	61.02525	-21.15542	-45.56552	0
6023	2.44101	-106.59077	-124.49151	47.19286	65.0936	-121.23683	100.89508	211.5542	232.70962	57.77057	-26.03744	-47.19286	0
6024	8.95037	-91.94471	-116.35481	34.17414	67.53461	-107.40444	98.45407	197.72181	223.75925	55.32956	-28.47845	-43.12451	0
6025	15.45973	-78.11232	-108.21811	21.15542	69.16195	-92.75838	93.57205	196.09447	217.24989	59.39791	-12.20505	-37.42882	0
6026	20.34175	-69.16195	-95.19939	11.39138	64.27993	-77.29865	87.06269	205.04484	212.36787	71.60296	23.59643	-30.10579	0
6027	22.78276	-65.0936	-78.11232	9.76404	52.07488	-62.65259	89.5037	216.43622	218.06356	81.367	46.37919	-16.2734	0
6028	22.78276	-63.46626	-59.39791	18.71441	34.17414	-52.07488	105.7771	229.45494	236.77797	88.69003	47.19286	-2.44101	0
6029	21.96909	-63.46626	-50.44754	28.47845	22.78276	-48.8202	125.30518	244.101	260.3744	95.19939	38.24249	3.25468	0
6030	20.34175	-69.97562	-59.39791	34.98781	22.78276	-59.39791	135.06922	251.42403	275.83413	95.19939	22.78276	-1.62734	0
6031	17.90074	-82.18067	-78.11232	39.86983	27.66478	-76.48498	135.06922	246.54201	278.27514	87.87636	4.88202	-17.08707	0
6032	15.45973	-93.57205	-93.57205	43.12451	32.5468	-91.94471	128.55986	236.77797	271.76578	78.11232	-12.20505	-33.36047	0
6033	13.83239	-104.14976	-100.08141	44.75185	36.61515	-101.70875	122.86417	227.8276	264.44275	72.41663	-23.59643	-42.31084	0
6034	13.01872	-108.21811	-103.33609	43.93818	41.49717	-105.7771	122.86417	216.43622	260.3744	75.67131	-25.22377	-39.86983	0
6035	8.1367	-104.14976	-106.59077	44.75185	49.63387	-106.59077	126.11885	209.11319	261.18807	85.43535	-21.96909	-30.10579	0
6036	1.62734	-96.01306	-112.28646	43.93818	60.21158	-106.59077	126.11885	210.74053	262.00174	95.19939	-18.71441	-18.71441	0
6037	4.06835	-87.06269	-117.98215	39.05616	69.97562	-104.96343	124.49151	218.06356	264.44275	104.14976	-15.45973	-7.32303	0
6038	14.64606	-80.55333	-121.23683	31.73313	74.85764	-102.52242	125.30518	227.8276	268.5111	111.47279	-10.57771	-4.06835	0
6039	22.78276	-76.48498	-118.79582	26.85111	71.60296	-97.6404	129.37353	238.40531	273.39312	115.54114	-5.69569	-8.95037	0
6040	24.4101	-74.85764	-112.28646	26.03744	64.27993	-91.94471	133.44188	247.35568	275.83413	113.9138	-2.44101	-17.90074	0
6041	22.78276	-74.04397	-102.52242	26.03744	56.9569	-86.24902	134.25555	252.2377	271.76578	110.65912	0.81367	-29.29212	0
6042	18.71441	-70.78929	-92.75838	26.85111	52.07488	-79.73966	132.62821	250.61036	264.44275	105.7771	4.88202	-39.86983	0
6043	16.2734	-62.65259	-84.62168	27.66478	51.26121	-72.41663	130.1872	243.28733	256.30605	101.70875	6.50936	-43.12451	0
6044	16.2734	-57.77057	-80.55333	27.66478	52.07488	-65.90727	127.74619	237.59164	251.42403	100.08141	8.1367	-39.05616	0
6045	20.34175	-57.77057	-80.55333	24.4101	56.14323	-61.83892	128.55986	237.59164	255.49238	106.59077	11.39138	-29.29212	0
6046	32.5468	-52.88855	-85.43535	13.01872	64.27993	-62.65259	131.81454	244.91467	267.69743	117.16848	13.83239	-21.96909	0
6047	48.8202	-41.49717	-89.5037	-1.62734	72.41663	-67.53461	136.69656	259.56073	281.52982	126.93252	14.64606	-21.15542	0
6048	52.07488	-35.80148	-89.5037	-7.32303	72.41663	-70.78929	142.39225	276.6478	294.54854	131.00087	14.64606	-21.96909	0
6049	42.31084	-40.6835	-85.43535	0	64.27993	-70.78929	145.64693	290.48019	301.0579	126.11885	9.76404	-23.59643	0
6050	28.47845	-48.00653	-80.55333	10.57771	52.07488	-68.34828	144.83326	293.73487	302.68524	117.16848	6.50936	-25.22377	0
6051	15.45973	-55.32956	-74.85764	19.52808	41.49717	-65.0936	141.57858	285.59817	302.68524	109.03178	8.1367	-28.47845	0
6052	6.50936	-54.51589	-66.72094	21.96909	34.98781	-59.39791	139.13757	275.02046	301.87157	104.14976	12.20505	-31.73313	0
6053	0	-46.37919	-56.9569	17.08707	30.91946	-50.44754	138.3239	266.88376	301.0579	100.89508	14.64606	-30.10579	0
6054	0	-38.24249	-46.37919	13.01872	26.85111	-41.49717	136.69656	266.88376	301.87157	100.89508	17.08707	-21.15542	0
6055	7.32303	-26.03744	-31.73313	8.1367	18.71441	-28.47845	135.88289	278.27514	308.38093	106.59077	19.52808	-9.76404	0
6056	16.2734	-5.69569	-13.83239	-1.62734	9.76404	-8.95037	135.88289	299.43056	321.39965	117.16848	22.78276	2.44101	0
6057	23.59643	17.08707	0.81367	-16.2734	2.44101	9.76404	139.95124	323.02699	336.85938	131.81454	29.29212	16.2734	0
6058	26.85111	32.5468	12.20505	-25.22377	-1.62734	23.59643	145.64693	344.18241	346.62342	143.20592	35.80148	21.96909	0
6059	27.66478	37.42882	20.34175	-26.85111	-5.69569	29.29212	149.71528	356.38746	344.99608	148.08794	37.42882	20.34175	0
6060	27.66478	33.36047	26.03744	-23.59643	-9.76404	26.85111	149.71528	358.82847	333.6047	144.83326	35.80148	11.39138	0
6061	25.22377	26.85111	26.03744	-17.08707	-13.83239	23.59643	147.27427	356.38746	318.95864	138.3239	34.98781	-0.81367	0
6062	16.2734	20.34175	16.2734	-10.57771	-13.83239	21.15542	143.20592	353.13278	307.56726	132.62821	34.17414	-11.39138	0
6063	8.95037	17.08707	4.06835	-8.1367	-4.06835	18.71441	138.3239	349.06443	307.56726	129.37353	30.10579	-14.64606	0
6064	10.57771	17.90074	0.81367	-13.83239	6.50936	15.45973	131.81454	347.43709	315.70396	126.93252	26.85111	-9.76404	0
6065	13.83239	20.34175	3.25468	-23.59643	13.83239	8.95037	126.93252	351.50544	329.53635	124.49151	24.4101	-3.25468	0
6066	17.08707	21.15542	4.06835	-28.47845	19.52808	1.62734	126.93252	359.64214	347.43709	124.49151	21.15542	3.25468	0
6067	18.71441	17.90074	0	-26.03744	26.03744	-0.81367	132.62821	374.2882	362.89682	128.55986	21.96909	13.83239	0
6068	20.34175	17.08707	-6.50936	-23.59643	28.47845	0	144.01959	391.37527	371.84719	133.44188	29.29212	21.15542	0
6069	23.59643	18.71441	-8.1367	-21.96909	26.85111	2.44101	153.78363	405.20766	370.21985	135.88289	35.80148	21.15542	0
6070	26.85111	25.22377	-3.25468	-25.22377	20.34175	10.57771	159.47932	416.59904	363.71049	135.88289	43.93818	20.34175	0
6071	30.10579	39.05616	7.32303	-33.36047	12.20505	25.22377	164.36134	426.36308	357.20113	136.69656	54.51589	17.90074	0
6072	30.91946	56.14323	25.22377	-43.12451	1.62734	42.31084	166.80235	435.31345	353.13278	139.13757	65.90727	14.64606	0
6073	30.10579	75.67131	45.56552	-52.88855	-8.1367	61.83892	164.36134	440.19547	350.69177	136.69656	70.78929	14.64606	0
6074	29.29212	94.38572	60.21158	-63.46626	-13.01872	78.11232	155.41097	440.19547	346.62342	128.55986	69.16195	17.08707	0
6075	27.66478	105.7771	67.53461	-70.78929	-17.08707	87.87636	140.76491	436.94079	340.11406	117.98215	61.83892	19.52808	0
6076	30.91946	111.47279	65.90727	-74.85764	-17.08707	91.94471	129.37353	434.49978	334.41837	110.65912	55.32956	25.22377	0
6077	39.05616	113.9138	60.21158	-78.92599	-12.20505	91.94471	126.11885	436.94079	331.97736	109.03178	54.51589	35.80148	0
6078	39.86983	113.9138	58.58424	-75.67131	-12.20505	89.5037	126.93252	441.00914	327.09534	110.65912	57.77057	43.93818	0
6079	23.59643	113.10013	69.97562	-65.0936	-25.22377	89.5037	126.93252	445.89116	318.95864	110.65912	58.58424	44.75185	0
6080	-1.62734	112.28646	95.19939	-56.9569	-50.44754	99.26774	128.55986	458.09621	318.95864	113.10013	62.65259	46.37919	0
6081	-26.85111	116.35481	126.93252	-52.88855	-77.29865	117.16848	131.00087	471.9286	326.28167	116.35481	74.85764	58.58424	0
6082	-42.31084	128.55986	154.5973	-55.32956	-97.6404	138.3239	131.81454	480.0653	331.97736	117.16848	91.13104	81.367	0
6083	-44.75185	144.83326	177.38006	-63.46626	-113.10013	159.47932	134.25555	488.202	338.48672	122.0505	104.14976	100.08141	0
6084	-41.49717	159.47932	199.34915	-71.60296	-125.30518	181.44841	139.13757	497.96604	344.99608	133.44188	113.9138	110.65912	0
6085	-34.17414	171.68437	218.06356	-78.11232	-131.00087	202.60383	139.95124	502.84806	342.55507	140.76491	117.16848	113.9138	0
6086	-26.03744	179.82107	227.01393	-81.367	-130.1872	213.99521	133.44188	499.59338	327.09534	145.64693	113.10013	113.9138	0
6087	-20.34175	187.1441	225.38659	-84.62168	-125.30518	216.43622	124.49151	494.71136	306.75359	151.34262	109.84545	117.98215	0
6088	-14.64606	196.90814	222.94558	-89.5037	-120.42316	216.43622	114.72747	487.38833	288.03918	151.34262	109.84545	121.23683	0
6089	-10.57771	207.48585	223.75925	-95.19939	-117.98215	219.6909	102.52242	475.18328	271.76578	140.76491	110.65912	118.79582	0
6090	-4.06835	220.50457	227.01393	-105.7771	-118.79582	226.20026	90.31737	456.46887	258.74706	126.11885	113.9138	116.35481	0
6091	9.76404	241.65999	231.89595	-120.42316	-122.0505	238.40531	82.99434	436.94079	248.16935	114.72747	122.0505	114.72747	0
6092	22.78276	266.07009	242.47366	-132.62821	-125.30518	254.67871	78.92599	424.73574	232.70962	104.96343	130.1872	111.47279	0
6093	29.29212	283.97083	260.3744	-138.3239	-131.00087	271.76578	75.67131	414.9717	206.67218	93.57205	130.1872	112.28646	0
6094	32.5468	292.9212	280.71615	-142.39225	-139.95124	288.03918	70.78929	405.20766	172.49804	79.73966	124.49151	117.16848	0
6095	34.17414	303.49891	296.98955	-149.71528	-145.64693	301.87157	69.97562	401.13931	144.83326	71.60296	122.0505	127.74619	0
6096	35.80148	318.95864	303.49891	-164.36134	-145.64693	310.82194	70.78929	402.76665	128.55986	71.60296	125.30518	146.4606	0
6097	33.36047	327.90901	303.49891	-173.31171	-144.01959	319.77231	67.53461	401.13931	122.0505	69.16195	125.30518	163.54767	0
6098	25.22377	329.53635	305.12625	-174.12538	-144.83326	331.16369	55.32956	390.5616	115.54114	60.21158	122.86417	168.42969	0
6099	13.83239	331.97736	315.70396	-171.68437	-152.96996	342.55507	41.49717	374.2882	103.33609	50.44754	123.67784	167.61602	0
6100	1.62734	341.7414	331.16369	-170.05703	-162.734	352.31911	27.66478	359.64214	86.24902	43.93818	131.00087	171.68437	0
6101	-7.32303	356.38746	344.99608	-170.8707	-166.80235	362.08315	14.64606	346.62342	69.16195	40.6835	141.57858	175.75272	0
6102	-15.45973	367.77884	358.82847	-171.68437	-170.8707	373.47453	3.25468	330.35002	50.44754	37.42882	149.71528	176.56639	0
6103	-21.15542	373.47453	375.10187	-172.49804	-182.26208	382.4249	-4.88202	309.1946	23.59643	29.29212	149.71528	177.38006	0
6104	-22.78276	375.91554	388.12059	-174.12538	-194.46713	387.30692	-9.76404	285.59817	-6.50936	18.71441	145.64693	181.44841	0
6105	-25.22377	374.2882	393.81628	-173.31171	-202.60383	388.12059	-4.88202	264.44275	-34.98781	11.39138	142.39225	187.1441	0
6106	-29.29212	371.03352	394.62995	-170.05703	-205.04484	387.30692	4.06835	248.98302	-55.32956	7.32303	137.51023	196.90814	0
6107	-29.29212	370.21985	393.81628	-170.05703	-204.23117	385.67958	13.83239	243.28733	-65.90727	5.69569	135.88289	210.74053	0
6108	-20.34175	374.2882	398.6983	-174.12538	-202.60383	387.30692	21.15542	237.59164	-70.78929	4.88202	138.3239	220.50457	0
6109	-8.1367	382.4249	407.64867	-181.44841	-202.60383	392.18894	25.22377	222.13191	-75.67131	3.25468	143.20592	223.75925	0
6110	0	392.18894	414.9717	-188.77144	-204.23117	399.51197	23.59643	196.90814	-85.43535	-7.32303	130.1872	222.94558	0
6111	1.62734	397.88463	414.9717	-194.46713	-205.85851	402.76665	13.83239	167.61602	-104.14976	-30.10579	93.57205	222.94558	0
6112	0.81367	394.62995	407.64867	-194.46713	-205.04484	398.6983	-6.50936	136.69656	-134.25555	-52.88855	68.34828	223.75925	0
6113	0	384.86591	394.62995	-192.02612	-202.60383	388.93426	-33.36047	99.26774	-174.12538	-71.60296	65.0936	215.62255	0
6114	0.81367	378.35655	382.4249	-187.1441	-196.90814	379.98389	-55.32956	61.83892	-214.80888	-85.43535	69.97562	201.79016	0
6115	2.44101	379.17022	375.91554	-183.07575	-194.46713	375.10187	-66.72094	26.85111	-247.35568	-93.57205	77.29865	191.21245	0
6116	-0.81367	383.23857	371.84719	-183.07575	-197.72181	371.84719	-69.97562	-3.25468	-270.95211	-98.45407	81.367	180.63474	0
6117	-11.39138	378.35655	371.84719	-185.51676	-203.4175	367.77884	-70.78929	-26.85111	-286.41184	-104.14976	78.92599	165.17501	0
6118	-19.52808	366.96517	369.40618	-189.58511	-203.4175	362.89682	-69.16195	-39.86983	-290.48019	-106.59077	74.85764	152.15629	0
6119	-11.39138	356.38746	358.0148	-192.02612	-190.39878	354.76012	-61.83892	-42.31084	-284.7845	-104.96343	72.41663	146.4606	0
6120	3.25468	344.99608	336.04571	-190.39878	-168.42969	340.11406	-52.88855	-42.31084	-276.6478	-101.70875	69.16195	143.20592	0
6121	10.57771	322.21332	310.00827	-176.56639	-151.34262	316.51763	-47.19286	-49.63387	-272.57945	-100.89508	64.27993	142.39225	0
6122	6.50936	292.9212	287.22551	-155.41097	-141.57858	290.48019	-45.56552	-64.27993	-271.76578	-101.70875	58.58424	145.64693	0
6123	0	267.69743	271.76578	-135.88289	-137.51023	270.13844	-47.19286	-81.367	-271.76578	-101.70875	51.26121	143.20592	0
6124	-8.1367	250.61036	264.44275	-122.86417	-137.51023	257.93339	-52.88855	-94.38572	-270.95211	-100.89508	41.49717	131.81454	0
6125	-17.08707	239.21898	263.62908	-115.54114	-143.20592	251.42403	-57.77057	-100.89508	-266.07009	-100.08141	33.36047	118.79582	0
6126	-21.15542	235.15063	268.5111	-110.65912	-150.52895	252.2377	-56.14323	-104.14976	-256.30605	-96.82673	28.47845	104.14976	0
6127	-21.96909	236.77797	271.76578	-108.21811	-152.96996	254.67871	-47.19286	-104.14976	-241.65999	-91.94471	26.85111	88.69003	0
6128	-21.15542	231.08228	262.00174	-103.33609	-147.27427	247.35568	-35.80148	-100.89508	-226.20026	-87.06269	26.03744	77.29865	0
6129	-19.52808	211.5542	237.59164	-92.75838	-132.62821	226.20026	-26.85111	-93.57205	-213.18154	-82.99434	23.59643	69.97562	0
6130	-15.45973	186.33043	205.85851	-82.99434	-112.28646	197.72181	-20.34175	-79.73966	-201.79016	-77.29865	21.15542	63.46626	0
6131	-13.01872	161.10666	175.75272	-73.2303	-96.01306	170.05703	-16.2734	-64.27993	-192.02612	-71.60296	19.52808	55.32956	0
6132	-13.83239	138.3239	153.78363	-63.46626	-85.43535	146.4606	-15.45973	-56.14323	-186.33043	-65.90727	16.2734	44.75185	0
6133	-14.64606	121.23683	138.3239	-55.32956	-78.11232	130.1872	-16.2734	-58.58424	-180.63474	-61.83892	10.57771	36.61515	0
6134	-17.90074	105.7771	127.74619	-45.56552	-71.60296	117.16848	-19.52808	-68.34828	-170.8707	-57.77057	4.06835	30.91946	0
6135	-26.85111	88.69003	119.60949	-30.91946	-68.34828	104.14976	-22.78276	-77.29865	-159.47932	-54.51589	-5.69569	23.59643	0
6136	-35.80148	72.41663	110.65912	-18.71441	-65.90727	91.94471	-24.4101	-77.29865	-147.27427	-53.70222	-21.15542	18.71441	0
6137	-35.80148	59.39791	97.6404	-11.39138	-60.21158	78.92599	-24.4101	-74.04397	-140.76491	-50.44754	-33.36047	17.90074	0
6138	-29.29212	52.07488	74.04397	-8.1367	-43.93818	64.27993	-21.96909	-65.0936	-133.44188	-41.49717	-34.98781	16.2734	0
6139	-20.34175	50.44754	45.56552	-7.32303	-17.90074	49.63387	-14.64606	-49.63387	-116.35481	-26.85111	-28.47845	10.57771	0
6140	-12.20505	47.19286	25.22377	-8.1367	3.25468	38.24249	-5.69569	-37.42882	-93.57205	-11.39138	-18.71441	4.06835	0
6141	-4.88202	34.98781	14.64606	-6.50936	17.08707	26.03744	0	-33.36047	-74.04397	0	-8.95037	-3.25468	0
6142	4.06835	16.2734	4.06835	-1.62734	17.90074	11.39138	4.06835	-34.98781	-61.83892	4.88202	-0.81367	-10.57771	0
6143	13.83239	-2.44101	-10.57771	0	10.57771	-8.1367	8.95037	-37.42882	-51.26121	2.44101	4.88202	-12.20505	0
6144	13.01872	-23.59643	-22.78276	0	2.44101	-29.29212	13.83239	-36.61515	-39.05616	-2.44101	8.1367	-8.95037	0
6145	0	-45.56552	-31.73313	1.62734	0	-46.37919	17.90074	-32.5468	-28.47845	0	7.32303	-7.32303	0
6146	-10.57771	-55.32956	-33.36047	7.32303	-2.44101	-51.26121	25.22377	-20.34175	-18.71441	13.83239	3.25468	-3.25468	0
6147	-17.08707	-47.19286	-22.78276	11.39138	-5.69569	-42.31084	33.36047	-7.32303	-0.81367	30.10579	2.44101	6.50936	0
6148	-15.45973	-26.03744	-7.32303	8.1367	-8.1367	-30.10579	39.05616	4.88202	23.59643	43.93818	6.50936	15.45973	0
6149	-3.25468	-5.69569	0	0	-6.50936	-19.52808	39.86983	18.71441	49.63387	54.51589	13.83239	17.90074	0
6150	4.88202	-2.44101	-3.25468	-0.81367	-4.06835	-17.08707	34.98781	24.4101	64.27993	56.9569	16.2734	11.39138	0
6151	-0.81367	-22.78276	-8.95037	13.01872	-4.06835	-26.85111	23.59643	19.52808	62.65259	48.00653	12.20505	-2.44101	0
6152	-21.15542	-52.88855	-15.45973	38.24249	-7.32303	-36.61515	7.32303	10.57771	52.07488	35.80148	5.69569	-19.52808	0
6153	-45.56552	-78.92599	-20.34175	63.46626	-16.2734	-43.12451	-4.88202	2.44101	41.49717	26.03744	0	-29.29212	0
6154	-59.39791	-94.38572	-28.47845	74.85764	-21.96909	-48.00653	-13.01872	-0.81367	37.42882	23.59643	-4.88202	-32.5468	0
6155	-51.26121	-100.08141	-40.6835	68.34828	-13.83239	-53.70222	-17.08707	-0.81367	43.12451	26.03744	-9.76404	-30.10579	0
6156	-34.17414	-100.89508	-51.26121	56.14323	0	-59.39791	-21.15542	-0.81367	54.51589	29.29212	-15.45973	-30.91946	0
6157	-23.59643	-98.45407	-56.9569	51.26121	9.76404	-65.0936	-25.22377	0	63.46626	30.10579	-21.15542	-39.05616	0
6158	-17.90074	-94.38572	-56.14323	52.88855	12.20505	-66.72094	-21.96909	0.81367	70.78929	30.10579	-25.22377	-44.75185	0
6159	-15.45973	-88.69003	-54.51589	54.51589	13.01872	-65.90727	-10.57771	3.25468	78.11232	32.5468	-23.59643	-43.93818	0
6160	-16.2734	-88.69003	-53.70222	56.9569	16.2734	-65.0936	4.88202	6.50936	85.43535	37.42882	-17.90074	-39.86983	0
6161	-14.64606	-94.38572	-55.32956	61.02525	25.22377	-62.65259	18.71441	12.20505	91.94471	42.31084	-9.76404	-36.61515	0
6162	-5.69569	-91.13104	-58.58424	64.27993	34.17414	-59.39791	30.91946	18.71441	96.82673	48.00653	0	-32.5468	0
6163	1.62734	-75.67131	-55.32956	65.90727	35.80148	-56.9569	39.05616	23.59643	99.26774	54.51589	8.1367	-22.78276	0
6164	-2.44101	-65.0936	-46.37919	66.72094	28.47845	-58.58424	39.05616	23.59643	92.75838	56.14323	10.57771	-15.45973	0
6165	-15.45973	-65.0936	-43.12451	67.53461	23.59643	-62.65259	31.73313	21.96909	84.62168	49.63387	0.81367	-17.08707	0
6166	-24.4101	-72.41663	-48.00653	69.16195	23.59643	-65.0936	25.22377	25.22377	85.43535	42.31084	-12.20505	-21.15542	0
6167	-29.29212	-84.62168	-55.32956	70.78929	24.4101	-67.53461	21.96909	30.91946	91.94471	39.86983	-21.15542	-19.52808	0
6168	-30.91946	-93.57205	-59.39791	69.97562	24.4101	-70.78929	22.78276	35.80148	101.70875	44.75185	-21.15542	-17.90074	0
6169	-30.91946	-94.38572	-58.58424	66.72094	21.96909	-69.97562	23.59643	40.6835	116.35481	51.26121	-16.2734	-20.34175	0
6170	-30.91946	-90.31737	-55.32956	61.83892	18.71441	-67.53461	22.78276	44.75185	129.37353	53.70222	-10.57771	-26.03744	0
6171	-29.29212	-83.80801	-52.07488	56.14323	14.64606	-64.27993	19.52808	43.12451	134.25555	49.63387	-10.57771	-29.29212	0
6172	-26.85111	-78.92599	-52.07488	52.88855	13.01872	-65.0936	12.20505	36.61515	128.55986	41.49717	-13.83239	-26.03744	0
6173	-23.59643	-76.48498	-55.32956	52.07488	13.83239	-69.16195	4.06835	30.91946	117.16848	34.17414	-16.2734	-21.15542	0
6174	-21.15542	-75.67131	-61.83892	52.88855	15.45973	-71.60296	-3.25468	30.10579	108.21811	30.91946	-17.08707	-17.90074	0
6175	-21.15542	-77.29865	-71.60296	54.51589	16.2734	-74.04397	-5.69569	30.10579	106.59077	32.5468	-21.96909	-20.34175	0
6176	-21.96909	-79.73966	-79.73966	57.77057	17.90074	-79.73966	-3.25468	26.03744	112.28646	31.73313	-35.80148	-24.4101	0
6177	-24.4101	-81.367	-82.18067	59.39791	21.15542	-85.43535	0.81367	19.52808	117.16848	28.47845	-52.88855	-24.4101	0
6178	-27.66478	-82.18067	-80.55333	58.58424	28.47845	-87.06269	10.57771	19.52808	124.49151	29.29212	-61.02525	-26.85111	0
6179	-29.29212	-87.87636	-76.48498	60.21158	35.80148	-86.24902	23.59643	24.4101	135.88289	34.17414	-56.14323	-30.91946	0
6180	-26.03744	-98.45407	-71.60296	65.90727	39.05616	-89.5037	32.5468	31.73313	141.57858	35.80148	-43.93818	-34.98781	0
6181	-19.52808	-109.03178	-67.53461	69.16195	40.6835	-96.82673	34.98781	39.05616	138.3239	34.98781	-29.29212	-38.24249	0
6182	-13.01872	-108.21811	-65.0936	63.46626	39.86983	-97.6404	33.36047	48.00653	129.37353	34.98781	-16.2734	-41.49717	0
6183	-4.88202	-90.31737	-58.58424	52.07488	36.61515	-83.80801	30.91946	56.14323	117.98215	38.24249	-8.1367	-40.6835	0
6184	4.06835	-64.27993	-51.26121	38.24249	33.36047	-62.65259	28.47845	56.9569	105.7771	39.86983	-8.95037	-35.80148	0
6185	13.01872	-45.56552	-51.26121	26.85111	34.98781	-50.44754	25.22377	55.32956	96.01306	38.24249	-19.52808	-33.36047	0
6186	14.64606	-47.19286	-60.21158	18.71441	37.42882	-53.70222	22.78276	56.9569	91.13104	33.36047	-34.98781	-39.86983	0
6187	6.50936	-65.90727	-73.2303	16.2734	38.24249	-68.34828	22.78276	57.77057	96.01306	28.47845	-49.63387	-53.70222	0
6188	-3.25468	-87.87636	-86.24902	24.4101	36.61515	-82.99434	26.03744	58.58424	109.84545	26.85111	-56.9569	-63.46626	0
6189	-12.20505	-104.96343	-97.6404	40.6835	34.98781	-91.94471	30.91946	63.46626	126.93252	28.47845	-56.9569	-64.27993	0
6190	-17.90074	-115.54114	-101.70875	57.77057	31.73313	-97.6404	32.5468	69.16195	144.01959	32.5468	-48.8202	-57.77057	0
6191	-20.34175	-120.42316	-99.26774	66.72094	29.29212	-100.08141	30.91946	74.04397	157.85198	39.86983	-34.17414	-50.44754	0
6192	-24.4101	-122.86417	-93.57205	71.60296	26.03744	-100.89508	28.47845	74.85764	166.80235	45.56552	-22.78276	-47.19286	0
6193	-28.47845	-124.49151	-87.87636	74.04397	24.4101	-101.70875	25.22377	73.2303	170.8707	47.19286	-20.34175	-43.12451	0
6194	-28.47845	-119.60949	-83.80801	74.85764	25.22377	-99.26774	21.96909	70.78929	170.05703	45.56552	-24.4101	-39.05616	0
6195	-25.22377	-106.59077	-81.367	72.41663	27.66478	-95.19939	18.71441	66.72094	165.17501	41.49717	-36.61515	-38.24249	0
6196	-21.15542	-96.01306	-79.73966	67.53461	30.91946	-96.01306	14.64606	59.39791	153.78363	31.73313	-56.9569	-48.00653	0
6197	-17.08707	-94.38572	-84.62168	63.46626	37.42882	-100.08141	12.20505	52.88855	139.95124	18.71441	-78.11232	-67.53461	0
6198	-14.64606	-98.45407	-91.94471	61.83892	45.56552	-104.14976	17.08707	52.07488	133.44188	10.57771	-88.69003	-81.367	0
6199	-13.83239	-101.70875	-94.38572	61.02525	48.8202	-104.14976	28.47845	58.58424	139.13757	13.01872	-84.62168	-81.367	0
6200	-13.01872	-100.08141	-88.69003	59.39791	44.75185	-97.6404	38.24249	66.72094	151.34262	20.34175	-68.34828	-73.2303	0
6201	-10.57771	-93.57205	-78.11232	59.39791	38.24249	-87.06269	40.6835	72.41663	156.22464	26.03744	-51.26121	-60.21158	0
6202	-11.39138	-88.69003	-63.46626	61.02525	31.73313	-76.48498	34.98781	71.60296	148.90161	26.03744	-39.86983	-46.37919	0
6203	-13.01872	-82.99434	-48.8202	59.39791	27.66478	-65.90727	30.91946	67.53461	133.44188	22.78276	-36.61515	-35.80148	0
6204	-8.95037	-74.04397	-42.31084	49.63387	27.66478	-56.9569	29.29212	64.27993	121.23683	21.96909	-38.24249	-32.5468	0
6205	-0.81367	-69.16195	-45.56552	36.61515	30.10579	-52.88855	30.91946	65.0936	117.98215	25.22377	-45.56552	-34.17414	0
6206	4.88202	-69.16195	-55.32956	30.10579	33.36047	-56.14323	34.98781	73.2303	122.86417	32.5468	-56.14323	-43.12451	0
6207	11.39138	-71.60296	-69.16195	26.85111	37.42882	-65.0936	41.49717	81.367	134.25555	41.49717	-62.65259	-55.32956	0
6208	18.71441	-74.85764	-85.43535	26.85111	40.6835	-76.48498	46.37919	87.06269	148.90161	48.8202	-64.27993	-65.0936	0
6209	16.2734	-82.99434	-95.19939	33.36047	40.6835	-84.62168	47.19286	91.13104	161.92033	51.26121	-61.83892	-72.41663	0
6210	4.88202	-96.01306	-96.82673	46.37919	39.05616	-87.06269	41.49717	89.5037	166.80235	45.56552	-57.77057	-78.11232	0
6211	-6.50936	-100.08141	-95.19939	51.26121	34.98781	-87.87636	35.80148	84.62168	164.36134	34.98781	-49.63387	-82.18067	0
6212	-15.45973	-91.13104	-93.57205	41.49717	31.73313	-86.24902	34.17414	82.18067	161.92033	22.78276	-37.42882	-82.99434	0
6213	-17.90074	-81.367	-89.5037	32.5468	30.10579	-82.99434	34.17414	79.73966	158.66565	19.52808	-30.10579	-77.29865	0
6214	-14.64606	-73.2303	-80.55333	30.10579	28.47845	-78.11232	37.42882	74.85764	152.96996	25.22377	-33.36047	-68.34828	0
6215	-8.1367	-66.72094	-70.78929	32.5468	28.47845	-72.41663	43.93818	66.72094	148.90161	33.36047	-45.56552	-63.46626	0
6216	0	-69.16195	-74.04397	35.80148	34.17414	-74.85764	48.8202	56.9569	148.90161	38.24249	-64.27993	-66.72094	0
6217	5.69569	-81.367	-89.5037	39.86983	44.75185	-87.06269	52.88855	53.70222	151.34262	38.24249	-82.18067	-78.92599	0
6218	6.50936	-94.38572	-109.03178	44.75185	52.88855	-104.14976	53.70222	57.77057	148.90161	32.5468	-96.01306	-91.13104	0
6219	3.25468	-103.33609	-120.42316	49.63387	55.32956	-117.16848	54.51589	59.39791	135.88289	21.96909	-99.26774	-98.45407	0
6220	0.81367	-105.7771	-117.98215	53.70222	51.26121	-117.98215	61.02525	53.70222	113.9138	14.64606	-87.87636	-96.82673	0
6221	0	-99.26774	-103.33609	52.07488	43.12451	-105.7771	69.97562	39.86983	94.38572	10.57771	-64.27993	-89.5037	0
6222	-0.81367	-79.73966	-87.06269	44.75185	40.6835	-87.06269	74.04397	24.4101	81.367	6.50936	-35.80148	-82.99434	0
6223	0	-56.14323	-78.11232	35.80148	48.00653	-68.34828	68.34828	15.45973	77.29865	8.95037	-15.45973	-75.67131	0
6224	3.25468	-41.49717	-70.78929	26.85111	52.07488	-56.14323	54.51589	14.64606	82.18067	17.08707	-11.39138	-67.53461	0
6225	4.88202	-38.24249	-61.83892	22.78276	44.75185	-52.07488	39.05616	23.59643	92.75838	26.85111	-21.15542	-62.65259	0
6226	1.62734	-43.12451	-59.39791	23.59643	34.98781	-52.88855	26.85111	38.24249	105.7771	39.05616	-38.24249	-62.65259	0
6227	-4.06835	-56.14323	-61.02525	29.29212	27.66478	-58.58424	18.71441	52.07488	113.10013	48.8202	-59.39791	-71.60296	0
6228	-12.20505	-71.60296	-66.72094	36.61515	24.4101	-69.97562	10.57771	56.14323	110.65912	46.37919	-76.48498	-82.99434	0
6229	-15.45973	-82.18067	-77.29865	44.75185	28.47845	-82.99434	5.69569	48.00653	101.70875	38.24249	-81.367	-89.5037	0
6230	-12.20505	-88.69003	-87.06269	48.8202	37.42882	-90.31737	13.01872	36.61515	98.45407	33.36047	-68.34828	-87.06269	0
6231	-9.76404	-92.75838	-91.13104	51.26121	44.75185	-88.69003	26.03744	32.5468	102.52242	36.61515	-43.12451	-73.2303	0
6232	-11.39138	-91.94471	-87.87636	49.63387	44.75185	-85.43535	33.36047	33.36047	105.7771	41.49717	-19.52808	-52.07488	0
6233	-13.83239	-87.87636	-82.99434	44.75185	40.6835	-84.62168	36.61515	32.5468	102.52242	43.93818	-8.1367	-38.24249	0
6234	-11.39138	-85.43535	-82.18067	40.6835	38.24249	-87.87636	40.6835	28.47845	96.01306	44.75185	-9.76404	-34.98781	0
6235	-5.69569	-81.367	-85.43535	34.98781	39.86983	-91.13104	47.19286	21.96909	92.75838	45.56552	-21.15542	-38.24249	0
6236	1.62734	-74.04397	-95.19939	23.59643	47.19286	-92.75838	53.70222	13.83239	96.01306	44.75185	-40.6835	-48.8202	0
6237	9.76404	-75.67131	-108.21811	19.52808	57.77057	-98.45407	56.9569	8.95037	100.08141	40.6835	-59.39791	-65.0936	0
6238	12.20505	-87.87636	-116.35481	28.47845	60.21158	-105.7771	55.32956	9.76404	101.70875	35.80148	-67.53461	-78.11232	0
6239	12.20505	-96.82673	-113.9138	38.24249	52.88855	-108.21811	50.44754	12.20505	101.70875	34.17414	-61.83892	-79.73966	0
6240	10.57771	-100.89508	-104.96343	46.37919	44.75185	-104.96343	44.75185	13.01872	97.6404	37.42882	-40.6835	-69.16195	0
6241	8.1367	-106.59077	-95.19939	56.9569	39.86983	-102.52242	36.61515	8.95037	88.69003	43.93818	-12.20505	-54.51589	0
6242	5.69569	-108.21811	-88.69003	61.02525	39.05616	-99.26774	29.29212	4.88202	78.92599	48.00653	7.32303	-47.19286	0
6243	4.88202	-98.45407	-86.24902	56.14323	43.93818	-93.57205	23.59643	3.25468	75.67131	48.8202	13.83239	-47.19286	0
6244	3.25468	-82.99434	-91.13104	48.8202	56.14323	-87.06269	20.34175	4.88202	79.73966	50.44754	6.50936	-48.00653	0
6245	0	-73.2303	-96.01306	42.31084	63.46626	-84.62168	19.52808	8.1367	89.5037	52.88855	-11.39138	-51.26121	0
6246	-5.69569	-73.2303	-97.6404	40.6835	59.39791	-84.62168	18.71441	13.01872	99.26774	54.51589	-38.24249	-60.21158	0
6247	-11.39138	-78.11232	-93.57205	43.93818	48.8202	-83.80801	17.08707	18.71441	109.03178	55.32956	-60.21158	-73.2303	0
6248	-16.2734	-82.99434	-85.43535	49.63387	38.24249	-83.80801	15.45973	25.22377	115.54114	55.32956	-69.97562	-81.367	0
6249	-22.78276	-83.80801	-76.48498	54.51589	28.47845	-84.62168	16.2734	28.47845	117.16848	56.9569	-62.65259	-78.92599	0
6250	-28.47845	-80.55333	-64.27993	56.14323	18.71441	-78.11232	24.4101	31.73313	111.47279	61.83892	-40.6835	-66.72094	0
6251	-33.36047	-71.60296	-45.56552	53.70222	5.69569	-63.46626	36.61515	37.42882	102.52242	69.97562	-8.95037	-51.26121	0
6252	-34.98781	-60.21158	-26.85111	48.00653	-4.06835	-47.19286	48.8202	43.12451	97.6404	78.92599	19.52808	-39.86983	0
6253	-31.73313	-48.00653	-18.71441	36.61515	-8.1367	-34.98781	57.77057	45.56552	96.01306	82.18067	32.5468	-29.29212	0
6254	-19.52808	-30.91946	-21.15542	17.08707	-4.88202	-26.85111	64.27993	43.93818	94.38572	78.11232	23.59643	-23.59643	0
6255	-2.44101	-13.01872	-26.03744	-2.44101	3.25468	-19.52808	66.72094	39.86983	95.19939	68.34828	-1.62734	-26.03744	0
6256	12.20505	-1.62734	-26.85111	-13.83239	11.39138	-13.01872	68.34828	36.61515	101.70875	60.21158	-35.80148	-36.61515	0
6257	20.34175	3.25468	-30.10579	-21.15542	22.78276	-11.39138	72.41663	36.61515	107.40444	55.32956	-65.0936	-53.70222	0
6258	20.34175	0	-44.75185	-26.85111	39.86983	-21.15542	74.04397	39.05616	109.03178	48.8202	-81.367	-69.16195	0
6259	13.83239	-12.20505	-60.21158	-30.10579	50.44754	-38.24249	67.53461	34.98781	100.08141	37.42882	-83.80801	-80.55333	0
6260	9.76404	-16.2734	-68.34828	-29.29212	51.26121	-51.26121	55.32956	26.03744	83.80801	29.29212	-69.97562	-83.80801	0
6261	15.45973	-8.95037	-65.0936	-22.78276	48.00653	-49.63387	51.26121	19.52808	67.53461	26.85111	-39.86983	-69.16195	0
6262	26.85111	0	-48.00653	-21.15542	38.24249	-34.17414	56.14323	17.08707	54.51589	26.85111	-6.50936	-39.05616	0
6263	32.5468	8.1367	-26.03744	-21.96909	24.4101	-15.45973	62.65259	16.2734	51.26121	35.80148	13.83239	-13.01872	0
6264	30.91946	13.83239	-13.01872	-21.96909	19.52808	-0.81367	63.46626	14.64606	58.58424	49.63387	16.2734	-1.62734	0
6265	34.17414	21.96909	-12.20505	-26.03744	24.4101	5.69569	59.39791	11.39138	71.60296	61.02525	0	-4.06835	0
6266	46.37919	28.47845	-19.52808	-35.80148	34.17414	8.1367	52.07488	8.95037	86.24902	67.53461	-26.85111	-17.90074	0
6267	56.14323	33.36047	-26.03744	-43.12451	41.49717	8.95037	43.12451	10.57771	98.45407	69.16195	-50.44754	-34.98781	0
6268	59.39791	35.80148	-26.85111	-44.75185	43.12451	10.57771	28.47845	13.01872	104.96343	69.16195	-58.58424	-48.00653	0
6269	57.77057	38.24249	-17.90074	-44.75185	36.61515	17.08707	9.76404	8.1367	105.7771	69.97562	-46.37919	-48.8202	0
6270	52.07488	43.93818	0	-45.56552	22.78276	27.66478	-7.32303	0	106.59077	76.48498	-14.64606	-35.80148	0
6271	45.56552	52.07488	17.90074	-47.19286	8.95037	36.61515	-21.15542	-6.50936	109.84545	87.87636	26.85111	-17.90074	0
6272	36.61515	56.14323	31.73313	-45.56552	0	42.31084	-29.29212	-8.95037	115.54114	99.26774	65.0936	-1.62734	0
6273	21.96909	53.70222	38.24249	-39.86983	-9.76404	41.49717	-33.36047	-9.76404	119.60949	106.59077	84.62168	13.01872	0
6274	8.1367	48.00653	34.98781	-34.98781	-15.45973	34.17414	-35.80148	-12.20505	117.98215	107.40444	78.11232	21.15542	0
6275	4.06835	39.05616	26.85111	-31.73313	-14.64606	22.78276	-37.42882	-19.52808	110.65912	101.70875	47.19286	17.08707	0
6276	8.95037	28.47845	19.52808	-32.5468	-9.76404	13.01872	-35.80148	-26.85111	104.14976	93.57205	4.88202	3.25468	0
6277	14.64606	25.22377	14.64606	-32.5468	-4.88202	6.50936	-33.36047	-31.73313	100.08141	84.62168	-30.10579	-15.45973	0
6278	17.08707	23.59643	14.64606	-28.47845	-1.62734	5.69569	-29.29212	-32.5468	98.45407	75.67131	-49.63387	-32.5468	0
6279	10.57771	21.96909	20.34175	-20.34175	-4.06835	9.76404	-21.96909	-27.66478	100.08141	72.41663	-43.93818	-37.42882	0
6280	-0.81367	21.15542	27.66478	-8.95037	-12.20505	16.2734	-13.01872	-21.15542	102.52242	74.85764	-15.45973	-29.29212	0
6281	-0.81367	26.85111	26.03744	-8.1367	-12.20505	20.34175	-5.69569	-20.34175	103.33609	82.18067	24.4101	-15.45973	0
6282	13.83239	37.42882	13.01872	-22.78276	3.25468	20.34175	-2.44101	-21.96909	98.45407	88.69003	58.58424	-4.06835	0
6283	30.91946	44.75185	-3.25468	-39.86983	24.4101	17.08707	-4.88202	-26.85111	87.87636	88.69003	70.78929	5.69569	0
6284	41.49717	39.86983	-20.34175	-47.19286	39.05616	8.1367	-13.01872	-37.42882	72.41663	79.73966	55.32956	9.76404	0
6285	44.75185	21.15542	-36.61515	-39.05616	46.37919	-7.32303	-18.71441	-49.63387	56.14323	65.0936	17.08707	2.44101	0
6286	40.6835	-1.62734	-48.8202	-22.78276	46.37919	-25.22377	-17.90074	-54.51589	48.00653	52.07488	-27.66478	-13.83239	0
6287	29.29212	-21.96909	-52.88855	-7.32303	41.49717	-36.61515	-10.57771	-46.37919	52.88855	46.37919	-62.65259	-32.5468	0
6288	12.20505	-39.05616	-49.63387	5.69569	30.10579	-43.12451	-2.44101	-30.10579	67.53461	48.00653	-73.2303	-43.12451	0
6289	-4.88202	-49.63387	-44.75185	17.08707	21.96909	-46.37919	3.25468	-14.64606	85.43535	55.32956	-56.14323	-42.31084	0
6290	-18.71441	-53.70222	-48.00653	21.15542	23.59643	-49.63387	7.32303	-3.25468	97.6404	65.0936	-18.71441	-31.73313	0
6291	-21.96909	-53.70222	-59.39791	19.52808	30.91946	-54.51589	10.57771	0	100.08141	72.41663	22.78276	-21.15542	0
6292	-14.64606	-52.88855	-73.2303	16.2734	36.61515	-61.02525	13.83239	0	97.6404	73.2303	50.44754	-18.71441	0
6293	-7.32303	-54.51589	-86.24902	13.01872	42.31084	-70.78929	17.90074	-0.81367	94.38572	67.53461	50.44754	-21.15542	0
6294	-2.44101	-58.58424	-96.82673	13.83239	52.07488	-80.55333	21.96909	-4.88202	87.06269	52.88855	17.90074	-31.73313	0
6295	0	-64.27993	-101.70875	21.15542	61.83892	-85.43535	19.52808	-13.83239	70.78929	29.29212	-39.86983	-55.32956	0
6296	0.81367	-70.78929	-99.26774	30.10579	69.16195	-87.06269	16.2734	-22.78276	52.07488	0	-105.7771	-80.55333	0
6297	0.81367	-82.99434	-100.08141	39.86983	71.60296	-92.75838	13.01872	-26.85111	39.05616	-23.59643	-155.41097	-93.57205	0
6298	1.62734	-104.96343	-111.47279	51.26121	72.41663	-108.21811	10.57771	-26.03744	28.47845	-36.61515	-172.49804	-100.08141	0
6299	0	-129.37353	-123.67784	60.21158	69.97562	-126.93252	8.95037	-25.22377	21.96909	-32.5468	-150.52895	-96.82673	0
6300	-3.25468	-139.95124	-126.93252	64.27993	63.46626	-135.06922	13.01872	-26.03744	21.96909	-17.08707	-99.26774	-80.55333	0
6301	-8.95037	-136.69656	-119.60949	67.53461	53.70222	-131.00087	17.90074	-31.73313	23.59643	0.81367	-37.42882	-59.39791	0
6302	-13.83239	-126.93252	-111.47279	69.16195	44.75185	-124.49151	21.96909	-34.98781	26.03744	15.45973	11.39138	-43.12451	0
6303	-13.01872	-118.79582	-106.59077	67.53461	40.6835	-117.98215	26.85111	-28.47845	30.91946	24.4101	32.5468	-30.91946	0
6304	-8.95037	-114.72747	-105.7771	64.27993	43.12451	-113.9138	31.73313	-16.2734	39.86983	26.85111	20.34175	-26.85111	0
6305	-3.25468	-113.9138	-109.03178	61.02525	48.8202	-113.10013	36.61515	-4.88202	48.8202	21.96909	-20.34175	-35.80148	0
6306	-0.81367	-119.60949	-116.35481	61.83892	54.51589	-118.79582	41.49717	1.62734	55.32956	14.64606	-78.11232	-59.39791	0
6307	-7.32303	-130.1872	-122.86417	68.34828	56.14323	-127.74619	47.19286	4.88202	58.58424	8.95037	-128.55986	-91.13104	0
6308	-23.59643	-138.3239	-122.0505	78.92599	48.00653	-134.25555	50.44754	0	61.83892	3.25468	-152.96996	-116.35481	0
6309	-43.12451	-140.76491	-109.03178	89.5037	32.5468	-134.25555	50.44754	-8.95037	63.46626	-0.81367	-139.95124	-122.0505	0
6310	-56.14323	-138.3239	-92.75838	96.01306	22.78276	-127.74619	47.19286	-10.57771	62.65259	2.44101	-95.19939	-105.7771	0
6311	-59.39791	-135.06922	-88.69003	96.01306	24.4101	-117.98215	39.05616	-7.32303	56.14323	10.57771	-38.24249	-80.55333	0
6312	-52.07488	-135.88289	-94.38572	93.57205	26.85111	-113.9138	28.47845	-4.06835	49.63387	17.08707	5.69569	-61.02525	0
6313	-45.56552	-143.20592	-104.14976	89.5037	26.85111	-120.42316	21.15542	-2.44101	48.00653	20.34175	21.15542	-48.00653	0
6314	-43.12451	-156.22464	-112.28646	85.43535	28.47845	-130.1872	20.34175	-2.44101	48.00653	20.34175	4.06835	-43.93818	0
6315	-42.31084	-167.61602	-117.16848	87.06269	30.91946	-140.76491	25.22377	-4.88202	49.63387	18.71441	-38.24249	-51.26121	0
6316	-43.12451	-176.56639	-117.98215	96.01306	35.80148	-148.90161	31.73313	-13.01872	52.07488	13.83239	-92.75838	-70.78929	0
6317	-44.75185	-180.63474	-117.98215	101.70875	38.24249	-152.96996	36.61515	-23.59643	56.9569	4.06835	-140.76491	-96.82673	0
6318	-47.19286	-183.88942	-122.86417	101.70875	40.6835	-157.03831	40.6835	-30.91946	61.83892	-2.44101	-164.36134	-118.79582	0
6319	-43.93818	-187.95777	-131.81454	100.08141	47.19286	-161.10666	40.6835	-28.47845	68.34828	-0.81367	-149.71528	-122.86417	0
6320	-34.98781	-185.51676	-139.95124	93.57205	54.51589	-161.92033	36.61515	-18.71441	74.85764	8.1367	-101.70875	-109.84545	0
6321	-26.85111	-177.38006	-145.64693	82.18067	60.21158	-163.54767	30.10579	-14.64606	76.48498	18.71441	-43.93818	-84.62168	0
6322	-21.96909	-172.49804	-151.34262	77.29865	65.0936	-166.80235	23.59643	-25.22377	66.72094	22.78276	0.81367	-56.14323	0
6323	-21.96909	-171.68437	-149.71528	82.18067	62.65259	-164.36134	21.15542	-53.70222	40.6835	17.08707	16.2734	-33.36047	0
6324	-29.29212	-165.17501	-134.25555	89.5037	51.26121	-152.15629	19.52808	-99.26774	-8.1367	-0.81367	-4.88202	-24.4101	0
6325	-39.86983	-153.78363	-110.65912	94.38572	32.5468	-133.44188	6.50936	-171.68437	-91.94471	-37.42882	-61.02525	-33.36047	0
6326	-54.51589	-139.95124	-81.367	96.82673	9.76404	-110.65912	-24.4101	-274.20679	-213.18154	-89.5037	-130.1872	-53.70222	0
6327	-65.0936	-110.65912	-42.31084	88.69003	-13.83239	-75.67131	-70.78929	-390.5616	-357.20113	-142.39225	-178.19373	-65.90727	0
6328	-58.58424	-55.32956	5.69569	59.39791	-35.80148	-23.59643	-117.98215	-502.03439	-502.84806	-181.44841	-174.93905	-46.37919	0
6329	-35.80148	18.71441	57.77057	11.39138	-53.70222	39.05616	-159.47932	-598.86112	-642.7993	-200.97649	-113.9138	9.76404	0
6330	-8.95037	95.19939	107.40444	-39.05616	-67.53461	102.52242	-193.65346	-688.36482	-773.80017	-204.23117	-9.76404	94.38572	0
6331	11.39138	170.8707	161.10666	-87.87636	-82.18067	167.61602	-222.94558	-780.30953	-899.10535	-199.34915	117.16848	197.72181	0
6332	27.66478	254.67871	229.45494	-139.13757	-105.7771	243.28733	-250.61036	-891.78232	-1026.85154	-195.2808	244.101	310.82194	0
6333	46.37919	362.89682	319.77231	-204.23117	-139.13757	342.55507	-279.90248	-1035.80191	-1170.87113	-191.21245	348.25076	419.04005	0
6334	74.04397	499.59338	430.43143	-286.41184	-179.82107	465.41924	-317.3313	-1218.87766	-1339.30082	-188.77144	416.59904	511.79843	0
6335	103.33609	646.05398	547.59991	-374.2882	-223.75925	598.04745	-371.03352	-1433.68654	-1530.51327	-192.02612	462.97823	581.77405	0
6336	130.1872	791.70091	664.76839	-449.95951	-270.13844	729.04832	-449.95951	-1656.63212	-1726.60774	-193.65346	506.10274	629.78058	0
6337	151.34262	928.39747	779.49586	-506.10274	-315.70396	855.16717	-538.64954	-1855.98127	-1890.96908	-179.82107	537.0222	663.14105	0
6338	155.41097	1026.03787	872.25424	-544.34523	-358.82847	949.55289	-610.2525	-1994.30517	-1992.67783	-147.27427	552.48193	682.66913	0
6339	139.95124	1035.80191	898.29168	-548.41358	-379.17022	967.45363	-663.14105	-2042.3117	-2009.7649	-116.35481	548.41358	676.97344	0
6340	113.9138	926.77013	815.29734	-493.89769	-349.8781	872.25424	-687.55115	-1988.60948	-1929.21157	-94.38572	512.6121	633.03526	0
6341	83.80801	711.96125	629.78058	-384.05224	-271.76578	672.09142	-675.3461	-1850.28558	-1768.91858	-92.75838	431.2451	548.41358	0
6342	50.44754	432.87244	384.86591	-236.77797	-165.98868	409.27601	-641.17196	-1673.71919	-1593.97953	-140.76491	281.52982	424.73574	0
6343	9.76404	137.51023	131.00087	-73.2303	-60.21158	135.06922	-610.2525	-1504.47583	-1465.41967	-270.95211	57.77057	266.88376	0
6344	-33.36047	-124.49151	-85.43535	77.29865	24.4101	-104.14976	-602.1158	-1365.33826	-1392.18937	-480.0653	-209.92686	98.45407	0
6345	-64.27993	-316.51763	-246.54201	188.77144	87.87636	-280.71615	-609.43883	-1251.42446	-1360.45624	-724.1663	-471.9286	-49.63387	0
6346	-75.67131	-435.31345	-354.76012	253.86504	135.88289	-393.81628	-615.94819	-1150.52938	-1347.43752	-942.22986	-679.41445	-167.61602	0
6347	-78.92599	-504.4754	-422.29473	291.29386	168.42969	-462.97823	-618.3892	-1044.75228	-1319.77274	-1083.80844	-802.27862	-247.35568	0
6348	-77.29865	-545.1589	-464.60557	311.63561	192.02612	-504.4754	-602.1158	-917.00609	-1244.9151	-1120.42359	-823.43404	-283.97083	0
6349	-69.16195	-564.68698	-493.08402	318.95864	212.36787	-528.8855	-552.48193	-756.7131	-1112.28689	-1059.39834	-752.64475	-279.08881	0
6350	-52.07488	-562.24597	-508.54375	309.1946	228.64127	-534.58119	-472.74227	-573.63735	-938.97518	-931.65215	-621.64388	-244.91467	0
6351	-31.73313	-535.39486	-509.35742	281.52982	243.28733	-521.56247	-378.35655	-392.18894	-753.45842	-775.42751	-484.94732	-192.02612	0
6352	-17.90074	-495.52503	-499.59338	245.72834	253.05137	-497.15237	-286.41184	-238.40531	-586.65607	-626.5259	-387.30692	-138.3239	0
6353	-13.01872	-460.53722	-476.81062	220.50457	248.16935	-467.86025	-211.5542	-133.44188	-455.6552	-506.10274	-323.02699	-106.59077	0
6354	-14.64606	-428.80409	-436.94079	208.29952	222.94558	-432.05877	-155.41097	-73.2303	-356.38746	-414.15803	-285.59817	-100.08141	0
6355	-23.59643	-398.6983	-387.30692	203.4175	190.39878	-392.18894	-115.54114	-39.86983	-274.20679	-342.55507	-267.69743	-110.65912	0
6356	-35.80148	-376.72921	-343.36874	201.79016	165.98868	-359.64214	-89.5037	-24.4101	-202.60383	-288.85285	-256.30605	-126.93252	0
6357	-38.24249	-355.57379	-311.63561	195.2808	152.15629	-336.04571	-72.41663	-23.59643	-139.13757	-246.54201	-259.56073	-135.88289	0
6358	-30.10579	-323.02699	-289.66652	174.12538	146.4606	-309.1946	-54.51589	-21.96909	-74.85764	-201.79016	-256.30605	-139.95124	0
6359	-21.96909	-281.52982	-270.95211	144.01959	144.83326	-279.08881	-28.47845	-2.44101	-10.57771	-150.52895	-216.43622	-131.81454	0
6360	-16.2734	-247.35568	-250.61036	116.35481	136.69656	-250.61036	-1.62734	32.5468	48.00653	-95.19939	-143.20592	-107.40444	0
6361	-17.08707	-222.94558	-222.94558	96.01306	117.16848	-222.94558	20.34175	75.67131	96.82673	-43.93818	-57.77057	-71.60296	0
6362	-19.52808	-197.72181	-188.77144	82.18067	92.75838	-192.83979	38.24249	118.79582	135.88289	-4.88202	14.64606	-30.10579	0
6363	-17.08707	-172.49804	-158.66565	74.85764	74.04397	-164.36134	56.14323	154.5973	168.42969	18.71441	51.26121	1.62734	0
6364	-14.64606	-156.22464	-139.95124	74.85764	61.83892	-147.27427	71.60296	174.12538	192.83979	34.17414	65.90727	13.01872	0
6365	-16.2734	-148.08794	-123.67784	79.73966	52.88855	-135.06922	83.80801	182.26208	209.92686	47.19286	74.04397	11.39138	0
6366	-21.15542	-137.51023	-106.59077	83.80801	45.56552	-118.79582	95.19939	194.46713	231.08228	65.90727	76.48498	20.34175	0
6367	-29.29212	-128.55986	-97.6404	87.06269	35.80148	-104.14976	104.96343	222.13191	260.3744	100.08141	109.03178	43.93818	0
6368	-32.5468	-122.86417	-96.82673	86.24902	30.10579	-98.45407	112.28646	245.72834	283.15716	131.00087	156.22464	69.16195	0
6369	-23.59643	-113.10013	-96.82673	75.67131	30.91946	-96.01306	115.54114	250.61036	289.66652	140.76491	161.10666	82.18067	0
6370	-7.32303	-94.38572	-96.01306	51.26121	30.91946	-91.94471	117.16848	239.21898	280.71615	131.81454	116.35481	76.48498	0
6371	2.44101	-73.2303	-92.75838	24.4101	29.29212	-86.24902	116.35481	218.87723	266.07009	116.35481	50.44754	59.39791	0
6372	2.44101	-62.65259	-90.31737	12.20505	28.47845	-81.367	112.28646	198.53548	252.2377	103.33609	-4.06835	39.05616	0
6373	2.44101	-67.53461	-91.94471	17.08707	32.5468	-80.55333	109.03178	185.51676	244.101	96.01306	-31.73313	21.15542	0
6374	4.06835	-82.18067	-100.08141	29.29212	43.12451	-85.43535	109.84545	184.70309	241.65999	96.01306	-20.34175	13.01872	0
6375	7.32303	-98.45407	-111.47279	41.49717	56.9569	-96.82673	115.54114	196.90814	249.79669	108.21811	25.22377	21.15542	0
6376	13.83239	-107.40444	-122.0505	44.75185	69.97562	-110.65912	127.74619	216.43622	266.07009	127.74619	86.24902	43.12451	0
6377	24.4101	-104.14976	-127.74619	39.86983	78.92599	-122.86417	140.76491	237.59164	283.97083	144.01959	131.81454	67.53461	0
6378	36.61515	-97.6404	-132.62821	31.73313	82.18067	-128.55986	146.4606	251.42403	294.54854	147.27427	139.95124	79.73966	0
6379	48.00653	-91.94471	-137.51023	24.4101	78.92599	-126.93252	143.20592	253.86504	295.36221	136.69656	104.14976	75.67131	0
6380	48.00653	-88.69003	-134.25555	22.78276	71.60296	-119.60949	134.25555	244.91467	287.22551	115.54114	36.61515	55.32956	0
6381	33.36047	-88.69003	-120.42316	29.29212	60.21158	-108.21811	122.86417	227.01393	271.76578	90.31737	-39.05616	28.47845	0
6382	13.83239	-87.06269	-98.45407	39.86983	44.75185	-94.38572	111.47279	204.23117	251.42403	69.97562	-95.19939	2.44101	0
6383	-3.25468	-82.99434	-74.04397	48.8202	29.29212	-77.29865	104.14976	185.51676	235.9643	64.27993	-109.03178	-14.64606	0
6384	-16.2734	-80.55333	-53.70222	54.51589	15.45973	-62.65259	103.33609	180.63474	228.64127	71.60296	-79.73966	-17.90074	0
6385	-27.66478	-81.367	-43.12451	58.58424	4.88202	-57.77057	105.7771	188.77144	230.26861	88.69003	-19.52808	-5.69569	0
6386	-30.91946	-83.80801	-44.75185	60.21158	4.88202	-61.02525	110.65912	203.4175	235.9643	109.03178	48.00653	17.08707	0
6387	-18.71441	-87.06269	-59.39791	52.07488	18.71441	-69.16195	113.9138	215.62255	241.65999	122.86417	97.6404	39.86983	0
6388	2.44101	-87.87636	-77.29865	38.24249	39.86983	-74.04397	114.72747	218.87723	243.28733	126.93252	109.03178	51.26121	0
6389	18.71441	-86.24902	-92.75838	29.29212	56.9569	-77.29865	112.28646	209.11319	240.03265	119.60949	78.11232	44.75185	0
6390	25.22377	-81.367	-100.08141	25.22377	64.27993	-78.92599	108.21811	192.83979	236.77797	104.14976	16.2734	22.78276	0
6391	32.5468	-73.2303	-96.01306	21.96909	65.90727	-73.2303	105.7771	183.88942	237.59164	91.13104	-47.19286	-3.25468	0
6392	43.12451	-62.65259	-84.62168	17.08707	65.0936	-61.83892	104.96343	184.70309	243.28733	88.69003	-86.24902	-21.15542	0
6393	49.63387	-51.26121	-74.04397	11.39138	62.65259	-56.14323	106.59077	192.83979	251.42403	100.08141	-86.24902	-26.85111	0
6394	37.42882	-45.56552	-68.34828	17.90074	52.07488	-61.02525	112.28646	209.92686	266.07009	120.42316	-48.00653	-18.71441	0
6395	11.39138	-49.63387	-64.27993	36.61515	31.73313	-72.41663	117.98215	233.52329	287.22551	143.20592	8.95037	0.81367	0
6396	-8.95037	-61.83892	-58.58424	48.8202	11.39138	-79.73966	123.67784	254.67871	309.1946	165.17501	69.16195	26.85111	0
6397	-18.71441	-69.97562	-50.44754	49.63387	0.81367	-75.67131	129.37353	274.20679	328.72268	181.44841	113.10013	52.07488	0
6398	-19.52808	-65.90727	-43.12451	44.75185	0	-64.27993	135.88289	292.9212	340.92773	187.95777	127.74619	69.97562	0
6399	-13.01872	-55.32956	-35.80148	34.17414	2.44101	-51.26121	142.39225	299.43056	342.55507	182.26208	104.14976	75.67131	0
6400	-6.50936	-47.19286	-28.47845	26.85111	1.62734	-39.05616	141.57858	290.48019	327.90901	164.36134	51.26121	61.02525	0
6401	-11.39138	-49.63387	-26.03744	30.91946	-2.44101	-30.10579	129.37353	270.13844	296.98955	139.13757	-13.01872	30.91946	0
6402	-24.4101	-56.14323	-26.03744	39.86983	-8.1367	-25.22377	113.10013	247.35568	265.25642	113.9138	-67.53461	2.44101	0
6403	-34.17414	-61.83892	-27.66478	48.00653	-10.57771	-29.29212	100.89508	235.15063	247.35568	98.45407	-90.31737	-15.45973	0
6404	-36.61515	-72.41663	-36.61515	55.32956	-5.69569	-43.12451	96.82673	242.47366	250.61036	101.70875	-68.34828	-18.71441	0
6405	-26.03744	-78.11232	-52.07488	53.70222	7.32303	-58.58424	100.08141	261.18807	272.57945	119.60949	-11.39138	-3.25468	0
6406	-8.95037	-73.2303	-66.72094	41.49717	22.78276	-65.0936	109.84545	284.7845	305.93992	143.20592	54.51589	24.4101	0
6407	3.25468	-58.58424	-74.85764	27.66478	30.10579	-59.39791	122.0505	305.93992	337.67305	164.36134	103.33609	51.26121	0
6408	13.83239	-41.49717	-72.41663	13.01872	32.5468	-46.37919	130.1872	316.51763	358.0148	174.93905	113.9138	66.72094	0
6409	25.22377	-25.22377	-61.02525	-1.62734	34.98781	-30.91946	130.1872	318.14497	361.26948	172.49804	83.80801	64.27993	0
6410	34.17414	-8.95037	-45.56552	-15.45973	34.98781	-16.2734	119.60949	313.26295	349.8781	159.47932	26.03744	47.19286	0
6411	37.42882	0.81367	-28.47845	-18.71441	28.47845	-5.69569	104.14976	306.75359	331.16369	139.13757	-34.98781	24.4101	0
6412	33.36047	1.62734	-10.57771	-10.57771	13.83239	0	91.94471	303.49891	315.70396	122.0505	-75.67131	4.88202	0
6413	20.34175	1.62734	2.44101	-2.44101	0	3.25468	87.87636	306.75359	310.00827	115.54114	-82.18067	-6.50936	0
6414	5.69569	6.50936	5.69569	-3.25468	2.44101	9.76404	91.13104	318.14497	314.07662	119.60949	-56.9569	-4.88202	0
6415	-3.25468	11.39138	-0.81367	-4.88202	17.90074	15.45973	101.70875	335.23204	326.28167	133.44188	-12.20505	9.76404	0
6416	-8.95037	15.45973	-4.06835	-3.25468	22.78276	17.90074	113.9138	355.57379	341.7414	150.52895	38.24249	31.73313	0
6417	-13.01872	17.08707	3.25468	-1.62734	12.20505	20.34175	125.30518	372.66086	355.57379	164.36134	79.73966	54.51589	0
6418	-11.39138	17.08707	16.2734	-4.88202	0	26.03744	133.44188	384.05224	362.89682	173.31171	96.01306	72.41663	0
6419	-4.88202	19.52808	26.03744	-13.83239	-5.69569	32.5468	136.69656	388.12059	363.71049	173.31171	84.62168	78.92599	0
6420	0	25.22377	31.73313	-24.4101	-7.32303	35.80148	136.69656	382.4249	359.64214	162.734	48.00653	73.2303	0
6421	4.88202	32.5468	38.24249	-31.73313	-9.76404	34.98781	132.62821	375.10187	353.13278	146.4606	0	61.02525	0
6422	7.32303	39.86983	44.75185	-34.98781	-13.83239	36.61515	126.11885	371.84719	346.62342	131.81454	-37.42882	46.37919	0
6423	12.20505	53.70222	51.26121	-39.86983	-17.08707	46.37919	118.79582	377.54288	340.92773	126.93252	-47.19286	36.61515	0
6424	21.15542	77.29865	63.46626	-52.07488	-21.15542	65.0936	113.9138	392.18894	342.55507	132.62821	-26.85111	39.05616	0
6425	29.29212	104.14976	76.48498	-66.72094	-28.47845	86.24902	113.10013	412.53069	349.8781	145.64693	13.83239	57.77057	0
6426	29.29212	125.30518	85.43535	-76.48498	-38.24249	101.70875	115.54114	434.49978	360.45581	161.92033	64.27993	84.62168	0
6427	25.22377	135.06922	92.75838	-78.92599	-45.56552	110.65912	120.42316	450.77318	363.71049	172.49804	103.33609	107.40444	0
6428	20.34175	135.88289	99.26774	-76.48498	-48.8202	114.72747	124.49151	454.84153	355.57379	171.68437	115.54114	120.42316	0
6429	17.90074	131.81454	103.33609	-73.2303	-50.44754	115.54114	124.49151	445.89116	336.85938	161.92033	96.82673	120.42316	0
6430	17.90074	131.81454	104.14976	-74.85764	-52.07488	117.16848	117.16848	427.17675	310.82194	146.4606	55.32956	108.21811	0
6431	20.34175	143.20592	109.84545	-87.06269	-51.26121	126.93252	105.7771	406.02133	285.59817	128.55986	7.32303	91.13104	0
6432	23.59643	166.80235	129.37353	-102.52242	-54.51589	148.90161	92.75838	388.12059	268.5111	114.72747	-24.4101	78.11232	0
6433	29.29212	197.72181	157.03831	-116.35481	-62.65259	177.38006	81.367	378.35655	262.81541	112.28646	-26.03744	76.48498	0
6434	35.80148	224.57292	183.07575	-123.67784	-68.34828	204.23117	74.85764	378.35655	267.69743	122.0505	5.69569	88.69003	0
6435	32.5468	240.03265	201.79016	-124.49151	-73.2303	222.13191	73.2303	386.49325	278.27514	136.69656	61.02525	111.47279	0
6436	29.29212	244.101	209.11319	-128.55986	-78.92599	232.70962	74.04397	399.51197	288.03918	152.96996	117.98215	139.13757	0
6437	39.86983	248.16935	211.5542	-145.64693	-79.73966	238.40531	74.85764	411.71702	292.10753	162.734	157.85198	163.54767	0
6438	54.51589	262.81541	213.99521	-166.80235	-76.48498	245.72834	74.85764	417.41271	284.7845	161.10666	165.98868	179.0074	0
6439	56.9569	283.97083	222.13191	-179.82107	-80.55333	258.74706	72.41663	414.15803	267.69743	147.27427	144.83326	182.26208	0
6440	48.8202	305.12625	237.59164	-182.26208	-92.75838	273.39312	68.34828	403.58032	244.101	127.74619	104.14976	175.75272	0
6441	39.86983	321.39965	260.3744	-182.26208	-108.21811	289.66652	60.21158	387.30692	217.24989	105.7771	61.02525	164.36134	0
6442	34.17414	332.79103	283.15716	-182.26208	-122.86417	305.93992	51.26121	366.96517	190.39878	87.06269	30.91946	154.5973	0
6443	31.73313	340.92773	300.24423	-184.70309	-133.44188	318.14497	42.31084	350.69177	170.8707	75.67131	23.59643	151.34262	0
6444	27.66478	344.18241	313.26295	-187.1441	-143.20592	327.09534	32.5468	343.36874	162.734	73.2303	40.6835	153.78363	0
6445	22.78276	345.80975	323.02699	-192.83979	-152.96996	333.6047	21.96909	340.92773	160.29299	78.11232	74.85764	162.734	0
6446	25.22377	352.31911	328.72268	-200.97649	-157.03831	340.92773	14.64606	336.04571	154.5973	82.18067	111.47279	178.19373	0
6447	31.73313	361.26948	332.79103	-206.67218	-157.03831	348.25076	8.95037	324.65433	139.95124	78.92599	131.81454	192.83979	0
6448	34.98781	371.03352	340.92773	-207.48585	-158.66565	356.38746	4.06835	313.26295	118.79582	69.97562	131.81454	203.4175	0
6449	33.36047	379.17022	354.76012	-205.85851	-163.54767	366.1515	0	303.49891	94.38572	55.32956	110.65912	207.48585	0
6450	28.47845	388.12059	364.52416	-206.67218	-168.42969	373.47453	-5.69569	287.22551	64.27993	32.5468	71.60296	205.04484	0
6451	29.29212	402.76665	366.1515	-209.92686	-174.12538	379.98389	-12.20505	262.00174	30.10579	5.69569	26.85111	196.90814	0
6452	36.61515	423.92207	370.21985	-215.62255	-176.56639	393.81628	-16.2734	235.15063	2.44101	-16.2734	-3.25468	187.1441	0
6453	39.86983	441.82281	385.67958	-222.13191	-180.63474	410.90335	-17.90074	213.18154	-14.64606	-29.29212	-9.76404	179.82107	0
6454	37.42882	449.95951	401.13931	-226.20026	-187.95777	423.92207	-14.64606	199.34915	-26.85111	-34.17414	9.76404	182.26208	0
6455	33.36047	448.33217	408.46234	-225.38659	-192.02612	427.99042	-11.39138	192.02612	-40.6835	-30.91946	45.56552	195.2808	0
6456	24.4101	439.3818	410.08968	-221.31824	-192.83979	424.73574	-9.76404	187.95777	-62.65259	-24.4101	81.367	214.80888	0
6457	8.95037	424.73574	407.64867	-213.99521	-194.46713	416.59904	-13.83239	180.63474	-93.57205	-26.03744	101.70875	230.26861	0
6458	-9.76404	401.13931	401.13931	-197.72181	-197.72181	401.95298	-26.03744	163.54767	-131.00087	-41.49717	93.57205	232.70962	0
6459	-25.22377	375.10187	392.18894	-177.38006	-200.97649	385.67958	-43.93818	133.44188	-167.61602	-69.16195	59.39791	220.50457	0
6460	-29.29212	360.45581	384.86591	-167.61602	-200.97649	377.54288	-61.02525	93.57205	-196.90814	-100.08141	11.39138	200.16282	0
6461	-22.78276	359.64214	381.61123	-169.24336	-198.53548	376.72921	-71.60296	50.44754	-215.62255	-126.11885	-31.73313	180.63474	0
6462	-11.39138	369.40618	382.4249	-178.19373	-194.46713	380.79756	-75.67131	12.20505	-226.20026	-140.76491	-57.77057	168.42969	0
6463	0	380.79756	384.86591	-189.58511	-191.21245	387.30692	-73.2303	-13.01872	-230.26861	-144.83326	-62.65259	161.92033	0
6464	11.39138	388.12059	386.49325	-200.16282	-187.95777	393.00261	-66.72094	-23.59643	-229.45494	-136.69656	-44.75185	164.36134	0
6465	19.52808	390.5616	388.12059	-204.23117	-188.77144	394.62995	-60.21158	-20.34175	-223.75925	-122.0505	-10.57771	174.12538	0
6466	19.52808	379.98389	386.49325	-193.65346	-193.65346	388.12059	-55.32956	-13.83239	-221.31824	-110.65912	21.96909	183.88942	0
6467	8.1367	353.94645	371.03352	-172.49804	-193.65346	366.1515	-50.44754	-16.2734	-231.89595	-112.28646	36.61515	183.88942	0
6468	-0.81367	325.468	345.80975	-149.71528	-183.07575	336.85938	-47.19286	-27.66478	-250.61036	-120.42316	29.29212	178.19373	0
6469	-5.69569	305.93992	322.21332	-130.1872	-168.42969	314.07662	-45.56552	-43.93818	-270.13844	-131.81454	7.32303	167.61602	0
6470	-8.95037	287.22551	302.68524	-116.35481	-157.85198	294.54854	-45.56552	-64.27993	-289.66652	-145.64693	-26.03744	151.34262	0
6471	-7.32303	265.25642	279.08881	-108.21811	-144.01959	272.57945	-48.00653	-85.43535	-300.24423	-157.03831	-67.53461	134.25555	0
6472	1.62734	246.54201	253.86504	-108.21811	-126.93252	249.79669	-50.44754	-103.33609	-296.17588	-156.22464	-96.82673	118.79582	0
6473	13.01872	231.89595	230.26861	-113.9138	-109.03178	231.89595	-48.8202	-115.54114	-282.34349	-144.01959	-104.14976	106.59077	0
6474	26.85111	220.50457	208.29952	-118.79582	-93.57205	216.43622	-48.00653	-120.42316	-266.07009	-126.11885	-91.94471	100.89508	0
6475	39.86983	209.92686	188.77144	-120.42316	-80.55333	202.60383	-48.00653	-116.35481	-248.98302	-106.59077	-65.90727	100.89508	0
6476	48.8202	200.16282	168.42969	-119.60949	-68.34828	187.95777	-43.93818	-99.26774	-224.57292	-86.24902	-36.61515	107.40444	0
6477	52.07488	185.51676	149.71528	-113.10013	-57.77057	170.8707	-34.17414	-75.67131	-194.46713	-67.53461	-14.64606	113.9138	0
6478	48.8202	165.17501	137.51023	-96.82673	-56.14323	152.96996	-24.4101	-56.14323	-164.36134	-55.32956	-13.01872	113.10013	0
6479	39.05616	144.83326	127.74619	-78.11232	-54.51589	136.69656	-17.08707	-44.75185	-143.20592	-54.51589	-31.73313	100.89508	0
6480	31.73313	124.49151	115.54114	-62.65259	-50.44754	116.35481	-15.45973	-43.12451	-131.00087	-62.65259	-59.39791	81.367	0
6481	26.85111	104.96343	108.21811	-54.51589	-48.8202	96.01306	-15.45973	-48.8202	-123.67784	-69.97562	-89.5037	63.46626	0
6482	19.52808	91.13104	103.33609	-51.26121	-49.63387	82.99434	-13.01872	-58.58424	-117.16848	-69.16195	-112.28646	49.63387	0
6483	8.95037	82.18067	101.70875	-49.63387	-51.26121	82.18067	-12.20505	-67.53461	-109.84545	-60.21158	-118.79582	40.6835	0
6484	0.81367	75.67131	102.52242	-48.00653	-54.51589	87.87636	-15.45973	-71.60296	-99.26774	-42.31084	-107.40444	39.05616	0
6485	-8.1367	69.97562	102.52242	-41.49717	-58.58424	91.13104	-20.34175	-69.16195	-83.80801	-20.34175	-82.99434	43.12451	0
6486	-21.15542	61.83892	96.01306	-31.73313	-59.39791	85.43535	-22.78276	-61.02525	-66.72094	-0.81367	-59.39791	47.19286	0
6487	-31.73313	53.70222	79.73966	-23.59643	-50.44754	73.2303	-21.15542	-50.44754	-51.26121	9.76404	-48.00653	46.37919	0
6488	-33.36047	40.6835	63.46626	-17.90074	-42.31084	55.32956	-15.45973	-43.12451	-39.05616	13.83239	-53.70222	39.86983	0
6489	-26.03744	22.78276	50.44754	-13.01872	-39.05616	38.24249	-7.32303	-39.05616	-34.17414	13.83239	-74.85764	29.29212	0
6490	-15.45973	11.39138	39.05616	-11.39138	-32.5468	26.03744	4.06835	-35.80148	-33.36047	9.76404	-104.96343	17.90074	0
6491	-2.44101	7.32303	24.4101	-11.39138	-22.78276	16.2734	14.64606	-30.91946	-30.91946	4.06835	-129.37353	8.95037	0
6492	8.95037	6.50936	4.06835	-11.39138	-11.39138	2.44101	19.52808	-26.03744	-22.78276	0.81367	-141.57858	2.44101	0
6493	14.64606	3.25468	-17.90074	-4.06835	0	-14.64606	18.71441	-20.34175	-8.1367	1.62734	-139.13757	0.81367	0
6494	11.39138	-4.06835	-30.91946	5.69569	8.1367	-27.66478	16.2734	-14.64606	8.95037	11.39138	-124.49151	4.06835	0
6495	4.06835	-15.45973	-29.29212	13.01872	7.32303	-32.5468	17.08707	-5.69569	26.85111	28.47845	-103.33609	13.01872	0
6496	-3.25468	-27.66478	-18.71441	15.45973	0.81367	-33.36047	22.78276	5.69569	43.12451	46.37919	-79.73966	24.4101	0
6497	-16.2734	-39.05616	-8.95037	16.2734	-6.50936	-32.5468	30.91946	17.90074	56.14323	61.02525	-58.58424	35.80148	0
6498	-32.5468	-50.44754	-4.06835	19.52808	-14.64606	-33.36047	39.05616	26.85111	62.65259	67.53461	-50.44754	42.31084	0
6499	-39.05616	-58.58424	-10.57771	28.47845	-12.20505	-38.24249	39.86983	26.03744	58.58424	63.46626	-61.02525	39.86983	0
6500	-26.85111	-57.77057	-23.59643	38.24249	2.44101	-43.12451	31.73313	17.08707	48.00653	50.44754	-87.87636	26.03744	0
6501	-10.57771	-49.63387	-31.73313	40.6835	17.08707	-46.37919	17.08707	2.44101	34.17414	32.5468	-118.79582	6.50936	0
6502	-1.62734	-43.93818	-34.98781	36.61515	21.15542	-49.63387	0	-13.01872	21.96909	17.08707	-144.01959	-12.20505	0
6503	3.25468	-44.75185	-35.80148	28.47845	15.45973	-52.07488	-10.57771	-24.4101	16.2734	8.95037	-154.5973	-24.4101	0
6504	5.69569	-43.12451	-36.61515	17.08707	11.39138	-49.63387	-9.76404	-25.22377	17.90074	14.64606	-144.01959	-25.22377	0
6505	6.50936	-34.98781	-39.05616	4.06835	12.20505	-41.49717	-0.81367	-15.45973	26.85111	31.73313	-116.35481	-13.83239	0
6506	12.20505	-30.91946	-39.86983	-4.88202	16.2734	-33.36047	9.76404	-1.62734	39.86983	52.07488	-87.06269	0.81367	0
6507	22.78276	-31.73313	-42.31084	-5.69569	21.96909	-30.91946	19.52808	12.20505	54.51589	67.53461	-66.72094	13.01872	0
6508	29.29212	-34.98781	-48.8202	-0.81367	30.10579	-35.80148	25.22377	26.03744	65.90727	73.2303	-64.27993	15.45973	0
6509	29.29212	-44.75185	-58.58424	8.95037	36.61515	-47.19286	26.85111	31.73313	70.78929	66.72094	-78.11232	7.32303	0
6510	23.59643	-61.83892	-69.16195	22.78276	40.6835	-62.65259	26.03744	25.22377	65.90727	50.44754	-100.89508	-10.57771	0
6511	17.90074	-78.11232	-80.55333	32.5468	43.93818	-78.11232	21.96909	10.57771	56.14323	31.73313	-127.74619	-30.91946	0
6512	13.01872	-83.80801	-84.62168	34.17414	45.56552	-83.80801	16.2734	-2.44101	45.56552	20.34175	-148.08794	-42.31084	0
6513	9.76404	-78.92599	-74.04397	28.47845	40.6835	-79.73966	12.20505	-4.88202	44.75185	22.78276	-149.71528	-38.24249	0
6514	10.57771	-72.41663	-56.9569	17.90074	32.5468	-74.85764	10.57771	7.32303	56.14323	37.42882	-131.81454	-21.96909	0
6515	14.64606	-69.97562	-47.19286	13.83239	26.85111	-71.60296	13.01872	27.66478	73.2303	56.14323	-106.59077	-4.06835	0
6516	24.4101	-72.41663	-53.70222	20.34175	28.47845	-73.2303	19.52808	45.56552	92.75838	71.60296	-83.80801	8.95037	0
6517	30.91946	-76.48498	-74.85764	30.10579	39.05616	-81.367	29.29212	56.9569	110.65912	84.62168	-65.90727	18.71441	0
6518	23.59643	-78.11232	-94.38572	41.49717	43.93818	-88.69003	38.24249	61.02525	123.67784	93.57205	-58.58424	25.22377	0
6519	12.20505	-78.11232	-97.6404	47.19286	44.75185	-90.31737	44.75185	59.39791	130.1872	94.38572	-61.83892	21.15542	0
6520	3.25468	-74.85764	-88.69003	44.75185	45.56552	-86.24902	47.19286	52.88855	132.62821	87.06269	-70.78929	8.95037	0
6521	-6.50936	-70.78929	-78.11232	38.24249	41.49717	-79.73966	43.93818	44.75185	132.62821	78.11232	-82.18067	-3.25468	0
6522	-16.2734	-67.53461	-74.85764	30.91946	33.36047	-75.67131	37.42882	35.80148	127.74619	67.53461	-93.57205	-13.01872	0
6523	-18.71441	-65.0936	-74.04397	27.66478	26.85111	-73.2303	30.91946	27.66478	118.79582	56.9569	-100.08141	-17.90074	0
6524	-17.90074	-65.0936	-74.04397	30.10579	23.59643	-69.97562	25.22377	21.96909	109.84545	49.63387	-99.26774	-17.90074	0
6525	-15.45973	-65.90727	-77.29865	34.17414	20.34175	-66.72094	23.59643	17.90074	103.33609	50.44754	-91.94471	-13.83239	0
6526	-14.64606	-70.78929	-81.367	37.42882	21.15542	-67.53461	26.03744	20.34175	103.33609	55.32956	-79.73966	-8.95037	0
6527	-16.2734	-84.62168	-87.06269	42.31084	26.03744	-77.29865	30.91946	30.91946	109.84545	63.46626	-66.72094	-4.06835	0
6528	-16.2734	-104.14976	-99.26774	52.07488	35.80148	-91.94471	35.80148	45.56552	122.0505	73.2303	-58.58424	0	0
6529	-14.64606	-120.42316	-114.72747	60.21158	46.37919	-103.33609	40.6835	60.21158	138.3239	80.55333	-59.39791	3.25468	0
6530	-15.45973	-126.93252	-122.86417	62.65259	48.00653	-109.03178	46.37919	68.34828	152.15629	82.99434	-68.34828	0	0
6531	-16.2734	-121.23683	-114.72747	61.83892	41.49717	-104.96343	52.07488	69.97562	159.47932	82.99434	-78.92599	-5.69569	0
6532	-13.01872	-107.40444	-96.01306	57.77057	32.5468	-94.38572	55.32956	68.34828	158.66565	79.73966	-84.62168	-11.39138	0
6533	-8.95037	-90.31737	-78.11232	52.88855	26.85111	-81.367	55.32956	64.27993	150.52895	74.85764	-84.62168	-13.83239	0
6534	-3.25468	-74.04397	-66.72094	49.63387	25.22377	-70.78929	52.07488	62.65259	143.20592	70.78929	-76.48498	-11.39138	0
6535	2.44101	-63.46626	-62.65259	44.75185	28.47845	-61.83892	49.63387	66.72094	139.95124	69.97562	-59.39791	-4.06835	0
6536	6.50936	-58.58424	-62.65259	37.42882	31.73313	-52.88855	49.63387	75.67131	142.39225	74.04397	-39.86983	2.44101	0
6537	5.69569	-56.9569	-61.02525	31.73313	31.73313	-48.00653	50.44754	82.99434	148.08794	78.92599	-28.47845	5.69569	0
6538	4.88202	-60.21158	-65.0936	30.10579	34.17414	-52.88855	50.44754	82.18067	152.15629	77.29865	-28.47845	3.25468	0
6539	4.06835	-69.97562	-75.67131	33.36047	41.49717	-66.72094	50.44754	73.2303	152.96996	71.60296	-40.6835	-4.88202	0
6540	0	-81.367	-83.80801	39.05616	46.37919	-79.73966	48.8202	61.83892	151.34262	66.72094	-61.02525	-13.83239	0
6541	-4.06835	-87.87636	-87.87636	43.12451	51.26121	-87.06269	45.56552	56.14323	147.27427	61.83892	-79.73966	-20.34175	0
6542	-6.50936	-85.43535	-92.75838	37.42882	59.39791	-89.5037	42.31084	58.58424	143.20592	57.77057	-87.87636	-25.22377	0
6543	-4.88202	-74.85764	-96.01306	26.03744	65.90727	-87.06269	39.05616	65.0936	137.51023	56.14323	-84.62168	-27.66478	0
6544	2.44101	-60.21158	-90.31737	15.45973	63.46626	-81.367	36.61515	71.60296	132.62821	61.02525	-76.48498	-27.66478	0
6545	13.01872	-48.8202	-80.55333	9.76404	56.14323	-78.92599	34.98781	77.29865	130.1872	69.97562	-67.53461	-26.85111	0
6546	21.15542	-49.63387	-75.67131	12.20505	48.8202	-79.73966	34.17414	79.73966	129.37353	75.67131	-56.9569	-25.22377	0
6547	22.78276	-60.21158	-79.73966	21.15542	47.19286	-82.99434	35.80148	77.29865	129.37353	74.04397	-49.63387	-22.78276	0
6548	21.15542	-74.04397	-89.5037	30.10579	50.44754	-90.31737	38.24249	71.60296	130.1872	66.72094	-48.8202	-22.78276	0
6549	16.2734	-84.62168	-97.6404	35.80148	55.32956	-95.19939	41.49717	61.02525	132.62821	59.39791	-53.70222	-25.22377	0
6550	10.57771	-91.13104	-101.70875	39.86983	58.58424	-97.6404	43.12451	48.00653	131.81454	53.70222	-59.39791	-29.29212	0
6551	9.76404	-93.57205	-105.7771	42.31084	61.83892	-99.26774	42.31084	39.86983	129.37353	46.37919	-65.90727	-34.17414	0
6552	10.57771	-91.13104	-104.96343	42.31084	62.65259	-97.6404	39.86983	43.12451	127.74619	41.49717	-69.97562	-34.98781	0
6553	10.57771	-85.43535	-99.26774	41.49717	58.58424	-92.75838	34.17414	53.70222	127.74619	40.6835	-69.16195	-31.73313	0
6554	8.1367	-82.18067	-93.57205	42.31084	52.07488	-88.69003	28.47845	63.46626	127.74619	43.12451	-65.0936	-28.47845	0
6555	0	-79.73966	-88.69003	43.93818	44.75185	-86.24902	26.85111	70.78929	131.00087	51.26121	-58.58424	-26.03744	0
6556	-12.20505	-76.48498	-85.43535	47.19286	39.05616	-86.24902	28.47845	74.85764	133.44188	64.27993	-46.37919	-21.15542	0
6557	-23.59643	-76.48498	-80.55333	51.26121	32.5468	-85.43535	28.47845	74.04397	135.06922	73.2303	-37.42882	-18.71441	0
6558	-32.5468	-82.18067	-76.48498	55.32956	27.66478	-85.43535	23.59643	63.46626	135.06922	71.60296	-39.05616	-24.4101	0
6559	-39.05616	-87.06269	-77.29865	56.14323	29.29212	-86.24902	17.90074	52.07488	133.44188	65.0936	-48.8202	-30.91946	0
6560	-38.24249	-93.57205	-82.18067	56.14323	34.17414	-89.5037	15.45973	48.00653	135.06922	59.39791	-61.02525	-33.36047	0
6561	-35.80148	-104.96343	-86.24902	61.83892	34.98781	-96.01306	19.52808	49.63387	140.76491	58.58424	-65.0936	-34.17414	0
6562	-33.36047	-113.9138	-89.5037	67.53461	34.17414	-101.70875	26.03744	48.8202	143.20592	62.65259	-60.21158	-33.36047	0
6563	-30.10579	-119.60949	-94.38572	72.41663	34.98781	-108.21811	30.91946	43.93818	141.57858	66.72094	-51.26121	-32.5468	0
6564	-27.66478	-125.30518	-103.33609	77.29865	38.24249	-117.98215	33.36047	36.61515	138.3239	69.16195	-45.56552	-34.17414	0
6565	-30.10579	-133.44188	-109.84545	82.18067	42.31084	-125.30518	34.17414	27.66478	137.51023	70.78929	-41.49717	-35.80148	0
6566	-37.42882	-138.3239	-105.7771	86.24902	45.56552	-126.93252	34.17414	26.03744	144.01959	74.85764	-37.42882	-35.80148	0
6567	-41.49717	-138.3239	-97.6404	86.24902	43.93818	-124.49151	34.98781	35.80148	155.41097	80.55333	-31.73313	-34.98781	0
6568	-34.98781	-134.25555	-92.75838	81.367	42.31084	-118.79582	39.05616	52.88855	163.54767	84.62168	-28.47845	-32.5468	0
6569	-24.4101	-126.11885	-94.38572	78.11232	43.93818	-113.10013	43.12451	65.0936	161.10666	83.80801	-27.66478	-32.5468	0
6570	-18.71441	-117.16848	-101.70875	76.48498	42.31084	-109.03178	43.12451	67.53461	147.27427	75.67131	-29.29212	-38.24249	0
6571	-18.71441	-108.21811	-107.40444	75.67131	42.31084	-104.96343	38.24249	61.83892	130.1872	63.46626	-36.61515	-45.56552	0
6572	-14.64606	-99.26774	-108.21811	69.97562	48.00653	-100.08141	33.36047	54.51589	122.0505	56.9569	-41.49717	-46.37919	0
6573	0.81367	-91.94471	-109.03178	52.07488	59.39791	-96.01306	33.36047	52.07488	122.86417	61.83892	-35.80148	-35.80148	0
6574	17.90074	-87.87636	-104.96343	32.5468	65.90727	-91.94471	34.98781	52.88855	125.30518	74.85764	-23.59643	-21.96909	0
6575	15.45973	-86.24902	-87.87636	28.47845	61.83892	-91.13104	34.17414	55.32956	129.37353	87.87636	-11.39138	-11.39138	0
6576	-6.50936	-91.13104	-68.34828	41.49717	56.14323	-90.31737	26.85111	53.70222	131.81454	94.38572	-7.32303	-8.95037	0
6577	-27.66478	-104.14976	-64.27993	60.21158	51.26121	-94.38572	17.08707	42.31084	123.67784	88.69003	-15.45973	-18.71441	0
6578	-39.86983	-122.0505	-77.29865	76.48498	47.19286	-107.40444	9.76404	23.59643	108.21811	74.85764	-31.73313	-33.36047	0
6579	-48.8202	-136.69656	-94.38572	86.24902	45.56552	-119.60949	12.20505	8.1367	93.57205	61.02525	-45.56552	-43.12451	0
6580	-51.26121	-144.01959	-102.52242	91.94471	43.12451	-125.30518	23.59643	4.88202	88.69003	52.88855	-52.88855	-46.37919	0
6581	-49.63387	-151.34262	-104.14976	98.45407	39.86983	-127.74619	37.42882	11.39138	91.94471	50.44754	-53.70222	-43.93818	0
6582	-52.88855	-157.85198	-104.14976	104.14976	38.24249	-130.1872	48.00653	19.52808	100.08141	50.44754	-49.63387	-39.05616	0
6583	-57.77057	-152.15629	-104.96343	99.26774	39.86983	-129.37353	53.70222	26.85111	106.59077	50.44754	-40.6835	-30.91946	0
6584	-58.58424	-136.69656	-104.96343	83.80801	43.12451	-122.0505	54.51589	34.17414	106.59077	48.00653	-31.73313	-23.59643	0
6585	-54.51589	-125.30518	-104.96343	71.60296	41.49717	-114.72747	53.70222	38.24249	99.26774	43.93818	-25.22377	-20.34175	0
6586	-48.00653	-120.42316	-105.7771	67.53461	35.80148	-109.84545	54.51589	39.05616	92.75838	42.31084	-19.52808	-18.71441	0
6587	-40.6835	-117.16848	-103.33609	66.72094	30.91946	-107.40444	57.77057	36.61515	91.13104	42.31084	-13.83239	-17.08707	0
6588	-30.91946	-112.28646	-94.38572	65.0936	26.85111	-104.14976	61.02525	34.17414	95.19939	47.19286	-8.1367	-16.2734	0
6589	-21.96909	-105.7771	-78.92599	61.02525	20.34175	-99.26774	62.65259	33.36047	105.7771	58.58424	-1.62734	-11.39138	0
6590	-21.15542	-97.6404	-62.65259	57.77057	12.20505	-92.75838	60.21158	32.5468	117.98215	73.2303	4.06835	-4.88202	0
6591	-25.22377	-89.5037	-52.88855	56.14323	5.69569	-87.87636	52.88855	29.29212	118.79582	82.99434	5.69569	-1.62734	0
6592	-30.10579	-87.06269	-45.56552	57.77057	4.06835	-82.18067	42.31084	22.78276	105.7771	83.80801	0	-3.25468	0
6593	-34.98781	-91.94471	-39.86983	63.46626	6.50936	-75.67131	32.5468	13.83239	90.31737	76.48498	-7.32303	-11.39138	0
6594	-38.24249	-97.6404	-41.49717	68.34828	8.95037	-72.41663	26.03744	4.88202	79.73966	66.72094	-10.57771	-20.34175	0
6595	-35.80148	-95.19939	-45.56552	66.72094	10.57771	-69.97562	26.03744	-0.81367	78.92599	65.0936	-6.50936	-26.03744	0
6596	-24.4101	-77.29865	-47.19286	52.07488	13.01872	-62.65259	34.98781	0	89.5037	75.67131	3.25468	-27.66478	0
6597	-4.88202	-49.63387	-46.37919	29.29212	17.08707	-52.88855	50.44754	8.1367	105.7771	93.57205	17.08707	-21.15542	0
6598	11.39138	-27.66478	-40.6835	12.20505	20.34175	-38.24249	65.90727	18.71441	122.86417	108.21811	25.22377	-12.20505	0
6599	17.08707	-17.08707	-31.73313	4.06835	20.34175	-26.03744	75.67131	28.47845	133.44188	110.65912	22.78276	-6.50936	0
6600	10.57771	-18.71441	-26.85111	6.50936	17.08707	-21.96909	78.11232	34.98781	129.37353	103.33609	11.39138	-4.88202	0
6601	-2.44101	-34.98781	-29.29212	20.34175	13.83239	-26.85111	72.41663	32.5468	110.65912	88.69003	-0.81367	-11.39138	0
6602	-16.2734	-56.14323	-37.42882	37.42882	11.39138	-32.5468	61.83892	20.34175	83.80801	74.04397	-9.76404	-20.34175	0
6603	-27.66478	-69.97562	-41.49717	51.26121	8.1367	-38.24249	52.07488	4.06835	60.21158	66.72094	-10.57771	-26.03744	0
6604	-38.24249	-74.85764	-37.42882	60.21158	4.06835	-42.31084	44.75185	-10.57771	48.8202	68.34828	-3.25468	-24.4101	0
6605	-41.49717	-69.16195	-29.29212	60.21158	6.50936	-40.6835	42.31084	-15.45973	55.32956	78.11232	8.95037	-14.64606	0
6606	-26.85111	-56.14323	-19.52808	48.8202	13.01872	-34.17414	43.12451	-7.32303	76.48498	94.38572	25.22377	-0.81367	0
6607	-3.25468	-41.49717	-8.1367	36.61515	15.45973	-26.03744	43.12451	8.95037	101.70875	111.47279	39.05616	9.76404	0
6608	9.76404	-30.10579	4.88202	23.59643	8.1367	-15.45973	34.17414	28.47845	123.67784	117.98215	40.6835	11.39138	0
6609	17.08707	-18.71441	13.01872	2.44101	-0.81367	-4.06835	18.71441	41.49717	137.51023	115.54114	30.91946	4.06835	0
6610	24.4101	-3.25468	15.45973	-17.08707	-6.50936	8.95037	4.06835	43.93818	140.76491	112.28646	17.90074	-4.06835	0
6611	30.91946	15.45973	16.2734	-34.17414	-8.95037	23.59643	-6.50936	34.98781	134.25555	109.03178	9.76404	-11.39138	0
6612	36.61515	31.73313	20.34175	-47.19286	-8.95037	36.61515	-16.2734	16.2734	118.79582	104.14976	11.39138	-12.20505	0
6613	30.10579	41.49717	31.73313	-54.51589	-13.01872	46.37919	-24.4101	-1.62734	101.70875	102.52242	19.52808	-6.50936	0
6614	13.83239	43.93818	43.12451	-56.9569	-21.96909	52.07488	-30.10579	-13.83239	88.69003	104.14976	30.10579	0.81367	0
6615	7.32303	45.56552	48.8202	-57.77057	-24.4101	51.26121	-31.73313	-18.71441	82.99434	109.84545	39.86983	10.57771	0
6616	12.20505	52.07488	48.8202	-57.77057	-20.34175	48.00653	-28.47845	-20.34175	85.43535	119.60949	49.63387	19.52808	0
6617	19.52808	58.58424	44.75185	-59.39791	-10.57771	46.37919	-21.15542	-22.78276	94.38572	129.37353	56.9569	24.4101	0
6618	20.34175	64.27993	38.24249	-60.21158	-0.81367	47.19286	-13.83239	-28.47845	104.14976	133.44188	59.39791	26.85111	0
6619	13.83239	59.39791	36.61515	-52.07488	1.62734	43.12451	-12.20505	-34.17414	109.84545	129.37353	58.58424	25.22377	0
6620	1.62734	41.49717	39.86983	-31.73313	-0.81367	34.17414	-17.90074	-34.98781	109.84545	119.60949	58.58424	21.96909	0
6621	-8.95037	24.4101	45.56552	-13.01872	-10.57771	30.10579	-25.22377	-29.29212	108.21811	111.47279	56.9569	20.34175	0
6622	-15.45973	16.2734	48.8202	-0.81367	-21.96909	31.73313	-30.91946	-23.59643	106.59077	104.14976	53.70222	18.71441	0
6623	-16.2734	13.83239	46.37919	2.44101	-26.85111	32.5468	-35.80148	-21.96909	102.52242	99.26774	50.44754	17.90074	0
6624	-13.01872	13.01872	35.80148	0.81367	-22.78276	28.47845	-37.42882	-23.59643	96.01306	94.38572	49.63387	16.2734	0
6625	-8.1367	11.39138	19.52808	-2.44101	-12.20505	19.52808	-35.80148	-27.66478	87.87636	91.94471	52.07488	13.83239	0
6626	-3.25468	4.06835	0.81367	-3.25468	0	5.69569	-31.73313	-30.91946	78.92599	90.31737	52.88855	14.64606	0
6627	0	-13.83239	-21.15542	4.06835	12.20505	-15.45973	-28.47845	-34.17414	70.78929	87.06269	47.19286	15.45973	0
6628	4.06835	-42.31084	-52.88855	17.08707	29.29212	-46.37919	-26.85111	-34.17414	64.27993	82.99434	37.42882	12.20505	0
6629	9.76404	-69.97562	-84.62168	28.47845	48.8202	-76.48498	-24.4101	-30.10579	63.46626	80.55333	26.85111	5.69569	0
6630	9.76404	-87.87636	-101.70875	36.61515	61.83892	-94.38572	-17.90074	-21.15542	69.97562	82.18067	22.78276	3.25468	0
6631	8.1367	-94.38572	-104.14976	40.6835	70.78929	-98.45407	-9.76404	-13.01872	76.48498	84.62168	24.4101	3.25468	0
6632	16.2734	-90.31737	-101.70875	39.86983	77.29865	-94.38572	-4.06835	-9.76404	75.67131	83.80801	26.03744	4.06835	0
6633	34.98781	-84.62168	-100.89508	36.61515	82.99434	-84.62168	-2.44101	-8.95037	67.53461	78.11232	25.22377	0.81367	0
6634	44.75185	-81.367	-96.01306	33.36047	78.92599	-74.85764	-2.44101	-13.83239	58.58424	67.53461	20.34175	-5.69569	0
6635	32.5468	-82.18067	-83.80801	35.80148	61.83892	-69.16195	-3.25468	-23.59643	54.51589	54.51589	13.01872	-15.45973	0
6636	8.1367	-84.62168	-73.2303	42.31084	42.31084	-67.53461	-3.25468	-30.10579	60.21158	44.75185	8.1367	-21.96909	0
6637	-15.45973	-87.87636	-69.16195	49.63387	30.10579	-71.60296	-0.81367	-32.5468	68.34828	36.61515	4.06835	-26.85111	0
6638	-34.17414	-104.14976	-74.04397	65.0936	22.78276	-85.43535	2.44101	-34.17414	71.60296	27.66478	-0.81367	-34.17414	0
6639	-43.12451	-133.44188	-87.87636	88.69003	20.34175	-109.84545	4.06835	-36.61515	67.53461	17.08707	-7.32303	-45.56552	0
6640	-50.44754	-164.36134	-105.7771	110.65912	21.96909	-133.44188	4.88202	-38.24249	61.02525	7.32303	-9.76404	-57.77057	0
6641	-57.77057	-184.70309	-120.42316	124.49151	24.4101	-148.08794	5.69569	-40.6835	54.51589	0.81367	-11.39138	-65.0936	0
6642	-61.83892	-192.02612	-127.74619	124.49151	26.85111	-153.78363	6.50936	-42.31084	47.19286	-3.25468	-16.2734	-67.53461	0
6643	-61.02525	-188.77144	-128.55986	113.10013	29.29212	-154.5973	7.32303	-44.75185	38.24249	-7.32303	-23.59643	-68.34828	0
6644	-56.14323	-173.31171	-121.23683	97.6404	30.91946	-145.64693	8.95037	-47.19286	31.73313	-6.50936	-24.4101	-64.27993	0
6645	-52.07488	-152.96996	-107.40444	87.06269	28.47845	-130.1872	13.01872	-45.56552	26.85111	-1.62734	-16.2734	-55.32956	0
6646	-53.70222	-139.95124	-93.57205	85.43535	21.96909	-116.35481	17.08707	-37.42882	27.66478	4.88202	-4.88202	-45.56552	0
6647	-51.26121	-133.44188	-87.87636	86.24902	19.52808	-109.84545	19.52808	-21.96909	36.61515	13.01872	4.06835	-39.86983	0
6648	-41.49717	-130.1872	-91.13104	83.80801	26.03744	-109.84545	21.15542	-3.25468	50.44754	20.34175	9.76404	-38.24249	0
6649	-31.73313	-131.00087	-100.89508	81.367	33.36047	-115.54114	23.59643	9.76404	62.65259	25.22377	10.57771	-40.6835	0
6650	-26.03744	-136.69656	-112.28646	80.55333	38.24249	-123.67784	30.10579	17.08707	71.60296	30.91946	10.57771	-43.12451	0
6651	-24.4101	-142.39225	-117.98215	82.18067	39.86983	-129.37353	37.42882	17.90074	74.04397	34.17414	12.20505	-43.12451	0
6652	-26.03744	-147.27427	-119.60949	85.43535	40.6835	-133.44188	41.49717	10.57771	69.97562	32.5468	17.08707	-41.49717	0
6653	-31.73313	-152.15629	-122.86417	92.75838	40.6835	-140.76491	38.24249	-4.06835	61.02525	26.03744	17.90074	-42.31084	0
6654	-38.24249	-157.85198	-130.1872	103.33609	43.12451	-150.52895	28.47845	-19.52808	52.88855	16.2734	13.83239	-46.37919	0
6655	-40.6835	-165.17501	-137.51023	110.65912	46.37919	-158.66565	16.2734	-29.29212	48.8202	9.76404	5.69569	-51.26121	0
6656	-39.05616	-168.42969	-139.13757	110.65912	48.00653	-161.92033	7.32303	-28.47845	51.26121	9.76404	0	-53.70222	0
6657	-37.42882	-162.734	-131.00087	104.14976	45.56552	-157.85198	4.88202	-17.90074	58.58424	14.64606	0	-52.07488	0
6658	-33.36047	-150.52895	-119.60949	94.38572	42.31084	-148.08794	7.32303	-4.06835	67.53461	20.34175	4.88202	-49.63387	0
6659	-26.03744	-140.76491	-115.54114	83.80801	39.86983	-137.51023	12.20505	5.69569	75.67131	22.78276	4.06835	-53.70222	0
6660	-13.83239	-133.44188	-119.60949	72.41663	38.24249	-131.81454	19.52808	8.1367	82.99434	21.15542	-0.81367	-61.02525	0
6661	-8.1367	-133.44188	-124.49151	68.34828	38.24249	-131.81454	27.66478	2.44101	88.69003	17.08707	-7.32303	-68.34828	0
6662	-19.52808	-150.52895	-130.1872	82.18067	38.24249	-135.88289	32.5468	-7.32303	83.80801	8.95037	-13.01872	-73.2303	0
6663	-36.61515	-178.19373	-139.13757	104.14976	40.6835	-141.57858	31.73313	-23.59643	64.27993	-0.81367	-16.2734	-72.41663	0
6664	-48.00653	-200.97649	-146.4606	121.23683	43.12451	-148.90161	26.03744	-45.56552	30.91946	-8.95037	-13.83239	-65.0936	0
6665	-61.02525	-213.18154	-143.20592	133.44188	38.24249	-155.41097	15.45973	-80.55333	-19.52808	-19.52808	-11.39138	-56.14323	0
6666	-78.11232	-218.06356	-132.62821	145.64693	26.03744	-158.66565	-0.81367	-134.25555	-94.38572	-41.49717	-17.08707	-49.63387	0
6667	-84.62168	-204.23117	-113.9138	144.01959	13.83239	-149.71528	-21.96909	-207.48585	-190.39878	-72.41663	-26.03744	-39.86983	0
6668	-69.16195	-157.03831	-84.62168	113.10013	4.06835	-116.35481	-43.93818	-296.17588	-300.24423	-108.21811	-28.47845	-23.59643	0
6669	-41.49717	-91.13104	-48.00653	65.90727	-6.50936	-68.34828	-74.85764	-397.88463	-424.73574	-153.78363	-28.47845	-1.62734	0
6670	-23.59643	-32.5468	-8.95037	26.85111	-19.52808	-21.15542	-118.79582	-508.54375	-563.87331	-213.18154	-28.47845	21.96909	0
6671	-9.76404	22.78276	32.5468	-8.1367	-30.91946	26.85111	-165.98868	-613.50718	-705.45189	-274.20679	-18.71441	53.70222	0
6672	6.50936	93.57205	86.24902	-52.07488	-45.56552	88.69003	-204.23117	-706.26556	-836.45276	-319.77231	9.76404	100.89508	0
6673	21.96909	178.19373	155.41097	-101.70875	-69.97562	165.17501	-231.08228	-788.44623	-956.06225	-345.80975	64.27993	169.24336	0
6674	35.80148	278.27514	241.65999	-157.03831	-104.14976	257.93339	-249.79669	-877.13626	-1076.48541	-359.64214	139.95124	253.86504	0
6675	52.88855	396.25729	342.55507	-223.75925	-144.83326	367.77884	-274.20679	-997.55942	-1214.80931	-364.52416	225.38659	344.99608	0
6676	74.04397	527.25816	453.21419	-299.43056	-189.58511	489.82934	-313.26295	-1161.92076	-1375.1023	-363.71049	307.56726	432.05877	0
6677	91.13104	661.51371	571.19634	-375.10187	-240.03265	617.57553	-368.59251	-1352.31954	-1542.71832	-357.20113	383.23857	510.98476	0
6678	98.45407	780.30953	683.4828	-437.75446	-292.9212	733.11667	-441.00914	-1524.00391	-1684.2969	-336.04571	456.46887	584.21506	0
6679	100.89508	871.44057	773.80017	-484.94732	-337.67305	823.43404	-516.68045	-1644.42707	-1776.24161	-295.36221	520.7488	647.68132	0
6680	102.52242	937.34784	838.89377	-519.12146	-368.59251	889.34131	-574.45102	-1714.40269	-1821.80713	-249.79669	552.48193	685.11014	0
6681	93.57205	939.78885	849.47148	-516.68045	-377.54288	895.037	-611.06617	-1731.48976	-1816.92511	-215.62255	528.07183	671.27775	0
6682	63.46626	829.9434	768.91815	-447.5185	-352.31911	799.02394	-621.64388	-1685.11057	-1745.32215	-200.16282	444.26382	600.48846	0
6683	24.4101	619.20287	603.74314	-318.95864	-292.10753	609.43883	-599.67479	-1585.02916	-1620.01697	-212.36787	304.31258	481.69264	0
6684	-4.88202	351.50544	379.98389	-161.10666	-204.23117	363.71049	-558.99129	-1450.77361	-1480.06573	-274.20679	117.16848	328.72268	0
6685	-20.34175	81.367	134.25555	-13.01872	-93.57205	106.59077	-523.18981	-1308.38136	-1373.47496	-405.20766	-98.45407	165.17501	0
6686	-26.03744	-144.01959	-91.13104	100.08141	17.90074	-117.98215	-511.79843	-1179.8215	-1323.84109	-600.48846	-312.44928	16.2734	0
6687	-28.47845	-314.07662	-266.88376	181.44841	109.03178	-289.66652	-521.56247	-1065.9077	-1314.89072	-801.46495	-482.50631	-98.45407	0
6688	-37.42882	-434.49978	-388.12059	241.65999	169.24336	-410.08968	-532.95385	-949.55289	-1305.12668	-944.67087	-579.33304	-174.12538	0
6689	-48.8202	-517.49412	-464.60557	284.7845	201.79016	-489.82934	-528.07183	-816.11101	-1259.56116	-1021.15585	-613.50718	-210.74053	0
6690	-54.51589	-566.31432	-511.79843	311.63561	216.43622	-537.83587	-499.59338	-663.14105	-1160.29342	-1030.91989	-602.1158	-219.6909	0
6691	-52.07488	-582.58772	-531.32651	323.84066	223.75925	-556.55028	-449.95951	-502.03439	-1012.20548	-975.59033	-558.17762	-213.99521	0
6692	-49.63387	-576.89203	-521.56247	325.468	219.6909	-549.22725	-387.30692	-354.76012	-841.33478	-877.13626	-499.59338	-205.04484	0
6693	-43.93818	-553.2956	-489.82934	317.3313	204.23117	-523.18981	-318.14497	-233.52329	-672.09142	-759.15411	-436.94079	-196.09447	0
6694	-34.17414	-511.79843	-455.6552	292.10753	190.39878	-483.31998	-248.98302	-137.51023	-515.05311	-636.28994	-371.84719	-183.88942	0
6695	-21.15542	-463.7919	-432.87244	257.93339	185.51676	-444.26382	-187.95777	-66.72094	-379.17022	-520.7488	-307.56726	-170.8707	0
6696	-8.1367	-427.17675	-421.48106	227.8276	186.33043	-419.04005	-139.13757	-17.08707	-266.88376	-419.85372	-253.05137	-160.29299	0
6697	1.62734	-406.835	-415.78537	207.48585	188.77144	-407.64867	-101.70875	18.71441	-174.12538	-337.67305	-213.18154	-150.52895	0
6698	5.69569	-393.00261	-405.20766	194.46713	188.77144	-397.07096	-69.97562	46.37919	-98.45407	-269.32477	-181.44841	-138.3239	0
6699	2.44101	-371.84719	-379.17022	183.88942	179.82107	-374.2882	-38.24249	66.72094	-39.05616	-209.11319	-150.52895	-121.23683	0
6700	-4.88202	-343.36874	-340.92773	171.68437	163.54767	-340.92773	-8.1367	82.18067	4.88202	-155.41097	-117.98215	-100.89508	0
6701	-12.20505	-310.00827	-297.80322	157.85198	142.39225	-303.49891	17.90074	94.38572	40.6835	-108.21811	-82.99434	-81.367	0
6702	-16.2734	-269.32477	-252.2377	139.95124	118.79582	-261.18807	39.86983	108.21811	69.97562	-68.34828	-50.44754	-63.46626	0
6703	-17.08707	-222.94558	-207.48585	116.35481	98.45407	-217.24989	53.70222	119.60949	96.01306	-36.61515	-24.4101	-48.8202	0
6704	-13.83239	-179.0074	-173.31171	91.94471	85.43535	-178.19373	59.39791	126.11885	123.67784	-13.01872	-4.06835	-39.86983	0
6705	-8.95037	-152.15629	-153.78363	74.85764	78.92599	-153.78363	61.83892	131.00087	151.34262	4.06835	8.1367	-39.86983	0
6706	-7.32303	-143.20592	-144.83326	71.60296	74.04397	-144.01959	61.02525	138.3239	173.31171	15.45973	13.83239	-42.31084	0
6707	-9.76404	-143.20592	-139.95124	75.67131	67.53461	-139.95124	60.21158	148.90161	192.02612	24.4101	16.2734	-43.93818	0
6708	-18.71441	-145.64693	-133.44188	84.62168	57.77057	-134.25555	63.46626	161.10666	207.48585	33.36047	19.52808	-42.31084	0
6709	-33.36047	-149.71528	-123.67784	95.19939	44.75185	-126.93252	72.41663	170.05703	217.24989	41.49717	22.78276	-38.24249	0
6710	-44.75185	-154.5973	-115.54114	101.70875	35.80148	-117.98215	79.73966	174.93905	222.13191	47.19286	23.59643	-31.73313	0
6711	-44.75185	-152.15629	-113.10013	96.01306	34.17414	-111.47279	82.99434	177.38006	223.75925	49.63387	25.22377	-25.22377	0
6712	-35.80148	-136.69656	-114.72747	78.92599	37.42882	-107.40444	85.43535	177.38006	218.06356	49.63387	27.66478	-21.15542	0
6713	-19.52808	-120.42316	-117.98215	60.21158	47.19286	-107.40444	86.24902	174.12538	208.29952	49.63387	30.91946	-21.15542	0
6714	-7.32303	-113.9138	-119.60949	52.88855	53.70222	-111.47279	86.24902	169.24336	196.90814	48.00653	31.73313	-25.22377	0
6715	-5.69569	-117.98215	-120.42316	55.32956	56.14323	-117.98215	88.69003	169.24336	193.65346	46.37919	34.98781	-32.5468	0
6716	-9.76404	-126.93252	-121.23683	61.83892	55.32956	-123.67784	92.75838	174.93905	200.97649	47.19286	43.93818	-39.05616	0
6717	-17.90074	-132.62821	-119.60949	69.97562	51.26121	-126.93252	96.01306	178.19373	213.18154	53.70222	53.70222	-39.86983	0
6718	-21.15542	-131.81454	-117.98215	75.67131	48.8202	-128.55986	101.70875	176.56639	222.94558	62.65259	58.58424	-34.98781	0
6719	-21.15542	-126.93252	-122.0505	73.2303	48.8202	-129.37353	107.40444	173.31171	229.45494	70.78929	61.83892	-30.10579	0
6720	-18.71441	-122.0505	-127.74619	61.02525	51.26121	-126.93252	111.47279	170.8707	234.33696	75.67131	62.65259	-24.4101	0
6721	-11.39138	-116.35481	-130.1872	49.63387	54.51589	-123.67784	114.72747	170.8707	236.77797	75.67131	61.02525	-18.71441	0
6722	-8.95037	-111.47279	-126.93252	49.63387	54.51589	-122.0505	116.35481	170.05703	236.77797	72.41663	55.32956	-15.45973	0
6723	-10.57771	-109.84545	-120.42316	56.14323	52.07488	-120.42316	115.54114	166.80235	231.89595	69.16195	51.26121	-13.01872	0
6724	-8.95037	-107.40444	-112.28646	58.58424	48.8202	-115.54114	110.65912	164.36134	227.01393	69.16195	50.44754	-11.39138	0
6725	-7.32303	-100.89508	-100.08141	56.9569	44.75185	-104.14976	104.96343	165.17501	223.75925	71.60296	50.44754	-12.20505	0
6726	-7.32303	-91.94471	-82.99434	51.26121	36.61515	-87.06269	104.14976	171.68437	228.64127	75.67131	50.44754	-13.83239	0
6727	-12.20505	-86.24902	-63.46626	48.00653	24.4101	-69.97562	110.65912	183.88942	242.47366	83.80801	52.88855	-13.01872	0
6728	-19.52808	-84.62168	-49.63387	48.00653	13.83239	-60.21158	120.42316	197.72181	262.00174	93.57205	56.9569	-9.76404	0
6729	-22.78276	-87.06269	-51.26121	50.44754	13.83239	-61.83892	128.55986	208.29952	279.08881	102.52242	62.65259	-5.69569	0
6730	-21.15542	-91.94471	-61.83892	52.07488	21.15542	-71.60296	135.06922	211.5542	285.59817	106.59077	65.90727	-3.25468	0
6731	-16.2734	-96.82673	-73.2303	53.70222	28.47845	-82.18067	138.3239	208.29952	276.6478	106.59077	61.83892	-0.81367	0
6732	-11.39138	-102.52242	-82.99434	56.9569	34.17414	-92.75838	135.88289	203.4175	259.56073	100.08141	56.14323	-2.44101	0
6733	-4.06835	-100.08141	-87.06269	57.77057	38.24249	-94.38572	128.55986	200.97649	244.101	92.75838	56.14323	-5.69569	0
6734	2.44101	-87.06269	-85.43535	57.77057	39.86983	-87.06269	118.79582	200.16282	237.59164	90.31737	61.02525	-8.95037	0
6735	5.69569	-75.67131	-87.06269	56.14323	40.6835	-78.92599	111.47279	199.34915	235.9643	91.13104	65.90727	-12.20505	0
6736	0	-74.85764	-88.69003	58.58424	38.24249	-76.48498	109.03178	200.16282	240.03265	90.31737	66.72094	-13.83239	0
6737	-10.57771	-82.18067	-87.87636	63.46626	33.36047	-79.73966	111.47279	206.67218	247.35568	88.69003	65.90727	-11.39138	0
6738	-13.83239	-80.55333	-79.73966	58.58424	29.29212	-80.55333	117.16848	214.80888	253.86504	87.87636	65.0936	-7.32303	0
6739	-2.44101	-63.46626	-67.53461	42.31084	30.91946	-78.11232	121.23683	222.94558	257.93339	89.5037	65.90727	-2.44101	0
6740	13.01872	-45.56552	-61.83892	27.66478	37.42882	-71.60296	121.23683	227.8276	261.18807	91.94471	64.27993	1.62734	0
6741	22.78276	-38.24249	-61.02525	20.34175	43.12451	-65.90727	119.60949	229.45494	264.44275	94.38572	63.46626	7.32303	0
6742	23.59643	-39.05616	-61.02525	17.08707	43.93818	-61.83892	117.98215	225.38659	268.5111	98.45407	65.90727	12.20505	0
6743	16.2734	-43.93818	-57.77057	19.52808	38.24249	-58.58424	115.54114	219.6909	276.6478	102.52242	70.78929	14.64606	0
6744	0.81367	-50.44754	-49.63387	26.03744	25.22377	-53.70222	113.9138	217.24989	286.41184	106.59077	77.29865	14.64606	0
6745	-11.39138	-51.26121	-39.86983	28.47845	12.20505	-49.63387	113.10013	220.50457	295.36221	115.54114	88.69003	13.01872	0
6746	-15.45973	-43.93818	-32.5468	24.4101	3.25468	-47.19286	109.84545	229.45494	305.93992	126.11885	100.08141	13.01872	0
6747	-15.45973	-39.05616	-26.03744	26.03744	-3.25468	-44.75185	106.59077	241.65999	313.26295	131.81454	103.33609	8.1367	0
6748	-16.2734	-44.75185	-21.96909	38.24249	-10.57771	-45.56552	103.33609	250.61036	314.07662	125.30518	94.38572	-3.25468	0
6749	-21.15542	-49.63387	-25.22377	52.88855	-12.20505	-51.26121	98.45407	256.30605	311.63561	113.10013	78.11232	-16.2734	0
6750	-21.96909	-52.07488	-31.73313	54.51589	-4.06835	-55.32956	97.6404	262.81541	309.1946	102.52242	65.90727	-21.15542	0
6751	-6.50936	-43.12451	-36.61515	37.42882	8.95037	-52.07488	107.40444	273.39312	305.12625	99.26774	66.72094	-15.45973	0
6752	17.08707	-25.22377	-39.05616	10.57771	20.34175	-41.49717	120.42316	282.34349	299.43056	101.70875	76.48498	-1.62734	0
6753	36.61515	-8.1367	-40.6835	-10.57771	29.29212	-30.91946	126.93252	283.97083	290.48019	102.52242	82.99434	12.20505	0
6754	43.12451	0.81367	-37.42882	-23.59643	32.5468	-21.96909	124.49151	283.15716	282.34349	102.52242	85.43535	26.03744	0
6755	33.36047	3.25468	-26.03744	-27.66478	24.4101	-12.20505	119.60949	283.97083	278.27514	104.14976	91.13104	36.61515	0
6756	16.2734	8.95037	-8.1367	-25.22377	6.50936	3.25468	118.79582	291.29386	283.15716	112.28646	99.26774	47.19286	0
6757	0	20.34175	8.95037	-20.34175	-13.01872	24.4101	124.49151	305.12625	293.73487	119.60949	104.14976	54.51589	0
6758	-8.95037	34.17414	27.66478	-17.90074	-29.29212	43.12451	133.44188	315.70396	305.12625	124.49151	104.96343	56.9569	0
6759	-4.88202	47.19286	39.86983	-21.15542	-30.91946	54.51589	140.76491	316.51763	314.89029	126.11885	104.14976	56.9569	0
6760	15.45973	57.77057	39.05616	-28.47845	-15.45973	57.77057	144.83326	310.82194	323.02699	125.30518	102.52242	56.9569	0
6761	39.86983	65.90727	30.10579	-40.6835	3.25468	55.32956	144.01959	307.56726	326.28167	122.86417	102.52242	58.58424	0
6762	41.49717	71.60296	36.61515	-52.07488	2.44101	57.77057	140.76491	310.00827	324.65433	122.0505	105.7771	61.83892	0
6763	19.52808	78.92599	65.90727	-60.21158	-21.96909	73.2303	135.06922	316.51763	319.77231	122.0505	111.47279	68.34828	0
6764	-4.06835	92.75838	101.70875	-63.46626	-52.07488	96.01306	126.93252	327.90901	315.70396	122.86417	118.79582	79.73966	0
6765	-13.01872	109.03178	125.30518	-65.0936	-68.34828	116.35481	117.16848	340.92773	315.70396	121.23683	122.86417	94.38572	0
6766	-8.95037	122.0505	134.25555	-67.53461	-71.60296	127.74619	106.59077	356.38746	318.95864	121.23683	127.74619	105.7771	0
6767	4.06835	131.00087	130.1872	-72.41663	-63.46626	131.81454	96.82673	368.59251	322.21332	122.86417	132.62821	109.84545	0
6768	29.29212	142.39225	115.54114	-87.06269	-43.12451	130.1872	87.06269	374.2882	322.21332	120.42316	134.25555	104.96343	0
6769	61.83892	156.22464	99.26774	-108.21811	-17.08707	126.93252	79.73966	371.84719	318.14497	115.54114	133.44188	96.01306	0
6770	91.94471	168.42969	90.31737	-131.00087	7.32303	124.49151	74.85764	362.08315	310.00827	110.65912	132.62821	86.24902	0
6771	113.10013	182.26208	87.06269	-148.90161	21.96909	126.93252	71.60296	355.57379	302.68524	103.33609	129.37353	79.73966	0
6772	122.0505	197.72181	91.94471	-162.734	22.78276	137.51023	72.41663	357.20113	297.80322	96.82673	126.11885	82.18067	0
6773	114.72747	209.92686	105.7771	-167.61602	8.95037	152.15629	74.04397	365.33783	293.73487	95.19939	128.55986	91.94471	0
6774	96.82673	219.6909	130.1872	-164.36134	-13.83239	171.68437	74.85764	371.84719	291.29386	96.82673	135.88289	105.7771	0
6775	74.85764	232.70962	161.92033	-157.85198	-42.31084	196.09447	76.48498	374.2882	290.48019	97.6404	146.4606	120.42316	0
6776	52.07488	244.91467	192.02612	-150.52895	-67.53461	219.6909	77.29865	370.21985	292.10753	100.08141	155.41097	132.62821	0
6777	28.47845	251.42403	213.99521	-141.57858	-86.24902	235.9643	79.73966	365.33783	292.9212	101.70875	159.47932	142.39225	0
6778	11.39138	254.67871	231.08228	-137.51023	-101.70875	246.54201	82.18067	363.71049	289.66652	98.45407	157.85198	148.90161	0
6779	5.69569	258.74706	242.47366	-139.13757	-111.47279	253.86504	82.18067	366.1515	279.08881	88.69003	150.52895	153.78363	0
6780	5.69569	263.62908	247.35568	-144.01959	-113.9138	258.74706	73.2303	365.33783	255.49238	75.67131	136.69656	158.66565	0
6781	5.69569	270.13844	249.79669	-149.71528	-113.10013	261.18807	54.51589	356.38746	219.6909	61.83892	122.86417	163.54767	0
6782	10.57771	275.02046	248.98302	-154.5973	-109.84545	261.18807	32.5468	344.99608	182.26208	47.19286	114.72747	165.17501	0
6783	29.29212	287.22551	247.35568	-166.80235	-101.70875	265.25642	15.45973	336.04571	155.41097	30.91946	116.35481	167.61602	0
6784	54.51589	311.63561	251.42403	-187.1441	-94.38572	279.90248	7.32303	328.72268	141.57858	17.08707	125.30518	174.12538	0
6785	76.48498	336.85938	266.88376	-204.23117	-96.82673	301.0579	6.50936	318.14497	135.88289	8.1367	135.06922	182.26208	0
6786	90.31737	353.13278	289.66652	-208.29952	-109.84545	322.21332	11.39138	301.87157	132.62821	5.69569	138.3239	185.51676	0
6787	93.57205	362.89682	310.00827	-206.67218	-121.23683	340.11406	21.15542	285.59817	130.1872	8.1367	140.76491	188.77144	0
6788	90.31737	369.40618	326.28167	-202.60383	-127.74619	358.0148	31.73313	275.02046	126.11885	9.76404	143.20592	193.65346	0
6789	78.11232	378.35655	341.7414	-198.53548	-137.51023	372.66086	39.05616	270.13844	115.54114	2.44101	146.4606	197.72181	0
6790	56.14323	393.00261	358.0148	-197.72181	-152.96996	382.4249	42.31084	267.69743	100.08141	-11.39138	148.90161	199.34915	0
6791	34.98781	407.64867	375.91554	-198.53548	-170.05703	392.18894	36.61515	263.62908	82.99434	-29.29212	148.90161	204.23117	0
6792	21.96909	419.04005	393.00261	-200.16282	-183.88942	402.76665	22.78276	253.05137	64.27993	-48.00653	145.64693	209.11319	0
6793	13.01872	422.29473	403.58032	-200.16282	-193.65346	408.46234	6.50936	233.52329	35.80148	-67.53461	136.69656	209.92686	0
6794	7.32303	421.48106	406.02133	-202.60383	-200.16282	408.46234	-8.1367	208.29952	0	-85.43535	122.86417	205.04484	0
6795	8.1367	420.66739	398.6983	-207.48585	-200.16282	402.76665	-21.15542	184.70309	-34.98781	-97.6404	109.84545	198.53548	0
6796	15.45973	416.59904	385.67958	-212.36787	-192.83979	394.62995	-30.91946	167.61602	-65.0936	-103.33609	102.52242	194.46713	0
6797	23.59643	410.90335	375.91554	-214.80888	-183.07575	388.93426	-39.05616	156.22464	-88.69003	-108.21811	100.08141	194.46713	0
6798	26.03744	407.64867	373.47453	-214.80888	-178.19373	388.12059	-48.00653	145.64693	-108.21811	-113.9138	98.45407	195.2808	0
6799	25.22377	407.64867	375.91554	-211.5542	-178.19373	389.74793	-60.21158	126.93252	-127.74619	-125.30518	91.94471	192.83979	0
6800	25.22377	411.71702	379.17022	-212.36787	-177.38006	391.37527	-71.60296	97.6404	-145.64693	-139.13757	80.55333	190.39878	0
6801	22.78276	415.78537	383.23857	-219.6909	-179.82107	390.5616	-78.11232	63.46626	-161.92033	-152.15629	70.78929	190.39878	0
6802	17.08707	414.15803	387.30692	-222.94558	-183.88942	388.93426	-78.92599	30.91946	-178.19373	-166.80235	66.72094	193.65346	0
6803	10.57771	402.76665	385.67958	-213.99521	-186.33043	384.05224	-76.48498	5.69569	-195.2808	-182.26208	65.90727	195.2808	0
6804	8.1367	384.86591	375.91554	-201.79016	-182.26208	372.66086	-77.29865	-13.01872	-213.18154	-196.09447	64.27993	195.2808	0
6805	16.2734	369.40618	360.45581	-195.2808	-168.42969	358.82847	-82.99434	-30.91946	-231.89595	-204.23117	60.21158	192.02612	0
6806	26.03744	359.64214	344.99608	-192.83979	-153.78363	347.43709	-88.69003	-45.56552	-244.91467	-207.48585	55.32956	187.95777	0
6807	30.91946	355.57379	335.23204	-192.02612	-144.01959	343.36874	-90.31737	-54.51589	-250.61036	-205.85851	51.26121	183.07575	0
6808	28.47845	351.50544	331.16369	-187.95777	-144.01959	340.92773	-83.80801	-56.14323	-253.05137	-202.60383	46.37919	176.56639	0
6809	15.45973	338.48672	327.90901	-175.75272	-150.52895	334.41837	-70.78929	-52.07488	-252.2377	-200.16282	40.6835	169.24336	0
6810	0	319.77231	323.02699	-160.29299	-158.66565	323.02699	-55.32956	-47.19286	-251.42403	-197.72181	38.24249	161.92033	0
6811	-13.83239	299.43056	315.70396	-144.01959	-162.734	308.38093	-43.93818	-45.56552	-250.61036	-197.72181	34.98781	155.41097	0
6812	-21.96909	280.71615	305.12625	-131.00087	-162.734	292.9212	-38.24249	-48.8202	-250.61036	-198.53548	30.10579	149.71528	0
6813	-25.22377	266.07009	292.9212	-122.0505	-158.66565	279.08881	-38.24249	-54.51589	-251.42403	-196.09447	25.22377	146.4606	0
6814	-24.4101	254.67871	276.6478	-117.98215	-148.90161	265.25642	-37.42882	-57.77057	-252.2377	-192.02612	21.15542	148.08794	0
6815	-18.71441	240.84632	259.56073	-114.72747	-136.69656	251.42403	-33.36047	-62.65259	-245.72834	-186.33043	16.2734	151.34262	0
6816	-11.39138	223.75925	238.40531	-113.9138	-121.23683	236.77797	-30.10579	-75.67131	-235.15063	-177.38006	11.39138	146.4606	0
6817	-5.69569	208.29952	211.5542	-113.9138	-100.08141	217.24989	-29.29212	-93.57205	-225.38659	-165.98868	8.1367	131.81454	0
6818	-5.69569	194.46713	185.51676	-111.47279	-82.18067	196.90814	-26.85111	-104.14976	-211.5542	-153.78363	4.88202	113.9138	0
6819	-7.32303	177.38006	169.24336	-99.26774	-77.29865	178.19373	-22.78276	-100.08141	-192.02612	-140.76491	2.44101	97.6404	0
6820	-8.1367	154.5973	160.29299	-78.92599	-80.55333	160.29299	-17.08707	-86.24902	-171.68437	-131.00087	-2.44101	87.87636	0
6821	-9.76404	133.44188	151.34262	-61.02525	-82.99434	144.01959	-9.76404	-70.78929	-152.96996	-121.23683	-5.69569	84.62168	0
6822	-4.88202	118.79582	135.88289	-53.70222	-74.85764	129.37353	-4.06835	-58.58424	-135.88289	-109.84545	-1.62734	84.62168	0
6823	6.50936	107.40444	110.65912	-53.70222	-55.32956	115.54114	0	-52.88855	-118.79582	-96.82673	4.88202	84.62168	0
6824	20.34175	97.6404	81.367	-56.9569	-33.36047	99.26774	0	-50.44754	-104.14976	-82.99434	8.95037	81.367	0
6825	32.5468	95.19939	57.77057	-62.65259	-17.08707	88.69003	0	-46.37919	-91.13104	-65.90727	12.20505	78.92599	0
6826	37.42882	95.19939	48.00653	-68.34828	-9.76404	82.99434	-0.81367	-39.86983	-77.29865	-47.19286	17.08707	80.55333	0
6827	31.73313	79.73966	40.6835	-63.46626	-8.1367	69.16195	-4.88202	-35.80148	-63.46626	-36.61515	19.52808	80.55333	0
6828	13.83239	53.70222	29.29212	-47.19286	-7.32303	46.37919	-13.83239	-34.98781	-49.63387	-33.36047	16.2734	74.85764	0
6829	-6.50936	30.10579	16.2734	-30.10579	-4.06835	26.03744	-21.15542	-33.36047	-39.05616	-31.73313	13.01872	68.34828	0
6830	-23.59643	8.95037	8.1367	-12.20505	-4.06835	9.76404	-25.22377	-30.10579	-29.29212	-27.66478	10.57771	57.77057	0
6831	-37.42882	-10.57771	4.88202	9.76404	-10.57771	-0.81367	-24.4101	-29.29212	-21.15542	-26.85111	6.50936	43.12451	0
6832	-46.37919	-23.59643	3.25468	29.29212	-17.90074	-7.32303	-18.71441	-30.10579	-17.08707	-28.47845	0	30.91946	0
6833	-48.8202	-31.73313	2.44101	41.49717	-21.96909	-12.20505	-8.95037	-32.5468	-16.2734	-31.73313	-4.88202	21.96909	0
6834	-43.12451	-34.17414	1.62734	43.12451	-21.15542	-13.83239	1.62734	-30.91946	-16.2734	-34.98781	-9.76404	16.2734	0
6835	-30.10579	-27.66478	0	33.36047	-13.83239	-12.20505	11.39138	-21.15542	-13.83239	-34.98781	-13.01872	17.08707	0
6836	-14.64606	-17.90074	-1.62734	20.34175	-5.69569	-8.1367	17.90074	-4.88202	-5.69569	-30.10579	-12.20505	21.15542	0
6837	-10.57771	-21.96909	-6.50936	11.39138	-1.62734	-12.20505	21.15542	5.69569	4.88202	-24.4101	-9.76404	23.59643	0
6838	-21.15542	-43.93818	-17.90074	8.1367	-2.44101	-30.10579	24.4101	9.76404	17.08707	-19.52808	-7.32303	25.22377	0
6839	-25.22377	-65.90727	-37.42882	10.57771	4.88202	-50.44754	28.47845	8.95037	26.03744	-10.57771	-0.81367	30.91946	0
6840	-17.08707	-74.85764	-55.32956	14.64606	17.90074	-64.27993	30.91946	5.69569	32.5468	0	4.88202	37.42882	0
6841	-10.57771	-77.29865	-64.27993	21.96909	26.03744	-69.97562	31.73313	4.06835	38.24249	9.76404	9.76404	38.24249	0
6842	-8.95037	-74.04397	-64.27993	29.29212	26.03744	-68.34828	30.10579	5.69569	42.31084	15.45973	13.01872	35.80148	0
6843	-6.50936	-67.53461	-64.27993	32.5468	25.22377	-64.27993	26.03744	5.69569	43.93818	18.71441	14.64606	32.5468	0
6844	1.62734	-62.65259	-69.97562	30.10579	30.91946	-63.46626	21.15542	0.81367	44.75185	24.4101	14.64606	28.47845	0
6845	14.64606	-61.02525	-81.367	24.4101	43.93818	-68.34828	17.08707	-1.62734	47.19286	31.73313	11.39138	22.78276	0
6846	19.52808	-65.90727	-92.75838	23.59643	56.14323	-76.48498	13.01872	-0.81367	52.88855	38.24249	6.50936	16.2734	0
6847	13.83239	-74.85764	-100.89508	30.10579	61.02525	-82.99434	10.57771	4.88202	65.0936	43.12451	3.25468	12.20505	0
6848	4.06835	-80.55333	-100.89508	36.61515	56.9569	-84.62168	9.76404	10.57771	77.29865	46.37919	0	10.57771	0
6849	-9.76404	-82.18067	-92.75838	39.86983	44.75185	-83.80801	8.95037	10.57771	86.24902	43.93818	0	6.50936	0
6850	-20.34175	-83.80801	-79.73966	44.75185	29.29212	-82.99434	8.95037	6.50936	90.31737	36.61515	0	0	0
6851	-23.59643	-87.06269	-66.72094	52.88855	14.64606	-81.367	8.95037	2.44101	87.87636	30.10579	-2.44101	-8.1367	0
6852	-21.96909	-82.18067	-52.07488	53.70222	5.69569	-73.2303	9.76404	1.62734	78.92599	24.4101	-6.50936	-14.64606	0
6853	-15.45973	-67.53461	-40.6835	44.75185	5.69569	-56.9569	9.76404	3.25468	66.72094	17.08707	-8.1367	-16.2734	0
6854	-4.88202	-57.77057	-40.6835	34.98781	17.90074	-46.37919	8.95037	6.50936	57.77057	10.57771	-9.76404	-14.64606	0
6855	5.69569	-57.77057	-53.70222	25.22377	34.98781	-48.8202	8.1367	15.45973	56.14323	7.32303	-12.20505	-14.64606	0
6856	14.64606	-62.65259	-76.48498	13.01872	48.8202	-61.83892	8.95037	29.29212	62.65259	8.95037	-11.39138	-14.64606	0
6857	21.96909	-66.72094	-100.08141	0.81367	61.02525	-78.92599	13.83239	40.6835	74.04397	14.64606	-8.1367	-13.01872	0
6858	26.85111	-70.78929	-111.47279	0	67.53461	-91.94471	19.52808	39.86983	86.24902	21.96909	-4.88202	-8.95037	0
6859	14.64606	-83.80801	-106.59077	17.08707	60.21158	-99.26774	23.59643	27.66478	93.57205	29.29212	0	-7.32303	0
6860	-13.01872	-104.14976	-93.57205	46.37919	40.6835	-102.52242	26.03744	13.01872	94.38572	35.80148	5.69569	-7.32303	0
6861	-40.6835	-117.98215	-80.55333	69.97562	22.78276	-102.52242	30.10579	8.1367	96.01306	37.42882	8.1367	-4.06835	0
6862	-59.39791	-117.16848	-72.41663	76.48498	16.2734	-97.6404	34.98781	16.2734	105.7771	37.42882	8.95037	0	0
6863	-66.72094	-107.40444	-65.90727	69.16195	14.64606	-88.69003	37.42882	31.73313	119.60949	37.42882	9.76404	2.44101	0
6864	-62.65259	-96.82673	-59.39791	61.02525	13.01872	-79.73966	34.17414	43.93818	130.1872	36.61515	8.1367	1.62734	0
6865	-52.07488	-91.94471	-56.9569	56.14323	13.01872	-74.04397	29.29212	52.88855	135.06922	35.80148	4.88202	-1.62734	0
6866	-39.86983	-90.31737	-58.58424	55.32956	15.45973	-73.2303	27.66478	59.39791	135.88289	37.42882	1.62734	-4.88202	0
6867	-30.91946	-87.06269	-60.21158	56.9569	18.71441	-71.60296	29.29212	63.46626	133.44188	41.49717	1.62734	-5.69569	0
6868	-26.03744	-78.11232	-60.21158	59.39791	21.96909	-67.53461	34.98781	68.34828	132.62821	45.56552	4.06835	-3.25468	0
6869	-24.4101	-68.34828	-59.39791	59.39791	21.96909	-64.27993	41.49717	73.2303	132.62821	46.37919	4.88202	-1.62734	0
6870	-24.4101	-58.58424	-60.21158	57.77057	21.15542	-66.72094	44.75185	75.67131	131.00087	40.6835	2.44101	-4.88202	0
6871	-22.78276	-56.9569	-66.72094	55.32956	21.15542	-69.97562	43.12451	74.04397	128.55986	30.91946	0	-9.76404	0
6872	-21.15542	-63.46626	-78.11232	53.70222	20.34175	-71.60296	35.80148	61.83892	119.60949	18.71441	-4.88202	-16.2734	0
6873	-18.71441	-66.72094	-85.43535	52.07488	21.15542	-74.04397	26.03744	41.49717	105.7771	7.32303	-16.2734	-25.22377	0
6874	-17.90074	-64.27993	-83.80801	52.88855	21.96909	-75.67131	18.71441	26.03744	96.82673	3.25468	-21.15542	-30.10579	0
6875	-17.90074	-62.65259	-75.67131	52.88855	21.15542	-78.11232	18.71441	22.78276	98.45407	9.76404	-12.20505	-25.22377	0
6876	-17.90074	-64.27993	-65.90727	51.26121	20.34175	-81.367	20.34175	28.47845	106.59077	17.90074	0	-15.45973	0
6877	-16.2734	-69.97562	-61.02525	50.44754	20.34175	-83.80801	21.96909	39.05616	117.98215	26.85111	8.1367	-10.57771	0
6878	-16.2734	-78.92599	-62.65259	52.07488	21.15542	-83.80801	21.96909	50.44754	127.74619	31.73313	4.88202	-14.64606	0
6879	-17.90074	-87.87636	-65.90727	54.51589	22.78276	-84.62168	20.34175	59.39791	135.88289	29.29212	-5.69569	-23.59643	0
6880	-13.01872	-93.57205	-72.41663	50.44754	28.47845	-84.62168	21.15542	62.65259	139.95124	26.03744	-14.64606	-30.10579	0
6881	0	-95.19939	-78.92599	39.05616	39.86983	-82.18067	29.29212	61.83892	141.57858	28.47845	-12.20505	-29.29212	0
6882	13.83239	-92.75838	-87.06269	29.29212	50.44754	-82.99434	35.80148	61.02525	140.76491	33.36047	-3.25468	-25.22377	0
6883	24.4101	-91.13104	-98.45407	25.22377	61.02525	-89.5037	34.98781	61.02525	139.13757	34.17414	2.44101	-21.15542	0
6884	23.59643	-92.75838	-109.03178	31.73313	65.90727	-100.08141	27.66478	59.39791	135.88289	30.10579	5.69569	-21.15542	0
6885	8.95037	-99.26774	-110.65912	50.44754	61.02525	-112.28646	17.90074	53.70222	130.1872	23.59643	2.44101	-25.22377	0
6886	-2.44101	-106.59077	-107.40444	65.0936	56.14323	-124.49151	13.01872	48.8202	124.49151	18.71441	-4.88202	-31.73313	0
6887	-7.32303	-112.28646	-103.33609	69.97562	53.70222	-132.62821	14.64606	48.00653	123.67784	16.2734	-14.64606	-39.05616	0
6888	-8.95037	-113.9138	-101.70875	69.97562	49.63387	-134.25555	22.78276	51.26121	127.74619	17.90074	-21.96909	-43.12451	0
6889	-9.76404	-111.47279	-100.89508	66.72094	47.19286	-127.74619	33.36047	54.51589	135.88289	21.15542	-24.4101	-43.93818	0
6890	-11.39138	-104.14976	-98.45407	64.27993	43.93818	-113.10013	40.6835	57.77057	142.39225	25.22377	-23.59643	-45.56552	0
6891	-10.57771	-94.38572	-92.75838	61.02525	40.6835	-97.6404	41.49717	61.02525	144.83326	27.66478	-22.78276	-48.00653	0
6892	-8.1367	-87.06269	-85.43535	59.39791	38.24249	-87.06269	36.61515	64.27993	139.13757	26.85111	-23.59643	-50.44754	0
6893	-10.57771	-87.87636	-79.73966	56.9569	33.36047	-82.99434	30.10579	66.72094	126.93252	24.4101	-24.4101	-50.44754	0
6894	-15.45973	-90.31737	-74.04397	54.51589	27.66478	-80.55333	25.22377	70.78929	115.54114	22.78276	-23.59643	-48.00653	0
6895	-17.90074	-90.31737	-68.34828	52.88855	24.4101	-77.29865	21.96909	71.60296	109.84545	20.34175	-26.03744	-48.8202	0
6896	-20.34175	-91.13104	-65.90727	53.70222	21.96909	-76.48498	17.08707	67.53461	110.65912	18.71441	-28.47845	-51.26121	0
6897	-21.96909	-95.19939	-65.0936	52.07488	20.34175	-76.48498	15.45973	62.65259	116.35481	22.78276	-26.85111	-49.63387	0
6898	-21.15542	-96.82673	-62.65259	49.63387	18.71441	-73.2303	20.34175	61.83892	127.74619	34.17414	-18.71441	-42.31084	0
6899	-18.71441	-95.19939	-61.02525	51.26121	18.71441	-69.97562	26.85111	63.46626	142.39225	45.56552	-12.20505	-35.80148	0
6900	-17.08707	-93.57205	-63.46626	53.70222	21.15542	-71.60296	30.91946	62.65259	152.96996	52.88855	-14.64606	-34.98781	0
6901	-12.20505	-93.57205	-71.60296	53.70222	28.47845	-78.92599	30.91946	57.77057	152.15629	54.51589	-21.15542	-39.86983	0
6902	0.81367	-91.94471	-87.06269	49.63387	43.12451	-88.69003	29.29212	48.00653	142.39225	48.8202	-27.66478	-43.93818	0
6903	13.83239	-89.5037	-100.08141	47.19286	56.14323	-96.01306	29.29212	39.05616	131.81454	41.49717	-28.47845	-44.75185	0
6904	13.83239	-87.06269	-98.45407	48.8202	55.32956	-94.38572	29.29212	36.61515	126.11885	38.24249	-22.78276	-40.6835	0
6905	3.25468	-82.18067	-82.99434	49.63387	43.12451	-86.24902	30.91946	40.6835	123.67784	39.05616	-13.01872	-34.17414	0
6906	-3.25468	-74.85764	-68.34828	47.19286	31.73313	-79.73966	34.17414	48.8202	122.86417	42.31084	-4.88202	-27.66478	0
6907	-3.25468	-65.0936	-64.27993	41.49717	32.5468	-75.67131	36.61515	59.39791	122.86417	47.19286	0	-24.4101	0
6908	0	-55.32956	-72.41663	36.61515	44.75185	-71.60296	37.42882	70.78929	125.30518	51.26121	3.25468	-23.59643	0
6909	4.06835	-52.88855	-82.99434	33.36047	55.32956	-72.41663	37.42882	78.92599	127.74619	52.07488	4.88202	-26.03744	0
6910	2.44101	-65.0936	-88.69003	36.61515	55.32956	-75.67131	34.98781	82.18067	128.55986	49.63387	4.06835	-30.10579	0
6911	-6.50936	-82.18067	-87.87636	46.37919	46.37919	-74.85764	31.73313	79.73966	126.11885	42.31084	0	-30.10579	0
6912	-13.83239	-90.31737	-83.80801	54.51589	35.80148	-72.41663	28.47845	72.41663	120.42316	33.36047	-5.69569	-30.10579	0
6913	-21.15542	-91.13104	-80.55333	58.58424	27.66478	-76.48498	22.78276	57.77057	109.03178	26.85111	-11.39138	-32.5468	0
6914	-27.66478	-91.94471	-85.43535	59.39791	24.4101	-91.94471	12.20505	39.86983	95.19939	21.96909	-19.52808	-37.42882	0
6915	-27.66478	-96.82673	-96.82673	56.14323	25.22377	-104.96343	2.44101	25.22377	87.06269	20.34175	-26.85111	-41.49717	0
6916	-21.15542	-100.89508	-109.03178	53.70222	28.47845	-107.40444	0	17.90074	86.24902	21.15542	-30.91946	-44.75185	0
6917	-13.01872	-103.33609	-116.35481	52.88855	34.98781	-105.7771	1.62734	21.15542	90.31737	26.03744	-30.10579	-48.00653	0
6918	-4.06835	-105.7771	-118.79582	52.88855	43.12451	-106.59077	8.95037	29.29212	97.6404	31.73313	-27.66478	-48.8202	0
6919	2.44101	-106.59077	-118.79582	51.26121	50.44754	-107.40444	17.90074	41.49717	104.96343	35.80148	-25.22377	-46.37919	0
6920	6.50936	-106.59077	-115.54114	49.63387	52.88855	-104.14976	19.52808	51.26121	107.40444	37.42882	-20.34175	-43.93818	0
6921	4.88202	-109.84545	-111.47279	51.26121	52.88855	-99.26774	13.01872	52.88855	104.96343	34.98781	-17.90074	-43.12451	0
6922	-2.44101	-113.10013	-104.96343	56.9569	48.00653	-96.01306	7.32303	46.37919	103.33609	31.73313	-17.08707	-42.31084	0
6923	-12.20505	-110.65912	-91.94471	61.02525	38.24249	-91.94471	5.69569	36.61515	105.7771	30.91946	-15.45973	-39.86983	0
6924	-21.96909	-105.7771	-74.85764	63.46626	25.22377	-83.80801	6.50936	26.85111	112.28646	33.36047	-13.83239	-39.05616	0
6925	-34.17414	-104.14976	-59.39791	67.53461	13.83239	-75.67131	9.76404	22.78276	118.79582	38.24249	-15.45973	-40.6835	0
6926	-46.37919	-107.40444	-48.00653	74.85764	8.1367	-71.60296	13.83239	26.85111	120.42316	40.6835	-18.71441	-44.75185	0
6927	-56.14323	-112.28646	-45.56552	83.80801	3.25468	-74.04397	18.71441	34.98781	113.9138	39.05616	-21.15542	-48.8202	0
6928	-60.21158	-117.98215	-49.63387	91.94471	0.81367	-80.55333	24.4101	41.49717	103.33609	34.17414	-24.4101	-52.88855	0
6929	-56.14323	-121.23683	-60.21158	98.45407	4.88202	-88.69003	30.10579	41.49717	92.75838	30.10579	-26.85111	-56.14323	0
6930	-49.63387	-122.0505	-69.16195	98.45407	9.76404	-94.38572	32.5468	31.73313	80.55333	26.03744	-25.22377	-58.58424	0
6931	-48.8202	-123.67784	-71.60296	93.57205	9.76404	-96.01306	30.91946	13.01872	67.53461	21.96909	-23.59643	-58.58424	0
6932	-51.26121	-126.93252	-71.60296	87.87636	8.95037	-97.6404	26.85111	-6.50936	57.77057	18.71441	-21.96909	-56.9569	0
6933	-52.07488	-130.1872	-72.41663	82.99434	8.1367	-103.33609	21.96909	-21.15542	55.32956	16.2734	-20.34175	-53.70222	0
6934	-49.63387	-133.44188	-78.11232	80.55333	12.20505	-110.65912	17.90074	-23.59643	59.39791	17.90074	-15.45973	-47.19286	0
6935	-40.6835	-131.81454	-85.43535	78.92599	20.34175	-113.10013	19.52808	-14.64606	69.97562	25.22377	-4.88202	-36.61515	0
6936	-29.29212	-121.23683	-86.24902	70.78929	26.85111	-110.65912	26.03744	-0.81367	85.43535	36.61515	4.88202	-27.66478	0
6937	-17.90074	-102.52242	-80.55333	59.39791	29.29212	-106.59077	32.5468	13.83239	99.26774	43.93818	8.1367	-23.59643	0
6938	-3.25468	-84.62168	-78.11232	45.56552	34.98781	-99.26774	33.36047	24.4101	104.96343	45.56552	4.06835	-25.22377	0
6939	10.57771	-77.29865	-86.24902	34.98781	46.37919	-96.82673	29.29212	27.66478	102.52242	42.31084	-1.62734	-33.36047	0
6940	18.71441	-79.73966	-100.89508	33.36047	57.77057	-102.52242	22.78276	24.4101	97.6404	37.42882	-4.88202	-45.56552	0
6941	15.45973	-82.99434	-111.47279	41.49717	61.83892	-109.84545	16.2734	15.45973	91.13104	30.91946	-6.50936	-59.39791	0
6942	7.32303	-84.62168	-110.65912	48.8202	57.77057	-110.65912	13.83239	6.50936	86.24902	24.4101	-8.95037	-69.16195	0
6943	0	-83.80801	-96.82673	51.26121	47.19286	-100.08141	17.90074	4.06835	85.43535	22.78276	-8.95037	-72.41663	0
6944	-11.39138	-81.367	-76.48498	49.63387	30.91946	-84.62168	22.78276	9.76404	85.43535	26.85111	-4.88202	-68.34828	0
6945	-29.29212	-80.55333	-57.77057	48.8202	9.76404	-67.53461	27.66478	18.71441	87.87636	35.80148	3.25468	-62.65259	0
6946	-44.75185	-76.48498	-46.37919	49.63387	-8.1367	-53.70222	31.73313	26.03744	91.13104	47.19286	11.39138	-56.9569	0
6947	-43.93818	-68.34828	-38.24249	45.56552	-14.64606	-43.12451	37.42882	30.91946	94.38572	56.9569	15.45973	-54.51589	0
6948	-31.73313	-59.39791	-30.91946	34.98781	-11.39138	-34.17414	43.93818	32.5468	99.26774	61.02525	15.45973	-55.32956	0
6949	-21.15542	-51.26121	-20.34175	28.47845	-10.57771	-26.03744	48.00653	34.17414	104.96343	62.65259	14.64606	-56.14323	0
6950	-15.45973	-47.19286	-9.76404	30.10579	-13.83239	-17.90074	51.26121	34.98781	109.84545	61.83892	14.64606	-54.51589	0
6951	-14.64606	-47.19286	-1.62734	34.17414	-14.64606	-13.01872	56.14323	34.17414	115.54114	58.58424	13.83239	-50.44754	0
6952	-14.64606	-41.49717	0.81367	34.98781	-4.06835	-13.01872	61.02525	35.80148	119.60949	54.51589	13.83239	-47.19286	0
6953	-13.83239	-26.03744	-4.88202	30.91946	13.01872	-13.83239	64.27993	40.6835	120.42316	53.70222	17.08707	-43.93818	0
6954	-9.76404	-10.57771	-11.39138	21.96909	23.59643	-12.20505	64.27993	44.75185	116.35481	56.14323	21.15542	-41.49717	0
6955	-3.25468	-3.25468	-13.83239	13.01872	23.59643	-9.76404	63.46626	49.63387	109.84545	59.39791	23.59643	-41.49717	0
6956	2.44101	0	-13.83239	5.69569	20.34175	-8.95037	59.39791	51.26121	102.52242	64.27993	24.4101	-43.12451	0
6957	7.32303	1.62734	-11.39138	0	13.83239	-8.1367	49.63387	42.31084	98.45407	69.16195	23.59643	-46.37919	0
6958	13.83239	7.32303	-7.32303	-7.32303	10.57771	-3.25468	34.98781	28.47845	101.70875	71.60296	21.96909	-48.8202	0
6959	24.4101	18.71441	-5.69569	-20.34175	13.01872	3.25468	17.08707	14.64606	110.65912	71.60296	23.59643	-50.44754	0
6960	31.73313	31.73313	-1.62734	-34.17414	15.45973	12.20505	0	0	116.35481	67.53461	26.85111	-54.51589	0
6961	34.17414	46.37919	9.76404	-44.75185	12.20505	26.85111	-15.45973	-13.01872	113.10013	63.46626	28.47845	-59.39791	0
6962	32.5468	60.21158	26.85111	-50.44754	3.25468	43.12451	-26.85111	-26.03744	96.82673	57.77057	26.85111	-64.27993	0
6963	30.91946	68.34828	38.24249	-52.07488	-3.25468	52.88855	-34.98781	-37.42882	73.2303	50.44754	21.15542	-68.34828	0
6964	29.29212	70.78929	44.75185	-51.26121	-7.32303	56.9569	-39.05616	-45.56552	52.88855	47.19286	17.90074	-68.34828	0
6965	25.22377	69.16195	48.00653	-49.63387	-11.39138	59.39791	-39.05616	-48.8202	46.37919	52.88855	21.96909	-62.65259	0
6966	21.15542	67.53461	51.26121	-47.19286	-15.45973	61.02525	-37.42882	-46.37919	53.70222	63.46626	30.10579	-54.51589	0
6967	15.45973	69.16195	59.39791	-43.93818	-22.78276	67.53461	-33.36047	-37.42882	67.53461	74.04397	37.42882	-47.19286	0
6968	11.39138	69.16195	61.83892	-40.6835	-26.85111	69.16195	-29.29212	-24.4101	81.367	79.73966	39.05616	-44.75185	0
6969	11.39138	59.39791	48.8202	-35.80148	-20.34175	56.9569	-27.66478	-13.83239	90.31737	78.11232	39.05616	-47.19286	0
6970	9.76404	44.75185	30.91946	-30.91946	-8.95037	39.05616	-28.47845	-7.32303	91.94471	72.41663	40.6835	-50.44754	0
6971	6.50936	32.5468	19.52808	-24.4101	-3.25468	26.85111	-34.17414	-7.32303	84.62168	65.0936	40.6835	-55.32956	0
6972	4.88202	29.29212	21.15542	-21.96909	-4.88202	25.22377	-40.6835	-13.01872	77.29865	61.02525	42.31084	-56.9569	0
6973	6.50936	34.98781	30.91946	-25.22377	-10.57771	34.17414	-45.56552	-21.15542	77.29865	62.65259	48.8202	-50.44754	0
6974	11.39138	39.05616	40.6835	-30.91946	-13.83239	45.56552	-47.19286	-28.47845	82.99434	68.34828	57.77057	-39.05616	0
6975	13.01872	38.24249	43.12451	-30.91946	-15.45973	48.00653	-46.37919	-30.10579	91.13104	74.85764	65.0936	-29.29212	0
6976	9.76404	28.47845	34.17414	-25.22377	-13.01872	38.24249	-43.93818	-28.47845	98.45407	79.73966	65.90727	-26.85111	0
6977	10.57771	7.32303	8.95037	-17.08707	-0.81367	13.83239	-40.6835	-24.4101	101.70875	77.29865	56.14323	-34.98781	0
6978	18.71441	-13.83239	-25.22377	-8.95037	19.52808	-16.2734	-35.80148	-16.2734	100.89508	73.2303	40.6835	-48.8202	0
6979	28.47845	-31.73313	-56.14323	0.81367	39.05616	-41.49717	-28.47845	-8.1367	100.89508	72.41663	29.29212	-56.9569	0
6980	30.91946	-43.93818	-73.2303	10.57771	49.63387	-57.77057	-21.15542	-3.25468	100.08141	72.41663	22.78276	-57.77057	0
6981	27.66478	-52.07488	-78.11232	16.2734	51.26121	-65.0936	-16.2734	-3.25468	96.01306	69.97562	21.96909	-57.77057	0
6982	22.78276	-59.39791	-78.92599	18.71441	49.63387	-69.97562	-19.52808	-8.1367	89.5037	64.27993	18.71441	-61.02525	0
6983	19.52808	-67.53461	-83.80801	16.2734	50.44754	-78.11232	-21.96909	-13.01872	87.06269	55.32956	8.1367	-67.53461	0
6984	23.59643	-68.34828	-93.57205	11.39138	55.32956	-90.31737	-13.01872	-9.76404	89.5037	50.44754	-8.1367	-81.367	0
6985	25.22377	-69.16195	-104.96343	13.01872	61.83892	-105.7771	2.44101	-3.25468	89.5037	47.19286	-25.22377	-100.89508	0
6986	12.20505	-78.11232	-113.10013	24.4101	66.72094	-119.60949	16.2734	-1.62734	79.73966	37.42882	-37.42882	-116.35481	0
6987	-5.69569	-91.13104	-119.60949	36.61515	65.90727	-128.55986	24.4101	-5.69569	65.0936	23.59643	-44.75185	-125.30518	0
6988	-13.83239	-109.03178	-126.93252	45.56552	64.27993	-129.37353	30.91946	-9.76404	54.51589	11.39138	-48.00653	-126.11885	0
6989	-9.76404	-126.93252	-128.55986	50.44754	64.27993	-123.67784	34.98781	-13.01872	48.00653	1.62734	-48.00653	-121.23683	0
6990	-6.50936	-136.69656	-123.67784	55.32956	61.02525	-118.79582	36.61515	-17.08707	43.12451	-6.50936	-46.37919	-113.9138	0
6991	-8.95037	-134.25555	-113.10013	60.21158	52.88855	-114.72747	34.17414	-25.22377	35.80148	-17.08707	-47.19286	-106.59077	0
6992	-14.64606	-120.42316	-99.26774	65.0936	42.31084	-107.40444	28.47845	-34.98781	26.03744	-27.66478	-49.63387	-101.70875	0
6993	-23.59643	-108.21811	-80.55333	67.53461	27.66478	-95.19939	21.96909	-39.86983	15.45973	-34.17414	-52.07488	-100.89508	0
6994	-30.91946	-105.7771	-65.90727	69.16195	15.45973	-84.62168	15.45973	-34.17414	12.20505	-33.36047	-49.63387	-101.70875	0
6995	-37.42882	-111.47279	-61.83892	70.78929	10.57771	-82.99434	12.20505	-21.96909	18.71441	-24.4101	-39.86983	-102.52242	0
6996	-39.05616	-119.60949	-69.16195	73.2303	13.83239	-90.31737	12.20505	-6.50936	32.5468	-13.01872	-26.85111	-102.52242	0
6997	-31.73313	-124.49151	-83.80801	76.48498	23.59643	-100.08141	16.2734	6.50936	47.19286	0	-17.90074	-100.08141	0
6998	-22.78276	-130.1872	-101.70875	76.48498	36.61515	-112.28646	22.78276	8.95037	54.51589	8.95037	-17.90074	-97.6404	0
6999	-14.64606	-135.88289	-118.79582	69.16195	49.63387	-124.49151	29.29212	-0.81367	53.70222	11.39138	-23.59643	-100.08141	0
7000	-0.81367	-132.62821	-129.37353	56.9569	61.83892	-127.74619	30.91946	-17.08707	49.63387	8.1367	-26.85111	-104.14976	0
7001	11.39138	-122.0505	-131.00087	45.56552	69.97562	-122.86417	28.47845	-33.36047	44.75185	3.25468	-28.47845	-104.96343	0
7002	21.96909	-110.65912	-123.67784	34.17414	72.41663	-112.28646	22.78276	-45.56552	39.05616	1.62734	-29.29212	-104.14976	0
7003	27.66478	-104.14976	-111.47279	26.03744	68.34828	-97.6404	16.2734	-50.44754	38.24249	4.88202	-24.4101	-100.89508	0
7004	17.90074	-103.33609	-100.89508	32.5468	56.9569	-90.31737	12.20505	-45.56552	43.12451	9.76404	-17.08707	-94.38572	0
7005	0.81367	-109.84545	-100.08141	48.00653	45.56552	-93.57205	11.39138	-32.5468	53.70222	16.2734	-11.39138	-90.31737	0
7006	-10.57771	-117.16848	-107.40444	60.21158	41.49717	-101.70875	16.2734	-12.20505	71.60296	25.22377	-6.50936	-86.24902	0
7007	-20.34175	-122.86417	-114.72747	66.72094	39.86983	-111.47279	26.85111	4.88202	87.06269	31.73313	-3.25468	-83.80801	0
7008	-30.91946	-130.1872	-117.98215	70.78929	36.61515	-118.79582	39.05616	13.83239	94.38572	31.73313	-5.69569	-86.24902	0
7009	-42.31084	-141.57858	-116.35481	74.04397	31.73313	-126.93252	48.8202	17.90074	92.75838	28.47845	-9.76404	-91.94471	0
7010	-40.6835	-156.22464	-125.30518	77.29865	39.05616	-139.95124	52.07488	16.2734	80.55333	23.59643	-14.64606	-102.52242	0
7011	-23.59643	-165.98868	-152.96996	74.04397	58.58424	-159.47932	44.75185	8.95037	60.21158	13.83239	-20.34175	-113.10013	0
7012	-8.95037	-168.42969	-181.44841	65.90727	71.60296	-174.93905	31.73313	-3.25468	39.05616	1.62734	-26.03744	-119.60949	0
7013	0	-164.36134	-191.21245	59.39791	76.48498	-178.19373	19.52808	-30.10579	13.83239	-8.95037	-33.36047	-122.0505	0
7014	3.25468	-152.96996	-178.19373	54.51589	74.85764	-165.98868	6.50936	-78.11232	-23.59643	-25.22377	-43.93818	-124.49151	0
7015	3.25468	-133.44188	-146.4606	52.07488	62.65259	-139.95124	-8.1367	-143.20592	-81.367	-44.75185	-56.14323	-124.49151	0
7016	0	-106.59077	-102.52242	50.44754	40.6835	-103.33609	-22.78276	-217.24989	-156.22464	-63.46626	-65.90727	-115.54114	0
7017	-4.88202	-75.67131	-56.9569	44.75185	16.2734	-65.0936	-37.42882	-293.73487	-248.98302	-82.99434	-66.72094	-95.19939	0
7018	-16.2734	-43.12451	-13.83239	36.61515	-5.69569	-26.85111	-59.39791	-375.91554	-362.89682	-110.65912	-52.88855	-63.46626	0
7019	-30.10579	-8.1367	30.91946	25.22377	-27.66478	12.20505	-91.13104	-465.41924	-493.89769	-145.64693	-30.91946	-21.96909	0
7020	-31.73313	39.86983	78.92599	0	-48.00653	60.21158	-132.62821	-564.68698	-633.84893	-181.44841	-3.25468	27.66478	0
7021	-13.83239	107.40444	127.74619	-44.75185	-63.46626	117.98215	-178.19373	-672.90509	-773.80017	-208.29952	36.61515	86.24902	0
7022	10.57771	187.1441	181.44841	-99.26774	-78.92599	183.88942	-221.31824	-786.81889	-910.49673	-227.01393	91.13104	151.34262	0
7023	34.98781	279.90248	251.42403	-157.03831	-106.59077	265.25642	-261.18807	-912.93774	-1045.56595	-239.21898	161.10666	227.01393	0
7024	58.58424	397.07096	347.43709	-224.57292	-147.27427	371.84719	-302.68524	-1065.9077	-1189.58554	-246.54201	244.91467	313.26295	0
7025	82.18067	537.83587	466.23291	-305.12625	-196.90814	502.84806	-354.76012	-1251.42446	-1353.94688	-250.61036	332.79103	401.95298	0
7026	101.70875	694.06051	601.30213	-393.00261	-254.67871	648.49499	-423.1084	-1458.09664	-1533.76795	-248.98302	417.41271	486.57466	0
7027	122.0505	834.82542	737.18502	-471.11493	-311.63561	781.93687	-515.05311	-1663.14148	-1695.68828	-232.70962	496.3387	563.87331	0
7028	143.20592	934.90683	849.47148	-527.25816	-356.38746	874.69525	-628.15324	-1840.52154	-1809.60208	-195.2808	567.12799	628.96691	0
7029	157.85198	993.49107	909.68306	-562.24597	-378.35655	927.5838	-733.93034	-1962.57204	-1878.76403	-152.15629	608.62516	668.83674	0
7030	152.96996	983.72703	892.59599	-558.17762	-371.84719	918.63343	-800.65128	-2000.81453	-1883.64605	-119.60949	597.23378	666.39573	0
7031	126.11885	867.37222	782.75054	-491.45668	-328.72268	812.04266	-817.73835	-1943.85763	-1798.2107	-97.6404	529.69917	613.50718	0
7032	94.38572	655.81802	585.02873	-373.47453	-245.72834	613.50718	-794.14192	-1807.97474	-1637.91771	-92.75838	411.71702	515.86678	0
7033	67.53461	389.74793	331.97736	-228.64127	-131.81454	358.82847	-744.50805	-1628.15367	-1459.72398	-132.62821	243.28733	383.23857	0
7034	43.93818	112.28646	69.97562	-78.11232	-13.83239	91.94471	-690.80583	-1443.45058	-1323.02742	-250.61036	38.24249	232.70962	0
7035	21.15542	-133.44188	-156.22464	56.14323	87.06269	-143.20592	-649.30866	-1278.27557	-1248.16978	-446.70483	-174.93905	87.87636	0
7036	5.69569	-320.58598	-327.90901	158.66565	165.17501	-321.39965	-622.45755	-1135.88332	-1219.69133	-677.78711	-362.89682	-30.91946	0
7037	-1.62734	-447.5185	-448.33217	225.38659	222.13191	-445.07749	-606.18415	-1003.25511	-1220.505	-881.20461	-493.89769	-117.16848	0
7038	-7.32303	-524.00348	-524.00348	263.62908	259.56073	-521.56247	-591.53809	-865.74488	-1212.3683	-1010.57814	-557.36395	-173.31171	0
7039	-12.20505	-561.4323	-558.99129	283.15716	275.83413	-558.17762	-564.68698	-720.09795	-1153.78406	-1048.00696	-568.75533	-202.60383	0
7040	-15.45973	-575.26469	-564.68698	292.10753	275.83413	-567.12799	-519.93513	-568.75533	-1034.98824	-1003.25511	-545.97257	-213.99521	0
7041	-21.15542	-576.07836	-553.2956	297.80322	265.25642	-562.24597	-459.72355	-420.66739	-875.50892	-903.98737	-497.15237	-213.18154	0
7042	-26.85111	-567.12799	-532.14018	296.98955	250.61036	-548.41358	-388.93426	-287.22551	-703.82455	-776.24118	-434.49978	-203.4175	0
7043	-27.66478	-541.90422	-509.35742	283.97083	240.03265	-524.81715	-314.89029	-179.0074	-542.71789	-644.42664	-366.96517	-188.77144	0
7044	-26.03744	-509.35742	-487.38833	264.44275	233.52329	-497.96604	-245.72834	-102.52242	-406.02133	-524.00348	-305.93992	-175.75272	0
7045	-26.03744	-477.62429	-462.16456	247.35568	222.94558	-469.48759	-192.02612	-58.58424	-296.98955	-423.1084	-257.11972	-168.42969	0
7046	-25.22377	-445.89116	-432.05877	231.08228	208.29952	-437.75446	-155.41097	-35.80148	-214.80888	-341.7414	-222.13191	-165.98868	0
7047	-26.03744	-413.34436	-400.32564	216.43622	192.02612	-405.20766	-127.74619	-25.22377	-155.41097	-277.46147	-198.53548	-163.54767	0
7048	-30.10579	-380.79756	-363.71049	205.85851	170.8707	-370.21985	-100.08141	-15.45973	-105.7771	-222.13191	-176.56639	-157.85198	0
7049	-39.86983	-352.31911	-321.39965	200.16282	144.83326	-335.23204	-67.53461	0	-56.9569	-170.8707	-152.96996	-144.01959	0
7050	-48.00653	-325.468	-280.71615	191.21245	122.86417	-301.87157	-35.80148	22.78276	-8.1367	-126.93252	-130.1872	-124.49151	0
7051	-49.63387	-285.59817	-243.28733	166.80235	109.03178	-263.62908	-4.88202	56.14323	40.6835	-87.06269	-104.14976	-105.7771	0
7052	-44.75185	-230.26861	-204.23117	126.93252	97.6404	-216.43622	23.59643	94.38572	88.69003	-50.44754	-75.67131	-91.94471	0
7053	-34.98781	-173.31171	-164.36134	89.5037	84.62168	-168.42969	47.19286	130.1872	126.11885	-21.15542	-50.44754	-84.62168	0
7054	-24.4101	-132.62821	-128.55986	65.90727	65.90727	-132.62821	62.65259	158.66565	151.34262	0.81367	-30.10579	-82.18067	0
7055	-19.52808	-112.28646	-103.33609	57.77057	48.8202	-113.9138	74.85764	178.19373	170.8707	22.78276	-13.01872	-78.92599	0
7056	-16.2734	-107.40444	-92.75838	57.77057	39.86983	-107.40444	87.06269	193.65346	192.02612	45.56552	-0.81367	-74.85764	0
7057	-8.1367	-110.65912	-100.08141	58.58424	44.75185	-110.65912	100.08141	203.4175	213.18154	65.0936	4.06835	-72.41663	0
7058	4.06835	-117.16848	-117.98215	57.77057	58.58424	-120.42316	109.84545	202.60383	226.20026	76.48498	1.62734	-74.85764	0
7059	11.39138	-122.86417	-131.81454	57.77057	70.78929	-127.74619	115.54114	195.2808	228.64127	78.11232	-6.50936	-81.367	0
7060	11.39138	-125.30518	-133.44188	58.58424	77.29865	-128.55986	119.60949	188.77144	225.38659	75.67131	-15.45973	-84.62168	0
7061	6.50936	-125.30518	-126.11885	61.83892	78.11232	-125.30518	121.23683	182.26208	215.62255	70.78929	-21.96909	-87.06269	0
7062	0	-126.11885	-117.98215	66.72094	75.67131	-121.23683	117.16848	174.93905	204.23117	65.0936	-24.4101	-87.87636	0
7063	-8.1367	-132.62821	-113.9138	70.78929	69.97562	-122.0505	110.65912	171.68437	199.34915	65.0936	-21.96909	-86.24902	0
7064	-13.83239	-135.88289	-114.72747	71.60296	65.90727	-124.49151	104.96343	174.93905	205.04484	71.60296	-13.01872	-78.11232	0
7065	-16.2734	-132.62821	-115.54114	71.60296	63.46626	-121.23683	102.52242	181.44841	213.99521	82.99434	0	-68.34828	0
7066	-12.20505	-126.11885	-117.98215	69.97562	61.83892	-111.47279	106.59077	189.58511	225.38659	93.57205	8.95037	-59.39791	0
7067	3.25468	-121.23683	-119.60949	62.65259	63.46626	-100.08141	116.35481	199.34915	236.77797	101.70875	13.83239	-56.14323	0
7068	21.96909	-117.16848	-120.42316	51.26121	68.34828	-92.75838	126.93252	208.29952	244.101	102.52242	12.20505	-59.39791	0
7069	31.73313	-112.28646	-122.0505	41.49717	73.2303	-95.19939	134.25555	214.80888	244.101	96.01306	1.62734	-69.16195	0
7070	32.5468	-106.59077	-120.42316	36.61515	72.41663	-98.45407	135.88289	216.43622	237.59164	90.31737	-7.32303	-77.29865	0
7071	25.22377	-100.08141	-111.47279	35.80148	65.90727	-97.6404	134.25555	214.80888	227.8276	85.43535	-12.20505	-80.55333	0
7072	13.83239	-93.57205	-97.6404	38.24249	54.51589	-92.75838	131.81454	209.11319	214.80888	80.55333	-11.39138	-79.73966	0
7073	1.62734	-84.62168	-80.55333	39.86983	40.6835	-82.18067	128.55986	200.97649	205.04484	78.92599	-6.50936	-75.67131	0
7074	-12.20505	-77.29865	-64.27993	45.56552	25.22377	-72.41663	126.93252	193.65346	202.60383	82.99434	0	-67.53461	0
7075	-26.03744	-75.67131	-53.70222	54.51589	12.20505	-67.53461	128.55986	193.65346	208.29952	95.19939	4.88202	-56.14323	0
7076	-33.36047	-78.92599	-50.44754	61.02525	7.32303	-67.53461	130.1872	199.34915	222.13191	108.21811	12.20505	-46.37919	0
7077	-38.24249	-82.99434	-50.44754	66.72094	4.06835	-68.34828	124.49151	207.48585	239.21898	115.54114	15.45973	-44.75185	0
7078	-43.93818	-87.87636	-51.26121	72.41663	1.62734	-71.60296	114.72747	213.99521	254.67871	117.98215	13.01872	-50.44754	0
7079	-41.49717	-91.94471	-58.58424	72.41663	5.69569	-77.29865	108.21811	220.50457	266.07009	117.16848	8.95037	-57.77057	0
7080	-27.66478	-86.24902	-67.53461	56.14323	17.08707	-81.367	107.40444	228.64127	272.57945	115.54114	5.69569	-61.83892	0
7081	-7.32303	-68.34828	-69.16195	27.66478	29.29212	-75.67131	114.72747	235.15063	276.6478	116.35481	8.1367	-58.58424	0
7082	17.90074	-50.44754	-66.72094	6.50936	42.31084	-61.83892	125.30518	235.9643	277.46147	118.79582	14.64606	-51.26121	0
7083	34.98781	-39.86983	-63.46626	0	48.8202	-48.8202	131.81454	231.89595	274.20679	120.42316	20.34175	-46.37919	0
7084	38.24249	-39.86983	-60.21158	0.81367	49.63387	-45.56552	134.25555	227.01393	268.5111	120.42316	23.59643	-44.75185	0
7085	39.05616	-49.63387	-63.46626	4.06835	52.88855	-52.88855	135.06922	225.38659	266.07009	121.23683	26.03744	-46.37919	0
7086	39.86983	-63.46626	-73.2303	6.50936	58.58424	-63.46626	135.88289	229.45494	270.95211	124.49151	28.47845	-47.19286	0
7087	40.6835	-74.04397	-81.367	8.1367	61.83892	-69.16195	139.13757	238.40531	282.34349	129.37353	30.10579	-44.75185	0
7088	34.17414	-78.92599	-84.62168	12.20505	58.58424	-70.78929	143.20592	248.98302	294.54854	131.81454	30.91946	-43.12451	0
7089	23.59643	-77.29865	-83.80801	20.34175	52.88855	-73.2303	146.4606	259.56073	304.31258	131.81454	27.66478	-44.75185	0
7090	16.2734	-70.78929	-83.80801	26.85111	48.00653	-75.67131	148.08794	268.5111	307.56726	127.74619	22.78276	-46.37919	0
7091	16.2734	-61.02525	-82.18067	24.4101	48.00653	-74.04397	148.90161	275.02046	304.31258	119.60949	16.2734	-45.56552	0
7092	25.22377	-47.19286	-78.11232	17.08707	51.26121	-65.90727	148.90161	276.6478	295.36221	112.28646	10.57771	-43.12451	0
7093	35.80148	-27.66478	-68.34828	9.76404	52.07488	-50.44754	145.64693	274.20679	284.7845	110.65912	11.39138	-39.05616	0
7094	34.98781	-12.20505	-50.44754	6.50936	42.31084	-33.36047	141.57858	271.76578	278.27514	115.54114	17.08707	-34.17414	0
7095	20.34175	-4.88202	-31.73313	7.32303	26.03744	-19.52808	139.95124	271.76578	276.6478	122.86417	20.34175	-32.5468	0
7096	0	-4.88202	-20.34175	13.83239	12.20505	-14.64606	140.76491	276.6478	281.52982	127.74619	22.78276	-34.17414	0
7097	-18.71441	-12.20505	-15.45973	24.4101	1.62734	-17.90074	141.57858	286.41184	294.54854	130.1872	24.4101	-36.61515	0
7098	-27.66478	-17.08707	-13.83239	30.10579	-4.06835	-21.15542	141.57858	300.24423	310.82194	131.00087	25.22377	-39.86983	0
7099	-21.15542	-17.08707	-17.08707	26.03744	-0.81367	-22.78276	141.57858	312.44928	324.65433	131.00087	28.47845	-42.31084	0
7100	-3.25468	-11.39138	-19.52808	11.39138	7.32303	-19.52808	141.57858	318.14497	331.16369	131.00087	34.17414	-43.12451	0
7101	13.01872	-3.25468	-18.71441	-4.88202	15.45973	-12.20505	139.13757	318.95864	331.16369	129.37353	36.61515	-42.31084	0
7102	17.08707	4.06835	-10.57771	-11.39138	13.01872	-3.25468	135.06922	320.58598	329.53635	130.1872	38.24249	-36.61515	0
7103	5.69569	8.95037	4.06835	-8.1367	0	6.50936	131.00087	325.468	328.72268	134.25555	40.6835	-29.29212	0
7104	-2.44101	17.08707	20.34175	-5.69569	-12.20505	17.90074	127.74619	332.79103	331.16369	137.51023	39.05616	-27.66478	0
7105	-3.25468	30.91946	33.36047	-11.39138	-19.52808	32.5468	127.74619	343.36874	339.30039	139.13757	36.61515	-30.10579	0
7106	-1.62734	45.56552	46.37919	-18.71441	-26.03744	46.37919	131.00087	354.76012	351.50544	142.39225	35.80148	-36.61515	0
7107	2.44101	56.9569	52.88855	-21.15542	-26.85111	56.9569	139.95124	366.1515	364.52416	144.83326	37.42882	-43.12451	0
7108	16.2734	66.72094	48.8202	-21.96909	-18.71441	59.39791	149.71528	375.91554	372.66086	142.39225	40.6835	-43.93818	0
7109	26.03744	70.78929	37.42882	-21.15542	-7.32303	56.9569	156.22464	381.61123	368.59251	136.69656	46.37919	-39.05616	0
7110	25.22377	71.60296	28.47845	-19.52808	-3.25468	56.14323	159.47932	386.49325	353.94645	131.81454	55.32956	-26.85111	0
7111	17.90074	70.78929	30.10579	-20.34175	-6.50936	57.77057	162.734	393.81628	336.04571	128.55986	63.46626	-11.39138	0
7112	8.95037	72.41663	43.12451	-26.85111	-15.45973	64.27993	163.54767	401.13931	318.14497	124.49151	69.16195	1.62734	0
7113	4.06835	78.11232	59.39791	-34.98781	-25.22377	72.41663	160.29299	403.58032	301.87157	118.79582	72.41663	10.57771	0
7114	6.50936	86.24902	69.97562	-42.31084	-30.10579	80.55333	156.22464	401.95298	290.48019	113.9138	73.2303	13.83239	0
7115	13.01872	95.19939	76.48498	-47.19286	-31.73313	87.06269	153.78363	400.32564	285.59817	112.28646	74.85764	13.01872	0
7116	13.83239	102.52242	86.24902	-48.8202	-31.73313	95.19939	152.15629	401.13931	288.03918	113.10013	74.85764	9.76404	0
7117	8.1367	111.47279	102.52242	-52.07488	-33.36047	108.21811	152.96996	408.46234	298.61689	118.79582	74.85764	8.1367	0
7118	8.95037	131.00087	122.0505	-64.27993	-38.24249	127.74619	152.15629	419.85372	308.38093	124.49151	74.85764	8.1367	0
7119	15.45973	157.85198	136.69656	-87.06269	-47.19286	148.90161	147.27427	428.80409	314.07662	124.49151	73.2303	7.32303	0
7120	20.34175	185.51676	144.83326	-110.65912	-56.14323	165.17501	141.57858	431.2451	312.44928	119.60949	69.97562	4.88202	0
7121	21.15542	202.60383	148.90161	-127.74619	-64.27993	172.49804	135.88289	426.36308	304.31258	109.84545	67.53461	4.06835	0
7122	17.90074	204.23117	156.22464	-139.13757	-71.60296	175.75272	131.81454	418.22638	290.48019	100.89508	68.34828	7.32303	0
7123	18.71441	209.11319	169.24336	-144.83326	-78.11232	185.51676	131.00087	412.53069	273.39312	97.6404	76.48498	18.71441	0
7124	26.03744	225.38659	187.1441	-148.90161	-78.11232	204.23117	131.00087	411.71702	258.74706	102.52242	87.87636	32.5468	0
7125	35.80148	246.54201	202.60383	-153.78363	-74.04397	224.57292	133.44188	414.15803	252.2377	110.65912	96.01306	43.12451	0
7126	43.12451	263.62908	208.29952	-159.47932	-69.16195	239.21898	133.44188	419.04005	248.98302	114.72747	104.14976	50.44754	0
7127	43.12451	273.39312	205.85851	-165.17501	-68.34828	243.28733	130.1872	419.85372	240.84632	110.65912	107.40444	52.88855	0
7128	33.36047	275.83413	207.48585	-165.17501	-75.67131	240.84632	126.11885	414.9717	228.64127	98.45407	103.33609	50.44754	0
7129	19.52808	270.13844	215.62255	-156.22464	-91.13104	240.03265	121.23683	406.835	220.50457	85.43535	96.01306	48.8202	0
7130	7.32303	262.00174	227.01393	-143.20592	-108.21811	244.91467	118.79582	395.44362	215.62255	78.11232	93.57205	52.88855	0
7131	4.06835	257.93339	241.65999	-135.06922	-122.86417	253.86504	118.79582	380.79756	205.85851	73.2303	95.19939	57.77057	0
7132	7.32303	261.18807	259.56073	-131.00087	-135.88289	264.44275	114.72747	362.89682	187.1441	65.90727	96.01306	62.65259	0
7133	14.64606	277.46147	279.08881	-138.3239	-143.20592	281.52982	109.03178	349.8781	163.54767	57.77057	98.45407	69.16195	0
7134	25.22377	312.44928	296.17588	-163.54767	-141.57858	306.75359	104.96343	345.80975	141.57858	54.51589	108.21811	83.80801	0
7135	35.80148	354.76012	308.38093	-197.72181	-132.62821	331.16369	100.89508	344.18241	126.93252	56.14323	123.67784	100.89508	0
7136	45.56552	387.30692	318.95864	-223.75925	-127.74619	347.43709	93.57205	339.30039	114.72747	56.14323	135.06922	115.54114	0
7137	43.93818	397.88463	331.16369	-227.8276	-135.88289	358.0148	81.367	329.53635	98.45407	48.00653	136.69656	120.42316	0
7138	25.22377	393.00261	344.18241	-215.62255	-156.22464	362.89682	66.72094	320.58598	75.67131	33.36047	128.55986	117.16848	0
7139	0.81367	384.05224	358.82847	-199.34915	-179.82107	364.52416	53.70222	314.07662	50.44754	16.2734	115.54114	111.47279	0
7140	-19.52808	377.54288	375.91554	-187.95777	-199.34915	368.59251	48.00653	308.38093	27.66478	1.62734	103.33609	109.84545	0
7141	-35.80148	375.10187	391.37527	-180.63474	-212.36787	376.72921	48.8202	300.24423	9.76404	-9.76404	98.45407	112.28646	0
7142	-41.49717	376.72921	406.02133	-176.56639	-221.31824	387.30692	50.44754	284.7845	-6.50936	-19.52808	98.45407	117.16848	0
7143	-32.5468	384.05224	417.41271	-177.38006	-227.01393	399.51197	48.8202	262.81541	-22.78276	-30.91946	101.70875	122.0505	0
7144	-13.83239	397.07096	421.48106	-187.1441	-222.94558	409.27601	43.12451	236.77797	-39.86983	-42.31084	104.96343	130.1872	0
7145	7.32303	411.71702	416.59904	-204.23117	-210.74053	414.15803	32.5468	210.74053	-56.9569	-50.44754	105.7771	139.13757	0
7146	25.22377	421.48106	410.90335	-220.50457	-197.72181	414.9717	17.08707	188.77144	-74.85764	-56.14323	107.40444	146.4606	0
7147	34.17414	425.54941	405.20766	-230.26861	-189.58511	413.34436	-0.81367	169.24336	-96.82673	-63.46626	106.59077	147.27427	0
7148	30.91946	422.29473	401.13931	-232.70962	-187.95777	410.90335	-16.2734	148.90161	-120.42316	-76.48498	100.08141	142.39225	0
7149	20.34175	411.71702	396.25729	-231.08228	-190.39878	403.58032	-25.22377	126.11885	-145.64693	-91.94471	89.5037	131.81454	0
7150	8.1367	403.58032	392.18894	-224.57292	-196.09447	398.6983	-30.10579	104.14976	-170.8707	-105.7771	79.73966	124.49151	0
7151	0	406.02133	388.12059	-215.62255	-201.79016	397.88463	-32.5468	83.80801	-195.2808	-116.35481	73.2303	120.42316	0
7152	-0.81367	412.53069	388.93426	-211.5542	-203.4175	401.95298	-34.17414	60.21158	-221.31824	-125.30518	72.41663	121.23683	0
7153	-1.62734	414.9717	395.44362	-207.48585	-205.85851	405.20766	-30.91946	33.36047	-247.35568	-133.44188	77.29865	124.49151	0
7154	-6.50936	410.08968	401.95298	-199.34915	-209.11319	401.95298	-26.85111	4.88202	-269.32477	-142.39225	83.80801	124.49151	0
7155	-13.01872	397.88463	402.76665	-188.77144	-211.5542	394.62995	-26.85111	-22.78276	-288.03918	-148.08794	84.62168	120.42316	0
7156	-19.52808	382.4249	391.37527	-179.0074	-205.04484	382.4249	-33.36047	-48.00653	-301.87157	-152.96996	76.48498	113.9138	0
7157	-19.52808	368.59251	368.59251	-175.75272	-187.1441	366.1515	-39.86983	-66.72094	-307.56726	-157.03831	63.46626	105.7771	0
7158	-13.01872	353.94645	344.18241	-174.12538	-169.24336	349.06443	-39.86983	-76.48498	-305.93992	-159.47932	52.07488	100.08141	0
7159	-9.76404	334.41837	327.09534	-174.12538	-160.29299	331.97736	-34.98781	-80.55333	-301.0579	-161.10666	42.31084	94.38572	0
7160	-4.88202	318.95864	314.07662	-170.05703	-154.5973	318.14497	-29.29212	-82.18067	-299.43056	-162.734	34.17414	87.87636	0
7161	9.76404	314.07662	301.0579	-161.92033	-146.4606	309.1946	-22.78276	-85.43535	-304.31258	-162.734	28.47845	82.18067	0
7162	26.03744	310.00827	286.41184	-157.85198	-140.76491	299.43056	-19.52808	-95.19939	-313.26295	-162.734	26.03744	76.48498	0
7163	30.91946	296.98955	271.76578	-152.15629	-134.25555	285.59817	-23.59643	-112.28646	-318.95864	-165.17501	20.34175	68.34828	0
7164	25.22377	275.02046	253.86504	-139.95124	-123.67784	267.69743	-35.80148	-131.81454	-319.77231	-169.24336	12.20505	56.14323	0
7165	13.83239	248.98302	237.59164	-123.67784	-113.10013	248.16935	-48.8202	-144.01959	-312.44928	-168.42969	6.50936	43.12451	0
7166	2.44101	225.38659	222.94558	-108.21811	-105.7771	228.64127	-54.51589	-146.4606	-296.98955	-158.66565	6.50936	34.17414	0
7167	-7.32303	196.90814	202.60383	-91.13104	-100.89508	204.23117	-51.26121	-141.57858	-276.6478	-144.01959	8.1367	27.66478	0
7168	-19.52808	165.17501	183.07575	-70.78929	-98.45407	177.38006	-43.12451	-133.44188	-252.2377	-128.55986	8.95037	23.59643	0
7169	-31.73313	139.95124	170.8707	-52.88855	-100.08141	157.03831	-32.5468	-121.23683	-223.75925	-114.72747	9.76404	21.15542	0
7170	-34.17414	123.67784	158.66565	-43.12451	-96.82673	143.20592	-23.59643	-107.40444	-195.2808	-104.96343	7.32303	16.2734	0
7171	-26.85111	113.9138	143.20592	-39.86983	-85.43535	129.37353	-21.96909	-98.45407	-174.93905	-100.89508	3.25468	10.57771	0
7172	-17.08707	108.21811	126.93252	-41.49717	-72.41663	117.98215	-26.03744	-96.01306	-164.36134	-100.08141	0.81367	6.50936	0
7173	-8.95037	105.7771	110.65912	-45.56552	-60.21158	106.59077	-32.5468	-98.45407	-162.734	-96.82673	2.44101	4.06835	0
7174	-0.81367	101.70875	93.57205	-48.8202	-47.19286	92.75838	-38.24249	-100.08141	-163.54767	-89.5037	4.06835	0	0
7175	5.69569	96.01306	76.48498	-48.8202	-36.61515	78.92599	-37.42882	-96.82673	-163.54767	-78.92599	3.25468	-6.50936	0
7176	8.95037	85.43535	65.0936	-45.56552	-30.91946	66.72094	-28.47845	-86.24902	-153.78363	-65.90727	3.25468	-13.01872	0
7177	8.95037	70.78929	61.83892	-40.6835	-27.66478	60.21158	-13.83239	-65.90727	-129.37353	-49.63387	4.06835	-17.90074	0
7178	4.06835	58.58424	65.0936	-30.91946	-29.29212	58.58424	2.44101	-43.12451	-92.75838	-33.36047	5.69569	-21.15542	0
7179	-2.44101	52.07488	66.72094	-17.08707	-34.17414	58.58424	17.08707	-25.22377	-56.14323	-18.71441	8.1367	-21.96909	0
7180	-12.20505	42.31084	65.0936	-3.25468	-38.24249	54.51589	25.22377	-15.45973	-28.47845	-9.76404	9.76404	-24.4101	0
7181	-21.96909	30.10579	58.58424	4.88202	-42.31084	42.31084	23.59643	-17.08707	-17.08707	-9.76404	7.32303	-26.85111	0
7182	-27.66478	20.34175	43.93818	7.32303	-42.31084	22.78276	14.64606	-24.4101	-17.08707	-15.45973	3.25468	-27.66478	0
7183	-30.91946	13.83239	24.4101	3.25468	-33.36047	5.69569	2.44101	-33.36047	-17.90074	-19.52808	0	-29.29212	0
7184	-33.36047	8.1367	1.62734	0	-22.78276	-3.25468	-7.32303	-40.6835	-16.2734	-18.71441	-0.81367	-33.36047	0
7185	-28.47845	1.62734	-17.90074	0.81367	-16.2734	-7.32303	-13.01872	-44.75185	-11.39138	-13.83239	-1.62734	-38.24249	0
7186	-20.34175	-8.1367	-30.91946	13.83239	-12.20505	-16.2734	-13.83239	-42.31084	-0.81367	-4.88202	0	-40.6835	0
7187	-19.52808	-23.59643	-43.12451	34.98781	-5.69569	-35.80148	-10.57771	-34.98781	13.83239	2.44101	0	-43.12451	0
7188	-11.39138	-41.49717	-62.65259	45.56552	11.39138	-59.39791	-6.50936	-25.22377	29.29212	7.32303	0	-44.75185	0
7189	8.1367	-53.70222	-84.62168	38.24249	37.42882	-76.48498	-0.81367	-14.64606	39.86983	10.57771	-2.44101	-45.56552	0
7190	21.15542	-62.65259	-94.38572	30.10579	52.88855	-82.99434	5.69569	-4.88202	45.56552	12.20505	-4.06835	-48.00653	0
7191	17.08707	-67.53461	-87.87636	29.29212	51.26121	-79.73966	12.20505	0	48.8202	10.57771	-3.25468	-51.26121	0
7192	5.69569	-68.34828	-72.41663	30.91946	39.86983	-70.78929	15.45973	0	48.8202	6.50936	-4.88202	-53.70222	0
7193	2.44101	-68.34828	-57.77057	26.03744	30.91946	-56.9569	17.08707	-4.88202	47.19286	4.06835	-8.1367	-55.32956	0
7194	7.32303	-72.41663	-47.19286	13.83239	28.47845	-43.12451	19.52808	-8.95037	43.93818	6.50936	-8.1367	-52.07488	0
7195	11.39138	-81.367	-43.12451	4.06835	26.85111	-38.24249	17.90074	-7.32303	45.56552	11.39138	-5.69569	-49.63387	0
7196	12.20505	-90.31737	-43.12451	0.81367	26.85111	-41.49717	13.83239	0	57.77057	20.34175	-2.44101	-48.8202	0
7197	9.76404	-88.69003	-42.31084	4.88202	24.4101	-43.93818	14.64606	13.83239	72.41663	34.17414	4.06835	-43.12451	0
7198	0	-80.55333	-39.86983	16.2734	17.90074	-46.37919	19.52808	28.47845	80.55333	44.75185	9.76404	-39.86983	0
7199	-14.64606	-78.11232	-39.05616	33.36047	9.76404	-50.44754	24.4101	35.80148	81.367	43.93818	6.50936	-41.49717	0
7200	-25.22377	-75.67131	-39.86983	49.63387	5.69569	-54.51589	24.4101	38.24249	76.48498	34.17414	-3.25468	-48.00653	0
7201	-25.22377	-69.97562	-41.49717	58.58424	6.50936	-56.14323	21.15542	30.91946	66.72094	21.15542	-15.45973	-54.51589	0
7202	-23.59643	-62.65259	-45.56552	59.39791	10.57771	-60.21158	15.45973	13.01872	52.88855	7.32303	-25.22377	-58.58424	0
7203	-21.96909	-58.58424	-56.9569	58.58424	17.08707	-71.60296	7.32303	-10.57771	41.49717	-4.88202	-34.17414	-62.65259	0
7204	-18.71441	-60.21158	-69.16195	59.39791	24.4101	-80.55333	0	-27.66478	39.86983	-12.20505	-36.61515	-66.72094	0
7205	-17.90074	-68.34828	-73.2303	61.83892	26.85111	-84.62168	-2.44101	-25.22377	48.8202	-11.39138	-31.73313	-67.53461	0
7206	-20.34175	-81.367	-72.41663	65.0936	24.4101	-91.13104	-0.81367	-7.32303	61.83892	-5.69569	-26.03744	-67.53461	0
7207	-21.96909	-94.38572	-76.48498	67.53461	24.4101	-97.6404	5.69569	15.45973	74.04397	2.44101	-17.90074	-63.46626	0
7208	-18.71441	-101.70875	-84.62168	65.0936	30.91946	-102.52242	15.45973	36.61515	84.62168	12.20505	-8.95037	-56.14323	0
7209	-8.95037	-102.52242	-90.31737	56.9569	39.05616	-100.89508	26.03744	49.63387	95.19939	21.15542	-2.44101	-48.8202	0
7210	-1.62734	-98.45407	-89.5037	48.00653	42.31084	-93.57205	32.5468	51.26121	103.33609	26.03744	0	-48.00653	0
7211	-6.50936	-91.94471	-82.18067	48.00653	36.61515	-83.80801	32.5468	39.86983	104.14976	26.85111	0	-56.14323	0
7212	-18.71441	-88.69003	-74.04397	57.77057	25.22377	-76.48498	25.22377	22.78276	96.01306	21.96909	-6.50936	-72.41663	0
7213	-25.22377	-91.94471	-71.60296	69.97562	17.90074	-76.48498	16.2734	10.57771	86.24902	16.2734	-13.01872	-91.13104	0
7214	-22.78276	-92.75838	-70.78929	71.60296	16.2734	-77.29865	7.32303	9.76404	85.43535	16.2734	-13.01872	-100.08141	0
7215	-15.45973	-85.43535	-71.60296	61.02525	21.15542	-75.67131	-0.81367	21.15542	94.38572	23.59643	-6.50936	-100.08141	0
7216	-9.76404	-80.55333	-73.2303	49.63387	26.03744	-75.67131	-4.88202	35.80148	109.03178	32.5468	-1.62734	-97.6404	0
7217	-8.95037	-79.73966	-71.60296	44.75185	26.85111	-74.85764	-4.06835	47.19286	124.49151	37.42882	-3.25468	-93.57205	0
7218	-8.1367	-79.73966	-72.41663	42.31084	29.29212	-74.85764	0	52.07488	137.51023	35.80148	-11.39138	-89.5037	0
7219	-4.06835	-78.11232	-75.67131	33.36047	33.36047	-79.73966	4.06835	50.44754	144.01959	29.29212	-21.96909	-85.43535	0
7220	-0.81367	-74.04397	-78.92599	19.52808	37.42882	-88.69003	8.1367	51.26121	147.27427	23.59643	-28.47845	-80.55333	0
7221	0	-70.78929	-81.367	13.01872	39.86983	-93.57205	13.83239	56.9569	148.08794	23.59643	-26.85111	-73.2303	0
7222	-9.76404	-66.72094	-73.2303	22.78276	31.73313	-87.87636	22.78276	65.90727	145.64693	26.85111	-19.52808	-66.72094	0
7223	-28.47845	-65.0936	-52.07488	40.6835	10.57771	-73.2303	30.91946	72.41663	143.20592	32.5468	-11.39138	-59.39791	0
7224	-42.31084	-65.90727	-30.91946	57.77057	-8.95037	-57.77057	37.42882	74.85764	144.83326	39.86983	-6.50936	-52.88855	0
7225	-51.26121	-69.97562	-20.34175	68.34828	-20.34175	-48.8202	43.12451	74.85764	152.15629	47.19286	-6.50936	-48.8202	0
7226	-46.37919	-75.67131	-24.4101	67.53461	-16.2734	-48.8202	47.19286	73.2303	156.22464	51.26121	-7.32303	-49.63387	0
7227	-33.36047	-82.18067	-42.31084	56.14323	2.44101	-55.32956	45.56552	69.97562	151.34262	48.00653	-10.57771	-57.77057	0
7228	-23.59643	-86.24902	-63.46626	44.75185	23.59643	-65.0936	41.49717	66.72094	139.95124	40.6835	-16.2734	-69.16195	0
7229	-17.90074	-92.75838	-77.29865	43.12451	37.42882	-76.48498	37.42882	64.27993	131.00087	35.80148	-22.78276	-80.55333	0
7230	-13.01872	-102.52242	-82.18067	52.88855	41.49717	-86.24902	30.91946	61.83892	129.37353	33.36047	-31.73313	-92.75838	0
7231	-13.83239	-108.21811	-79.73966	61.83892	38.24249	-90.31737	24.4101	61.83892	139.13757	30.91946	-39.86983	-102.52242	0
7232	-18.71441	-104.96343	-76.48498	63.46626	32.5468	-90.31737	17.90074	63.46626	150.52895	26.03744	-44.75185	-109.84545	0
7233	-22.78276	-99.26774	-79.73966	60.21158	30.10579	-94.38572	11.39138	62.65259	153.78363	17.90074	-48.00653	-114.72747	0
7234	-21.15542	-96.01306	-87.87636	57.77057	33.36047	-99.26774	6.50936	60.21158	148.90161	9.76404	-49.63387	-117.16848	0
7235	-15.45973	-96.01306	-91.94471	56.9569	34.98781	-100.08141	2.44101	61.02525	140.76491	5.69569	-49.63387	-117.16848	0
7236	-7.32303	-96.82673	-89.5037	56.9569	30.10579	-96.82673	0.81367	65.90727	133.44188	9.76404	-47.19286	-114.72747	0
7237	-0.81367	-96.01306	-85.43535	51.26121	24.4101	-91.94471	4.88202	72.41663	131.00087	17.90074	-42.31084	-110.65912	0
7238	0	-90.31737	-80.55333	43.93818	21.96909	-85.43535	13.01872	75.67131	131.00087	26.03744	-38.24249	-109.03178	0
7239	0	-85.43535	-78.11232	39.86983	25.22377	-80.55333	23.59643	76.48498	131.00087	28.47845	-32.5468	-109.03178	0
7240	2.44101	-87.06269	-78.92599	38.24249	30.91946	-82.99434	35.80148	75.67131	128.55986	25.22377	-26.85111	-110.65912	0
7241	4.88202	-89.5037	-78.11232	38.24249	32.5468	-88.69003	45.56552	69.16195	126.11885	18.71441	-22.78276	-113.10013	0
7242	3.25468	-91.13104	-74.85764	39.86983	31.73313	-90.31737	48.8202	56.9569	123.67784	12.20505	-22.78276	-115.54114	0
7243	-5.69569	-93.57205	-72.41663	43.93818	27.66478	-88.69003	47.19286	45.56552	119.60949	4.06835	-27.66478	-117.98215	0
7244	-21.15542	-96.01306	-67.53461	49.63387	19.52808	-85.43535	43.12451	39.05616	113.9138	-4.06835	-35.80148	-122.86417	0
7245	-33.36047	-96.82673	-62.65259	57.77057	12.20505	-81.367	39.86983	36.61515	109.03178	-10.57771	-44.75185	-122.86417	0
7246	-43.12451	-100.89508	-61.02525	66.72094	6.50936	-81.367	39.86983	40.6835	113.10013	-8.1367	-48.00653	-115.54114	0
7247	-51.26121	-103.33609	-60.21158	74.04397	1.62734	-82.18067	43.12451	50.44754	125.30518	4.06835	-42.31084	-105.7771	0
7248	-56.14323	-101.70875	-59.39791	78.11232	0	-82.99434	48.8202	63.46626	141.57858	16.2734	-33.36047	-100.08141	0
7249	-52.88855	-99.26774	-59.39791	80.55333	1.62734	-82.99434	52.88855	78.92599	155.41097	22.78276	-28.47845	-99.26774	0
7250	-44.75185	-96.01306	-61.02525	82.18067	6.50936	-81.367	51.26121	89.5037	163.54767	23.59643	-26.03744	-100.89508	0
7251	-37.42882	-98.45407	-60.21158	82.18067	13.01872	-78.92599	41.49717	91.94471	164.36134	21.15542	-25.22377	-105.7771	0
7252	-34.17414	-109.84545	-59.39791	82.99434	18.71441	-78.11232	28.47845	83.80801	157.85198	14.64606	-29.29212	-113.10013	0
7253	-31.73313	-122.0505	-62.65259	86.24902	22.78276	-82.99434	13.01872	69.97562	144.01959	5.69569	-39.05616	-122.86417	0
7254	-30.91946	-125.30518	-69.16195	86.24902	23.59643	-89.5037	0	56.9569	131.00087	0	-46.37919	-128.55986	0
7255	-28.47845	-121.23683	-76.48498	81.367	25.22377	-93.57205	-6.50936	50.44754	122.86417	0	-44.75185	-128.55986	0
7256	-26.03744	-115.54114	-82.99434	76.48498	28.47845	-96.82673	-3.25468	51.26121	117.98215	4.06835	-39.86983	-125.30518	0
7257	-23.59643	-109.84545	-84.62168	74.04397	31.73313	-96.82673	6.50936	56.14323	112.28646	8.95037	-39.05616	-122.86417	0
7258	-25.22377	-108.21811	-84.62168	73.2303	34.98781	-96.82673	17.90074	57.77057	105.7771	10.57771	-43.93818	-124.49151	0
7259	-27.66478	-110.65912	-83.80801	73.2303	35.80148	-96.82673	29.29212	51.26121	101.70875	8.95037	-48.00653	-127.74619	0
7260	-26.85111	-113.10013	-81.367	70.78929	31.73313	-97.6404	37.42882	36.61515	100.89508	5.69569	-49.63387	-128.55986	0
7261	-20.34175	-113.9138	-80.55333	65.0936	30.10579	-100.89508	43.12451	25.22377	106.59077	3.25468	-50.44754	-123.67784	0
7262	-8.95037	-112.28646	-86.24902	56.14323	34.98781	-104.96343	46.37919	27.66478	117.16848	6.50936	-50.44754	-116.35481	0
7263	-8.1367	-109.03178	-87.87636	48.00653	35.80148	-103.33609	44.75185	42.31084	128.55986	13.83239	-45.56552	-108.21811	0
7264	-17.08707	-107.40444	-79.73966	41.49717	27.66478	-98.45407	43.12451	57.77057	136.69656	24.4101	-37.42882	-100.08141	0
7265	-27.66478	-108.21811	-68.34828	39.86983	17.90074	-97.6404	38.24249	61.02525	136.69656	32.5468	-29.29212	-93.57205	0
7266	-36.61515	-110.65912	-61.83892	40.6835	10.57771	-100.89508	26.85111	48.00653	126.93252	32.5468	-29.29212	-96.82673	0
7267	-42.31084	-113.9138	-60.21158	44.75185	5.69569	-101.70875	13.83239	28.47845	113.9138	27.66478	-37.42882	-107.40444	0
7268	-39.05616	-112.28646	-57.77057	52.07488	1.62734	-95.19939	8.95037	18.71441	109.84545	26.85111	-43.12451	-115.54114	0
7269	-30.91946	-109.84545	-61.02525	58.58424	4.88202	-90.31737	12.20505	22.78276	114.72747	30.10579	-45.56552	-117.98215	0
7270	-22.78276	-113.10013	-75.67131	63.46626	17.90074	-90.31737	17.90074	30.91946	121.23683	32.5468	-48.8202	-120.42316	0
7271	-13.01872	-118.79582	-95.19939	64.27993	34.98781	-88.69003	21.15542	34.17414	122.86417	32.5468	-53.70222	-123.67784	0
7272	-9.76404	-120.42316	-101.70875	59.39791	43.12451	-84.62168	21.96909	30.91946	117.98215	27.66478	-55.32956	-123.67784	0
7273	-13.01872	-118.79582	-87.87636	59.39791	39.05616	-79.73966	20.34175	26.03744	108.21811	19.52808	-53.70222	-120.42316	0
7274	-10.57771	-116.35481	-70.78929	65.90727	39.05616	-77.29865	16.2734	21.96909	97.6404	12.20505	-51.26121	-116.35481	0
7275	-0.81367	-108.21811	-64.27993	65.90727	45.56552	-79.73966	10.57771	21.15542	91.94471	7.32303	-49.63387	-112.28646	0
7276	10.57771	-98.45407	-66.72094	54.51589	53.70222	-82.18067	6.50936	22.78276	90.31737	7.32303	-49.63387	-108.21811	0
7277	18.71441	-93.57205	-70.78929	43.93818	55.32956	-83.80801	5.69569	25.22377	92.75838	13.83239	-48.00653	-104.14976	0
7278	21.15542	-93.57205	-70.78929	40.6835	48.00653	-80.55333	8.95037	27.66478	99.26774	23.59643	-41.49717	-97.6404	0
7279	17.08707	-98.45407	-73.2303	40.6835	40.6835	-79.73966	13.01872	30.10579	104.96343	31.73313	-36.61515	-91.94471	0
7280	10.57771	-106.59077	-86.24902	42.31084	39.86983	-87.87636	13.83239	30.10579	108.21811	36.61515	-38.24249	-94.38572	0
7281	3.25468	-111.47279	-103.33609	42.31084	39.05616	-99.26774	13.01872	30.10579	106.59077	35.80148	-40.6835	-99.26774	0
7282	0.81367	-109.84545	-111.47279	43.12451	39.86983	-104.96343	13.01872	30.10579	100.89508	30.91946	-39.05616	-101.70875	0
7283	8.95037	-100.89508	-109.84545	40.6835	43.93818	-101.70875	11.39138	27.66478	91.94471	26.03744	-37.42882	-100.89508	0
7284	21.96909	-90.31737	-103.33609	30.91946	49.63387	-95.19939	8.95037	20.34175	80.55333	18.71441	-39.05616	-100.89508	0
7285	33.36047	-85.43535	-98.45407	18.71441	56.9569	-91.94471	8.1367	11.39138	69.97562	13.83239	-44.75185	-103.33609	0
7286	29.29212	-87.06269	-96.01306	17.90074	55.32956	-90.31737	8.1367	1.62734	63.46626	12.20505	-49.63387	-106.59077	0
7287	6.50936	-97.6404	-94.38572	36.61515	43.12451	-92.75838	11.39138	-4.06835	62.65259	12.20505	-50.44754	-110.65912	0
7288	-21.15542	-112.28646	-89.5037	61.02525	27.66478	-96.01306	21.15542	-1.62734	67.53461	17.90074	-45.56552	-110.65912	0
7289	-43.93818	-125.30518	-82.18067	80.55333	14.64606	-99.26774	34.17414	5.69569	74.04397	24.4101	-38.24249	-105.7771	0
7290	-58.58424	-137.51023	-74.04397	96.01306	4.06835	-105.7771	41.49717	12.20505	78.11232	26.03744	-35.80148	-99.26774	0
7291	-64.27993	-148.08794	-65.0936	104.14976	-0.81367	-113.9138	41.49717	11.39138	78.11232	21.15542	-37.42882	-92.75838	0
7292	-61.83892	-145.64693	-57.77057	100.89508	-2.44101	-113.10013	40.6835	9.76404	79.73966	18.71441	-38.24249	-88.69003	0
7293	-52.88855	-124.49151	-45.56552	89.5037	-5.69569	-94.38572	42.31084	13.83239	84.62168	22.78276	-30.91946	-83.80801	0
7294	-42.31084	-94.38572	-24.4101	75.67131	-13.01872	-65.90727	43.93818	23.59643	87.87636	31.73313	-21.15542	-79.73966	0
7295	-34.17414	-63.46626	-5.69569	60.21158	-14.64606	-39.86983	44.75185	33.36047	91.13104	38.24249	-15.45973	-78.11232	0
7296	-25.22377	-36.61515	1.62734	41.49717	-9.76404	-22.78276	44.75185	35.80148	94.38572	44.75185	-12.20505	-79.73966	0
7297	-12.20505	-17.08707	0	21.96909	-1.62734	-13.83239	43.93818	34.17414	96.01306	51.26121	-9.76404	-82.18067	0
7298	-0.81367	-8.1367	-7.32303	8.95037	5.69569	-12.20505	45.56552	34.17414	96.82673	57.77057	-9.76404	-85.43535	0
7299	2.44101	-9.76404	-20.34175	7.32303	13.01872	-20.34175	48.8202	34.98781	97.6404	61.02525	-12.20505	-87.06269	0
7300	4.06835	-13.01872	-30.91946	12.20505	21.15542	-31.73313	52.07488	33.36047	95.19939	61.83892	-15.45973	-87.06269	0
7301	15.45973	-13.83239	-34.98781	16.2734	35.80148	-35.80148	52.88855	29.29212	91.94471	59.39791	-15.45973	-84.62168	0
7302	27.66478	-12.20505	-35.80148	17.90074	45.56552	-32.5468	48.8202	25.22377	90.31737	56.14323	-14.64606	-82.18067	0
7303	21.96909	-12.20505	-27.66478	10.57771	37.42882	-25.22377	44.75185	23.59643	91.94471	54.51589	-13.01872	-78.92599	0
7304	3.25468	-13.83239	-13.01872	-4.06835	16.2734	-15.45973	42.31084	21.96909	92.75838	56.9569	-9.76404	-75.67131	0
7305	-4.88202	-6.50936	-1.62734	-17.90074	1.62734	-7.32303	43.93818	22.78276	92.75838	64.27993	-1.62734	-71.60296	0
7306	0	6.50936	2.44101	-26.85111	0	-3.25468	47.19286	26.85111	96.01306	73.2303	8.1367	-70.78929	0
7307	8.95037	14.64606	3.25468	-30.10579	0	-1.62734	48.8202	30.10579	104.14976	83.80801	15.45973	-69.16195	0
7308	13.83239	11.39138	0.81367	-28.47845	0.81367	-2.44101	43.93818	30.10579	113.10013	91.94471	13.83239	-69.16195	0
7309	11.39138	3.25468	-0.81367	-22.78276	0	-4.06835	31.73313	25.22377	118.79582	92.75838	9.76404	-71.60296	0
7310	6.50936	0	2.44101	-13.83239	-3.25468	-0.81367	16.2734	18.71441	121.23683	90.31737	8.1367	-73.2303	0
7311	0.81367	2.44101	9.76404	-8.1367	-7.32303	4.88202	0.81367	10.57771	118.79582	87.87636	8.1367	-69.97562	0
7312	-0.81367	8.95037	10.57771	-8.1367	-7.32303	13.01872	-13.01872	-1.62734	113.10013	84.62168	8.1367	-65.90727	0
7313	0.81367	16.2734	6.50936	-9.76404	-2.44101	18.71441	-26.85111	-16.2734	107.40444	80.55333	8.95037	-61.83892	0
7314	4.06835	24.4101	8.1367	-10.57771	-0.81367	22.78276	-37.42882	-29.29212	102.52242	78.92599	13.01872	-56.9569	0
7315	4.88202	34.17414	21.15542	-11.39138	-3.25468	31.73313	-43.93818	-36.61515	101.70875	81.367	21.15542	-50.44754	0
7316	5.69569	46.37919	43.93818	-13.01872	-8.95037	43.93818	-47.19286	-35.80148	105.7771	89.5037	30.10579	-45.56552	0
7317	6.50936	60.21158	65.0936	-19.52808	-16.2734	52.07488	-46.37919	-28.47845	112.28646	98.45407	34.98781	-43.12451	0
7318	5.69569	68.34828	72.41663	-26.85111	-22.78276	55.32956	-44.75185	-19.52808	117.16848	104.14976	34.17414	-43.12451	0
7319	7.32303	68.34828	69.16195	-32.5468	-24.4101	56.14323	-42.31084	-12.20505	117.98215	102.52242	32.5468	-45.56552	0
7320	8.1367	66.72094	59.39791	-36.61515	-22.78276	56.9569	-37.42882	-10.57771	114.72747	95.19939	31.73313	-49.63387	0
7321	6.50936	65.0936	48.8202	-39.05616	-20.34175	59.39791	-30.91946	-10.57771	108.21811	86.24902	30.10579	-52.07488	0
7322	6.50936	61.02525	42.31084	-41.49717	-17.90074	61.02525	-23.59643	-9.76404	98.45407	80.55333	28.47845	-51.26121	0
7323	11.39138	57.77057	36.61515	-47.19286	-12.20505	55.32956	-21.15542	-11.39138	86.24902	77.29865	26.85111	-48.8202	0
7324	19.52808	57.77057	22.78276	-56.14323	-2.44101	44.75185	-25.22377	-21.96909	77.29865	74.04397	26.03744	-48.00653	0
7325	26.85111	49.63387	0.81367	-55.32956	11.39138	27.66478	-30.91946	-38.24249	72.41663	69.16195	25.22377	-48.8202	0
7326	27.66478	32.5468	-20.34175	-44.75185	28.47845	2.44101	-33.36047	-48.00653	73.2303	66.72094	23.59643	-51.26121	0
7327	21.96909	13.83239	-42.31084	-34.17414	40.6835	-23.59643	-30.91946	-45.56552	80.55333	69.16195	21.96909	-52.88855	0
7328	24.4101	0	-60.21158	-21.15542	50.44754	-43.12451	-24.4101	-33.36047	91.94471	74.04397	18.71441	-55.32956	0
7329	34.98781	-9.76404	-72.41663	-4.88202	60.21158	-51.26121	-17.90074	-15.45973	101.70875	78.11232	13.83239	-56.9569	0
7330	40.6835	-21.15542	-82.18067	6.50936	66.72094	-57.77057	-16.2734	0.81367	103.33609	78.92599	9.76404	-59.39791	0
7331	37.42882	-39.05616	-89.5037	14.64606	67.53461	-64.27993	-23.59643	9.76404	94.38572	78.11232	9.76404	-65.90727	0
7332	29.29212	-55.32956	-92.75838	21.15542	64.27993	-67.53461	-31.73313	8.1367	83.80801	74.04397	8.1367	-69.16195	0
7333	13.01872	-71.60296	-88.69003	32.5468	52.88855	-71.60296	-30.91946	0	78.11232	65.0936	3.25468	-69.16195	0
7334	-5.69569	-88.69003	-82.18067	47.19286	39.05616	-79.73966	-22.78276	-7.32303	73.2303	52.07488	-3.25468	-68.34828	0
7335	-15.45973	-106.59077	-84.62168	56.14323	34.98781	-88.69003	-13.83239	-14.64606	64.27993	35.80148	-13.83239	-69.97562	0
7336	-13.01872	-122.86417	-96.01306	58.58424	41.49717	-97.6404	-5.69569	-23.59643	50.44754	21.15542	-24.4101	-74.04397	0
7337	-6.50936	-137.51023	-108.21811	58.58424	49.63387	-107.40444	3.25468	-31.73313	39.05616	12.20505	-30.91946	-78.92599	0
7338	-4.06835	-148.08794	-118.79582	61.83892	56.14323	-117.98215	11.39138	-39.86983	33.36047	8.1367	-37.42882	-85.43535	0
7339	-9.76404	-155.41097	-126.11885	70.78929	56.9569	-128.55986	17.08707	-46.37919	33.36047	6.50936	-46.37919	-93.57205	0
7340	-18.71441	-158.66565	-126.93252	80.55333	52.88855	-134.25555	21.15542	-44.75185	40.6835	8.1367	-55.32956	-98.45407	0
7341	-31.73313	-158.66565	-122.86417	91.13104	43.93818	-135.06922	24.4101	-37.42882	52.07488	8.1367	-57.77057	-97.6404	0
7342	-44.75185	-152.96996	-120.42316	100.08141	39.05616	-135.06922	22.78276	-29.29212	61.83892	7.32303	-54.51589	-96.01306	0
7343	-52.88855	-143.20592	-119.60949	104.14976	40.6835	-132.62821	18.71441	-26.03744	66.72094	4.88202	-49.63387	-91.94471	0
7344	-54.51589	-136.69656	-117.16848	104.14976	41.49717	-129.37353	15.45973	-25.22377	66.72094	1.62734	-46.37919	-89.5037	0
7345	-52.07488	-137.51023	-112.28646	100.08141	39.05616	-125.30518	13.83239	-21.96909	68.34828	0.81367	-40.6835	-87.87636	0
7346	-45.56552	-141.57858	-106.59077	93.57205	35.80148	-121.23683	15.45973	-14.64606	70.78929	1.62734	-32.5468	-86.24902	0
7347	-40.6835	-146.4606	-108.21811	87.87636	38.24249	-122.0505	17.90074	-8.1367	72.41663	6.50936	-27.66478	-86.24902	0
7348	-39.05616	-152.96996	-119.60949	86.24902	45.56552	-131.00087	18.71441	-4.06835	70.78929	12.20505	-27.66478	-87.87636	0
7349	-40.6835	-160.29299	-131.81454	90.31737	51.26121	-141.57858	20.34175	-4.06835	65.90727	17.08707	-28.47845	-88.69003	0
7350	-44.75185	-166.80235	-136.69656	101.70875	52.07488	-146.4606	19.52808	-8.95037	58.58424	20.34175	-29.29212	-91.13104	0
7351	-46.37919	-170.8707	-135.06922	109.03178	50.44754	-145.64693	17.90074	-13.83239	52.88855	18.71441	-31.73313	-94.38572	0
7352	-47.19286	-170.8707	-129.37353	110.65912	46.37919	-142.39225	17.90074	-17.08707	52.07488	14.64606	-36.61515	-93.57205	0
7353	-43.93818	-167.61602	-127.74619	109.03178	44.75185	-139.95124	17.08707	-20.34175	52.88855	8.1367	-42.31084	-92.75838	0
7354	-34.17414	-160.29299	-130.1872	104.96343	49.63387	-139.95124	13.83239	-23.59643	52.88855	0.81367	-45.56552	-91.94471	0
7355	-23.59643	-152.96996	-135.06922	98.45407	56.14323	-141.57858	13.83239	-23.59643	52.07488	-0.81367	-47.19286	-88.69003	0
7356	-16.2734	-150.52895	-139.95124	91.94471	61.02525	-144.01959	19.52808	-18.71441	51.26121	-0.81367	-48.00653	-82.99434	0
7357	-17.08707	-152.15629	-139.95124	90.31737	61.02525	-145.64693	29.29212	-8.95037	53.70222	2.44101	-47.19286	-78.11232	0
7358	-21.15542	-153.78363	-139.13757	91.13104	57.77057	-147.27427	40.6835	3.25468	57.77057	10.57771	-41.49717	-74.04397	0
7359	-25.22377	-155.41097	-137.51023	93.57205	54.51589	-149.71528	51.26121	13.83239	63.46626	17.08707	-38.24249	-72.41663	0
7360	-30.91946	-155.41097	-136.69656	91.94471	53.70222	-148.90161	56.9569	16.2734	65.90727	20.34175	-41.49717	-76.48498	0
7361	-35.80148	-154.5973	-135.88289	87.06269	58.58424	-148.90161	56.14323	8.95037	64.27993	21.15542	-46.37919	-82.99434	0
7362	-36.61515	-161.10666	-134.25555	87.06269	65.0936	-154.5973	50.44754	-3.25468	54.51589	17.08707	-50.44754	-90.31737	0
7363	-39.86983	-175.75272	-138.3239	93.57205	66.72094	-165.17501	41.49717	-20.34175	33.36047	8.1367	-54.51589	-96.01306	0
7364	-51.26121	-192.02612	-139.95124	104.96343	57.77057	-172.49804	31.73313	-47.19286	0.81367	-2.44101	-60.21158	-98.45407	0
7365	-69.97562	-198.53548	-130.1872	117.16848	39.05616	-168.42969	21.15542	-91.13104	-40.6835	-14.64606	-67.53461	-96.82673	0
7366	-81.367	-187.95777	-109.03178	122.0505	17.90074	-150.52895	9.76404	-152.96996	-93.57205	-30.10579	-73.2303	-91.94471	0
7367	-79.73966	-162.734	-87.06269	114.72747	1.62734	-125.30518	-8.1367	-231.89595	-162.734	-52.88855	-74.04397	-86.24902	0
7368	-68.34828	-130.1872	-65.0936	96.01306	-8.95037	-96.82673	-39.05616	-321.39965	-253.05137	-81.367	-65.90727	-75.67131	0
7369	-54.51589	-90.31737	-37.42882	70.78929	-19.52808	-62.65259	-75.67131	-411.71702	-363.71049	-112.28646	-52.07488	-50.44754	0
7370	-42.31084	-38.24249	2.44101	39.05616	-32.5468	-15.45973	-113.10013	-498.77971	-493.89769	-138.3239	-29.29212	-7.32303	0
7371	-28.47845	28.47845	56.9569	-1.62734	-48.8202	44.75185	-148.08794	-595.60644	-639.54462	-157.03831	7.32303	51.26121	0
7372	-8.1367	107.40444	114.72747	-51.26121	-64.27993	113.9138	-186.33043	-709.52024	-794.14192	-170.05703	58.58424	120.42316	0
7373	16.2734	195.2808	180.63474	-105.7771	-83.80801	190.39878	-228.64127	-842.96212	-950.36656	-180.63474	119.60949	194.46713	0
7374	38.24249	298.61689	266.88376	-163.54767	-117.98215	284.7845	-276.6478	-999.18676	-1104.96386	-184.70309	193.65346	273.39312	0
7375	52.07488	423.1084	377.54288	-230.26861	-166.80235	401.13931	-330.35002	-1185.51719	-1264.44318	-180.63474	280.71615	362.89682	0
7376	66.72094	563.87331	500.40705	-309.1946	-220.50457	532.14018	-389.74793	-1397.07139	-1436.94122	-171.68437	375.91554	459.72355	0
7377	87.87636	716.84327	629.78058	-397.88463	-268.5111	673.71876	-462.16456	-1619.2033	-1618.38963	-154.5973	471.11493	557.36395	0
7378	107.40444	873.88158	760.78145	-490.64301	-309.1946	816.92468	-560.61863	-1833.19851	-1777.05528	-122.86417	564.68698	650.12233	0
7379	122.86417	1004.88245	868.18589	-571.19634	-344.18241	936.53417	-679.41445	-2016.27426	-1883.64605	-74.04397	649.30866	730.67566	0
7380	134.25555	1067.53504	916.19242	-611.87984	-364.52416	992.6774	-790.07357	-2138.32476	-1942.23029	-24.4101	698.94253	779.49586	0
7381	131.00087	1025.2242	879.57727	-588.28341	-355.57379	953.62124	-865.74488	-2172.4989	-1938.16194	3.25468	686.73748	773.80017	0
7382	110.65912	869.81323	748.5764	-497.96604	-308.38093	811.22899	-893.40966	-2104.15062	-1843.77622	8.95037	606.18415	704.63822	0
7383	82.18067	625.71223	537.0222	-358.82847	-222.13191	583.40139	-877.13626	-1951.18066	-1679.41488	-13.01872	460.53722	579.33304	0
7384	45.56552	331.16369	280.71615	-190.39878	-115.54114	307.56726	-830.75707	-1750.20417	-1499.59381	-91.13104	257.11972	414.15803	0
7385	0	34.17414	29.29212	-16.2734	-13.83239	31.73313	-777.05485	-1545.973	-1358.8289	-243.28733	17.90074	234.33696	0
7386	-41.49717	-215.62255	-179.82107	130.1872	68.34828	-198.53548	-733.93034	-1368.59294	-1273.39355	-455.6552	-217.24989	74.04397	0
7387	-65.90727	-397.88463	-337.67305	233.52329	135.06922	-368.59251	-704.63822	-1222.94601	-1231.08271	-686.73748	-410.90335	-45.56552	0
7388	-71.60296	-518.30779	-450.77318	295.36221	187.95777	-484.94732	-680.22812	-1094.38615	-1216.43665	-879.57727	-537.83587	-125.30518	0
7389	-67.53461	-589.91075	-524.00348	327.90901	227.01393	-557.36395	-649.30866	-964.19895	-1196.90857	-997.55942	-594.79277	-172.49804	0
7390	-60.21158	-624.89856	-563.87331	340.11406	250.61036	-593.9791	-606.18415	-822.62037	-1139.95167	-1030.91989	-602.1158	-192.83979	0
7391	-54.51589	-633.03526	-578.51937	340.92773	261.18807	-603.74314	-544.34523	-672.09142	-1036.61558	-989.42272	-577.7057	-194.46713	0
7392	-47.19286	-620.01654	-572.82368	330.35002	262.00174	-593.9791	-462.97823	-519.93513	-897.47801	-894.22333	-526.44449	-187.1441	0
7393	-34.17414	-588.28341	-555.73661	308.38093	260.3744	-570.38267	-371.84719	-378.35655	-746.13539	-772.17283	-459.72355	-176.56639	0
7394	-17.08707	-547.59991	-533.76752	281.52982	258.74706	-539.46321	-287.22551	-255.49238	-598.86112	-645.24031	-388.12059	-162.734	0
7395	-11.39138	-510.17109	-504.4754	261.18807	247.35568	-506.91641	-222.13191	-159.47932	-463.7919	-524.00348	-322.21332	-148.90161	0
7396	-18.71441	-479.25163	-464.60557	250.61036	222.94558	-471.9286	-178.19373	-92.75838	-344.18241	-418.22638	-267.69743	-136.69656	0
7397	-27.66478	-449.14584	-419.04005	243.28733	192.02612	-434.49978	-147.27427	-51.26121	-241.65999	-330.35002	-226.20026	-129.37353	0
7398	-35.80148	-417.41271	-376.72921	231.08228	165.17501	-397.88463	-117.16848	-24.4101	-157.03831	-258.74706	-192.02612	-122.86417	0
7399	-38.24249	-385.67958	-340.92773	214.80888	146.4606	-363.71049	-86.24902	-5.69569	-88.69003	-200.97649	-164.36134	-113.10013	0
7400	-34.17414	-353.13278	-313.26295	192.83979	135.88289	-331.97736	-52.07488	13.01872	-29.29212	-153.78363	-142.39225	-99.26774	0
7401	-23.59643	-317.3313	-291.29386	168.42969	131.81454	-302.68524	-16.2734	39.86983	26.03744	-112.28646	-119.60949	-85.43535	0
7402	-11.39138	-279.08881	-266.88376	141.57858	126.93252	-270.95211	18.71441	76.48498	77.29865	-71.60296	-92.75838	-74.04397	0
7403	-6.50936	-238.40531	-232.70962	119.60949	113.10013	-233.52329	49.63387	114.72747	117.16848	-38.24249	-69.16195	-66.72094	0
7404	-9.76404	-198.53548	-187.95777	104.96343	88.69003	-192.02612	72.41663	148.90161	143.20592	-10.57771	-49.63387	-61.83892	0
7405	-13.83239	-165.98868	-146.4606	96.82673	61.83892	-153.78363	84.62168	174.93905	161.92033	9.76404	-32.5468	-56.9569	0
7406	-18.71441	-143.20592	-120.42316	90.31737	46.37919	-127.74619	91.13104	189.58511	174.93905	24.4101	-21.96909	-53.70222	0
7407	-21.15542	-129.37353	-109.84545	83.80801	41.49717	-114.72747	93.57205	196.90814	185.51676	34.17414	-17.08707	-54.51589	0
7408	-21.15542	-123.67784	-105.7771	76.48498	40.6835	-110.65912	96.01306	203.4175	197.72181	43.12451	-16.2734	-58.58424	0
7409	-19.52808	-121.23683	-104.96343	70.78929	42.31084	-109.84545	101.70875	208.29952	213.18154	52.07488	-13.83239	-59.39791	0
7410	-17.08707	-121.23683	-102.52242	68.34828	40.6835	-109.84545	113.10013	212.36787	228.64127	61.02525	-9.76404	-56.9569	0
7411	-18.71441	-125.30518	-100.08141	72.41663	36.61515	-111.47279	125.30518	214.80888	237.59164	67.53461	-5.69569	-54.51589	0
7412	-21.15542	-132.62821	-99.26774	78.92599	34.98781	-115.54114	130.1872	211.5542	237.59164	69.16195	-5.69569	-55.32956	0
7413	-21.15542	-139.95124	-103.33609	82.18067	40.6835	-123.67784	125.30518	201.79016	229.45494	65.90727	-9.76404	-59.39791	0
7414	-15.45973	-143.20592	-114.72747	80.55333	52.88855	-133.44188	113.9138	189.58511	219.6909	62.65259	-13.01872	-62.65259	0
7415	-5.69569	-137.51023	-128.55986	75.67131	67.53461	-136.69656	104.14976	183.07575	216.43622	65.0936	-13.83239	-63.46626	0
7416	4.88202	-122.0505	-139.13757	67.53461	81.367	-135.06922	100.89508	187.1441	219.6909	70.78929	-13.83239	-63.46626	0
7417	19.52808	-109.03178	-144.01959	57.77057	88.69003	-132.62821	102.52242	194.46713	228.64127	81.367	-10.57771	-61.02525	0
7418	30.91946	-105.7771	-141.57858	52.07488	86.24902	-130.1872	106.59077	200.16282	240.84632	91.94471	-4.88202	-56.14323	0
7419	34.17414	-108.21811	-136.69656	49.63387	79.73966	-127.74619	112.28646	205.04484	251.42403	99.26774	0.81367	-52.88855	0
7420	31.73313	-111.47279	-132.62821	46.37919	75.67131	-125.30518	117.98215	208.29952	256.30605	101.70875	5.69569	-54.51589	0
7421	26.03744	-112.28646	-126.11885	44.75185	69.97562	-122.0505	123.67784	211.5542	257.11972	97.6404	5.69569	-58.58424	0
7422	20.34175	-108.21811	-117.98215	43.12451	65.90727	-115.54114	127.74619	215.62255	257.11972	92.75838	4.06835	-60.21158	0
7423	17.08707	-100.08141	-110.65912	39.05616	62.65259	-106.59077	130.1872	218.06356	257.93339	93.57205	7.32303	-55.32956	0
7424	18.71441	-88.69003	-100.08141	34.17414	60.21158	-91.13104	131.81454	219.6909	257.93339	102.52242	17.90074	-45.56552	0
7425	26.03744	-78.92599	-89.5037	28.47845	58.58424	-72.41663	136.69656	223.75925	258.74706	118.79582	33.36047	-31.73313	0
7426	30.91946	-70.78929	-87.87636	23.59643	56.9569	-60.21158	139.13757	229.45494	263.62908	134.25555	45.56552	-21.15542	0
7427	30.10579	-73.2303	-93.57205	27.66478	53.70222	-65.90727	135.06922	235.9643	270.13844	142.39225	48.8202	-18.71441	0
7428	24.4101	-87.06269	-98.45407	41.49717	48.00653	-81.367	129.37353	240.84632	279.08881	143.20592	44.75185	-24.4101	0
7429	17.08707	-99.26774	-102.52242	53.70222	44.75185	-96.82673	126.93252	242.47366	288.03918	139.95124	34.17414	-33.36047	0
7430	13.01872	-103.33609	-104.96343	54.51589	45.56552	-104.96343	129.37353	240.03265	293.73487	134.25555	21.15542	-43.12451	0
7431	14.64606	-98.45407	-102.52242	47.19286	46.37919	-104.96343	133.44188	235.15063	294.54854	128.55986	10.57771	-52.07488	0
7432	16.2734	-89.5037	-96.82673	38.24249	47.19286	-98.45407	138.3239	231.89595	289.66652	120.42316	4.88202	-57.77057	0
7433	17.08707	-77.29865	-90.31737	29.29212	48.00653	-87.87636	142.39225	231.08228	281.52982	111.47279	3.25468	-56.9569	0
7434	19.52808	-61.02525	-80.55333	19.52808	48.00653	-73.2303	146.4606	231.89595	274.20679	107.40444	3.25468	-55.32956	0
7435	19.52808	-43.12451	-73.2303	11.39138	44.75185	-59.39791	148.08794	236.77797	269.32477	110.65912	1.62734	-55.32956	0
7436	16.2734	-32.5468	-74.04397	8.1367	38.24249	-55.32956	142.39225	243.28733	267.69743	114.72747	1.62734	-56.9569	0
7437	18.71441	-27.66478	-81.367	8.95037	39.86983	-58.58424	131.81454	248.98302	271.76578	117.98215	2.44101	-59.39791	0
7438	28.47845	-26.03744	-86.24902	10.57771	48.00653	-60.21158	122.0505	256.30605	281.52982	121.23683	3.25468	-61.02525	0
7439	33.36047	-24.4101	-80.55333	9.76404	50.44754	-56.14323	116.35481	262.00174	291.29386	122.86417	8.1367	-60.21158	0
7440	29.29212	-23.59643	-68.34828	8.1367	45.56552	-49.63387	115.54114	265.25642	296.98955	119.60949	15.45973	-55.32956	0
7441	21.96909	-21.96909	-56.14323	6.50936	38.24249	-45.56552	119.60949	266.88376	296.17588	114.72747	21.15542	-45.56552	0
7442	17.90074	-20.34175	-48.00653	4.06835	33.36047	-44.75185	130.1872	269.32477	288.85285	112.28646	25.22377	-36.61515	0
7443	19.52808	-19.52808	-48.00653	0.81367	34.98781	-46.37919	140.76491	275.02046	282.34349	114.72747	32.5468	-26.85111	0
7444	21.15542	-20.34175	-49.63387	-2.44101	37.42882	-44.75185	148.90161	283.97083	284.7845	122.0505	43.93818	-17.90074	0
7445	15.45973	-23.59643	-48.00653	-2.44101	38.24249	-42.31084	154.5973	293.73487	294.54854	128.55986	54.51589	-11.39138	0
7446	6.50936	-29.29212	-43.12451	1.62734	38.24249	-40.6835	160.29299	305.12625	310.82194	132.62821	61.02525	-8.95037	0
7447	4.88202	-32.5468	-38.24249	3.25468	37.42882	-37.42882	168.42969	319.77231	333.6047	137.51023	66.72094	-6.50936	0
7448	11.39138	-30.91946	-31.73313	-3.25468	34.17414	-31.73313	178.19373	336.85938	357.20113	144.01959	71.60296	-1.62734	0
7449	15.45973	-23.59643	-21.96909	-10.57771	26.03744	-21.96909	182.26208	351.50544	373.47453	148.08794	72.41663	0	0
7450	11.39138	-18.71441	-8.95037	-8.1367	13.01872	-14.64606	178.19373	360.45581	379.17022	149.71528	69.97562	-4.88202	0
7451	4.06835	-21.96909	3.25468	0	1.62734	-16.2734	168.42969	360.45581	374.2882	146.4606	66.72094	-13.83239	0
7452	-0.81367	-25.22377	13.01872	8.1367	-1.62734	-19.52808	154.5973	356.38746	359.64214	138.3239	58.58424	-20.34175	0
7453	-2.44101	-18.71441	15.45973	7.32303	-0.81367	-15.45973	142.39225	353.94645	344.99608	129.37353	48.00653	-24.4101	0
7454	4.06835	0.81367	11.39138	-5.69569	6.50936	-4.06835	137.51023	356.38746	336.85938	126.11885	43.93818	-27.66478	0
7455	22.78276	27.66478	5.69569	-27.66478	17.90074	9.76404	137.51023	364.52416	338.48672	129.37353	47.19286	-29.29212	0
7456	40.6835	48.8202	2.44101	-44.75185	21.96909	22.78276	142.39225	376.72921	348.25076	135.06922	56.9569	-28.47845	0
7457	49.63387	61.02525	0	-53.70222	20.34175	33.36047	147.27427	393.00261	361.26948	144.01959	62.65259	-24.4101	0
7458	48.00653	67.53461	0.81367	-52.88855	15.45973	37.42882	150.52895	406.02133	371.84719	149.71528	60.21158	-21.15542	0
7459	40.6835	69.97562	6.50936	-48.8202	8.95037	38.24249	153.78363	413.34436	379.98389	148.08794	56.14323	-21.15542	0
7460	34.98781	72.41663	16.2734	-48.00653	0.81367	40.6835	155.41097	419.04005	383.23857	142.39225	55.32956	-23.59643	0
7461	35.80148	77.29865	26.03744	-54.51589	-7.32303	48.8202	157.03831	425.54941	380.79756	137.51023	56.14323	-23.59643	0
7462	37.42882	83.80801	36.61515	-61.02525	-12.20505	58.58424	161.10666	429.61776	371.84719	134.25555	60.21158	-20.34175	0
7463	34.98781	93.57205	52.88855	-65.90727	-17.90074	73.2303	165.17501	432.87244	360.45581	136.69656	69.97562	-8.1367	0
7464	31.73313	106.59077	77.29865	-67.53461	-30.10579	92.75838	166.80235	436.12712	350.69177	143.20592	83.80801	7.32303	0
7465	33.36047	117.16848	102.52242	-65.0936	-44.75185	111.47279	166.80235	439.3818	345.80975	152.15629	98.45407	24.4101	0
7466	39.86983	121.23683	118.79582	-68.34828	-51.26121	126.93252	166.80235	444.26382	344.18241	160.29299	109.84545	39.05616	0
7467	45.56552	121.23683	127.74619	-78.11232	-51.26121	138.3239	165.98868	449.14584	339.30039	163.54767	113.9138	43.93818	0
7468	44.75185	119.60949	129.37353	-83.80801	-52.07488	141.57858	163.54767	449.95951	331.97736	157.03831	105.7771	39.86983	0
7469	37.42882	117.16848	128.55986	-81.367	-51.26121	139.13757	160.29299	449.95951	327.09534	144.01959	95.19939	31.73313	0
7470	27.66478	111.47279	129.37353	-75.67131	-48.00653	136.69656	158.66565	455.6552	324.65433	132.62821	88.69003	26.03744	0
7471	18.71441	113.10013	129.37353	-74.04397	-46.37919	135.88289	157.03831	467.04658	323.02699	125.30518	86.24902	27.66478	0
7472	13.83239	126.93252	134.25555	-78.92599	-51.26121	141.57858	155.41097	475.99695	321.39965	125.30518	87.06269	32.5468	0
7473	11.39138	145.64693	143.20592	-84.62168	-58.58424	150.52895	152.96996	477.62429	317.3313	131.00087	93.57205	38.24249	0
7474	10.57771	161.10666	149.71528	-89.5037	-63.46626	158.66565	148.90161	474.36961	311.63561	135.88289	103.33609	45.56552	0
7475	13.01872	174.93905	160.29299	-92.75838	-71.60296	167.61602	142.39225	469.48759	306.75359	139.13757	113.10013	52.07488	0
7476	10.57771	181.44841	180.63474	-87.87636	-85.43535	179.0074	137.51023	463.7919	301.0579	143.20592	121.23683	56.9569	0
7477	-1.62734	181.44841	200.16282	-78.11232	-95.19939	187.95777	134.25555	454.84153	288.03918	144.01959	123.67784	61.02525	0
7478	-9.76404	187.95777	212.36787	-80.55333	-99.26774	198.53548	133.44188	446.70483	266.07009	138.3239	121.23683	66.72094	0
7479	0.81367	211.5542	220.50457	-102.52242	-97.6404	212.36787	136.69656	442.63648	243.28733	129.37353	117.98215	74.04397	0
7480	25.22377	244.101	226.20026	-135.06922	-93.57205	227.8276	139.95124	441.00914	224.57292	122.86417	113.9138	82.99434	0
7481	43.12451	274.20679	229.45494	-158.66565	-92.75838	240.84632	138.3239	438.56813	210.74053	115.54114	109.03178	91.94471	0
7482	49.63387	299.43056	235.15063	-170.05703	-96.01306	253.86504	131.81454	432.05877	200.97649	107.40444	106.59077	96.01306	0
7483	49.63387	319.77231	248.98302	-178.19373	-103.33609	271.76578	122.0505	422.29473	195.2808	99.26774	112.28646	100.08141	0
7484	40.6835	331.97736	271.76578	-183.07575	-117.16848	292.9212	113.10013	411.71702	188.77144	92.75838	122.86417	106.59077	0
7485	26.03744	337.67305	292.9212	-185.51676	-131.81454	310.82194	104.14976	402.76665	174.93905	85.43535	131.81454	111.47279	0
7486	16.2734	339.30039	305.12625	-186.33043	-140.76491	322.21332	92.75838	393.81628	154.5973	76.48498	135.88289	113.9138	0
7487	13.83239	340.11406	310.82194	-186.33043	-144.83326	328.72268	78.92599	387.30692	132.62821	67.53461	136.69656	115.54114	0
7488	14.64606	340.11406	314.89029	-185.51676	-147.27427	333.6047	65.0936	379.98389	110.65912	57.77057	136.69656	116.35481	0
7489	19.52808	344.99608	319.77231	-187.95777	-148.90161	339.30039	54.51589	371.03352	88.69003	48.8202	134.25555	118.79582	0
7490	26.03744	358.82847	327.09534	-195.2808	-147.27427	348.25076	48.8202	358.0148	65.90727	39.86983	131.81454	121.23683	0
7491	27.66478	381.61123	336.85938	-203.4175	-144.83326	362.89682	44.75185	340.11406	42.31084	28.47845	127.74619	122.86417	0
7492	32.5468	401.95298	351.50544	-214.80888	-148.90161	379.98389	38.24249	317.3313	17.08707	16.2734	124.49151	122.86417	0
7493	45.56552	414.9717	367.77884	-231.08228	-157.85198	393.00261	31.73313	292.9212	-4.06835	4.06835	120.42316	124.49151	0
7494	59.39791	427.17675	375.10187	-246.54201	-163.54767	401.95298	30.10579	272.57945	-21.15542	-4.06835	121.23683	130.1872	0
7495	74.85764	436.12712	372.66086	-262.00174	-161.10666	404.39399	31.73313	261.18807	-31.73313	-5.69569	126.93252	138.3239	0
7496	90.31737	441.00914	363.71049	-279.08881	-156.22464	399.51197	34.17414	256.30605	-37.42882	-1.62734	135.06922	144.01959	0
7497	93.57205	443.45015	356.38746	-285.59817	-153.78363	393.00261	33.36047	250.61036	-44.75185	0.81367	139.13757	150.52895	0
7498	83.80801	441.00914	354.76012	-276.6478	-155.41097	388.93426	28.47845	237.59164	-60.21158	-3.25468	135.06922	154.5973	0
7499	67.53461	432.87244	361.26948	-260.3744	-160.29299	389.74793	21.96909	217.24989	-86.24902	-16.2734	123.67784	153.78363	0
7500	49.63387	427.17675	371.03352	-245.72834	-170.8707	397.07096	13.83239	185.51676	-116.35481	-33.36047	106.59077	151.34262	0
7501	28.47845	423.1084	382.4249	-230.26861	-188.77144	406.835	2.44101	147.27427	-143.20592	-48.8202	88.69003	151.34262	0
7502	5.69569	419.04005	393.00261	-214.80888	-206.67218	415.78537	-5.69569	110.65912	-170.8707	-63.46626	80.55333	151.34262	0
7503	-0.81367	422.29473	395.44362	-211.5542	-218.06356	423.1084	-8.95037	79.73966	-200.16282	-74.85764	83.80801	153.78363	0
7504	10.57771	431.2451	392.18894	-221.31824	-217.24989	426.36308	-12.20505	57.77057	-223.75925	-81.367	90.31737	160.29299	0
7505	26.03744	438.56813	385.67958	-232.70962	-208.29952	424.73574	-18.71441	39.05616	-244.101	-87.06269	93.57205	165.98868	0
7506	35.80148	440.19547	379.17022	-239.21898	-192.02612	421.48106	-29.29212	17.90074	-262.81541	-91.13104	95.19939	167.61602	0
7507	39.05616	436.12712	374.2882	-239.21898	-174.93905	414.15803	-37.42882	-0.81367	-272.57945	-92.75838	94.38572	162.734	0
7508	35.80148	420.66739	369.40618	-230.26861	-162.734	400.32564	-43.12451	-17.08707	-276.6478	-95.19939	88.69003	150.52895	0
7509	29.29212	399.51197	360.45581	-216.43622	-158.66565	381.61123	-45.56552	-26.85111	-278.27514	-100.08141	80.55333	135.06922	0
7510	22.78276	384.05224	353.94645	-203.4175	-158.66565	366.96517	-40.6835	-29.29212	-275.83413	-104.96343	76.48498	120.42316	0
7511	19.52808	377.54288	349.8781	-196.90814	-160.29299	359.64214	-32.5468	-30.10579	-273.39312	-109.84545	74.85764	111.47279	0
7512	20.34175	377.54288	349.06443	-196.90814	-160.29299	359.64214	-28.47845	-31.73313	-275.02046	-112.28646	73.2303	107.40444	0
7513	25.22377	369.40618	342.55507	-192.83979	-158.66565	353.94645	-27.66478	-42.31084	-279.08881	-113.9138	67.53461	104.96343	0
7514	32.5468	341.7414	319.77231	-177.38006	-152.15629	329.53635	-30.10579	-65.90727	-280.71615	-118.79582	52.88855	100.89508	0
7515	36.61515	307.56726	283.15716	-157.85198	-138.3239	294.54854	-29.29212	-91.13104	-280.71615	-122.0505	39.05616	89.5037	0
7516	34.17414	282.34349	250.61036	-140.76491	-122.0505	265.25642	-24.4101	-105.7771	-274.20679	-117.16848	33.36047	73.2303	0
7517	34.17414	262.81541	230.26861	-127.74619	-109.84545	244.101	-17.08707	-107.40444	-260.3744	-109.84545	30.91946	60.21158	0
7518	35.80148	240.84632	214.80888	-118.79582	-102.52242	226.20026	-10.57771	-100.89508	-241.65999	-99.26774	27.66478	50.44754	0
7519	36.61515	216.43622	196.09447	-112.28646	-91.13104	205.04484	-7.32303	-93.57205	-219.6909	-87.87636	21.15542	41.49717	0
7520	36.61515	189.58511	168.42969	-105.7771	-74.04397	179.0074	-6.50936	-91.13104	-200.16282	-82.18067	14.64606	29.29212	0
7521	40.6835	162.734	138.3239	-99.26774	-55.32956	148.90161	-8.95037	-96.82673	-188.77144	-83.80801	9.76404	13.83239	0
7522	48.00653	141.57858	115.54114	-95.19939	-41.49717	122.0505	-13.01872	-104.14976	-183.07575	-85.43535	4.06835	0.81367	0
7523	51.26121	129.37353	100.89508	-92.75838	-32.5468	105.7771	-15.45973	-104.96343	-181.44841	-83.80801	-2.44101	-6.50936	0
7524	45.56552	120.42316	90.31737	-85.43535	-26.85111	96.82673	-18.71441	-104.14976	-180.63474	-80.55333	-9.76404	-13.01872	0
7525	31.73313	110.65912	82.99434	-71.60296	-26.85111	89.5037	-21.15542	-101.70875	-174.93905	-73.2303	-14.64606	-17.08707	0
7526	14.64606	100.89508	78.92599	-56.14323	-30.91946	82.18067	-21.15542	-92.75838	-157.85198	-62.65259	-12.20505	-17.08707	0
7527	2.44101	91.94471	78.11232	-43.12451	-35.80148	77.29865	-17.08707	-75.67131	-130.1872	-50.44754	-4.88202	-14.64606	0
7528	-5.69569	83.80801	78.92599	-32.5468	-41.49717	75.67131	-9.76404	-56.9569	-100.08141	-36.61515	0	-15.45973	0
7529	-13.83239	72.41663	79.73966	-21.96909	-47.19286	73.2303	-1.62734	-39.86983	-73.2303	-22.78276	0.81367	-20.34175	0
7530	-17.90074	55.32956	72.41663	-14.64606	-45.56552	63.46626	3.25468	-29.29212	-51.26121	-13.83239	-3.25468	-29.29212	0
7531	-15.45973	35.80148	52.07488	-8.1367	-34.17414	45.56552	3.25468	-29.29212	-36.61515	-12.20505	-12.20505	-39.86983	0
7532	-9.76404	18.71441	29.29212	-4.06835	-18.71441	26.03744	2.44101	-34.17414	-26.85111	-12.20505	-20.34175	-47.19286	0
7533	-9.76404	2.44101	13.01872	1.62734	-10.57771	9.76404	3.25468	-39.05616	-20.34175	-12.20505	-24.4101	-51.26121	0
7534	-21.15542	-13.01872	5.69569	16.2734	-11.39138	-1.62734	4.88202	-40.6835	-17.90074	-11.39138	-25.22377	-56.14323	0
7535	-38.24249	-29.29212	3.25468	31.73313	-21.15542	-12.20505	6.50936	-39.05616	-16.2734	-8.95037	-19.52808	-56.14323	0
7536	-50.44754	-42.31084	1.62734	41.49717	-34.17414	-20.34175	11.39138	-31.73313	-8.95037	-4.06835	-9.76404	-52.07488	0
7537	-56.14323	-53.70222	1.62734	45.56552	-42.31084	-22.78276	14.64606	-24.4101	2.44101	3.25468	-4.06835	-49.63387	0
7538	-51.26121	-60.21158	-3.25468	46.37919	-35.80148	-27.66478	14.64606	-20.34175	15.45973	13.83239	-5.69569	-52.88855	0
7539	-39.86983	-58.58424	-17.08707	46.37919	-17.08707	-34.17414	16.2734	-16.2734	29.29212	21.15542	-10.57771	-58.58424	0
7540	-31.73313	-52.07488	-28.47845	47.19286	0.81367	-36.61515	18.71441	-9.76404	45.56552	28.47845	-11.39138	-62.65259	0
7541	-26.85111	-49.63387	-33.36047	49.63387	11.39138	-39.05616	22.78276	-0.81367	63.46626	36.61515	-11.39138	-63.46626	0
7542	-21.15542	-56.14323	-33.36047	54.51589	13.01872	-42.31084	27.66478	6.50936	77.29865	41.49717	-12.20505	-63.46626	0
7543	-13.83239	-63.46626	-32.5468	56.9569	8.95037	-46.37919	28.47845	10.57771	78.92599	40.6835	-15.45973	-64.27993	0
7544	-5.69569	-61.02525	-34.17414	50.44754	6.50936	-46.37919	25.22377	10.57771	70.78929	34.17414	-19.52808	-66.72094	0
7545	2.44101	-48.00653	-35.80148	34.17414	8.95037	-45.56552	21.96909	8.1367	59.39791	28.47845	-22.78276	-67.53461	0
7546	9.76404	-34.17414	-35.80148	17.08707	14.64606	-46.37919	20.34175	4.88202	52.88855	27.66478	-24.4101	-66.72094	0
7547	13.01872	-26.03744	-39.86983	4.88202	22.78276	-48.8202	20.34175	2.44101	52.88855	30.91946	-26.03744	-67.53461	0
7548	9.76404	-29.29212	-51.26121	1.62734	32.5468	-53.70222	20.34175	0	58.58424	32.5468	-30.10579	-74.85764	0
7549	4.06835	-43.93818	-60.21158	9.76404	35.80148	-60.21158	21.15542	0	64.27993	30.91946	-34.17414	-85.43535	0
7550	3.25468	-60.21158	-60.21158	22.78276	30.91946	-63.46626	19.52808	7.32303	73.2303	28.47845	-32.5468	-92.75838	0
7551	3.25468	-72.41663	-61.02525	31.73313	23.59643	-63.46626	19.52808	23.59643	82.99434	30.10579	-28.47845	-94.38572	0
7552	4.88202	-79.73966	-67.53461	35.80148	17.90074	-66.72094	20.34175	41.49717	87.06269	35.80148	-23.59643	-89.5037	0
7553	1.62734	-86.24902	-75.67131	36.61515	17.90074	-70.78929	21.15542	51.26121	82.99434	37.42882	-21.15542	-82.18067	0
7554	-4.88202	-93.57205	-82.18067	35.80148	22.78276	-78.11232	18.71441	48.8202	72.41663	31.73313	-22.78276	-78.92599	0
7555	-8.95037	-92.75838	-83.80801	32.5468	29.29212	-81.367	16.2734	34.98781	58.58424	25.22377	-28.47845	-78.92599	0
7556	-6.50936	-84.62168	-82.18067	32.5468	34.98781	-77.29865	14.64606	17.90074	52.07488	22.78276	-35.80148	-82.18067	0
7557	-4.88202	-76.48498	-79.73966	36.61515	36.61515	-69.16195	12.20505	6.50936	56.14323	24.4101	-38.24249	-85.43535	0
7558	-6.50936	-73.2303	-74.85764	43.12451	34.17414	-63.46626	11.39138	3.25468	71.60296	30.91946	-34.98781	-85.43535	0
7559	-13.01872	-81.367	-72.41663	53.70222	29.29212	-68.34828	11.39138	7.32303	94.38572	39.05616	-32.5468	-85.43535	0
7560	-20.34175	-102.52242	-74.04397	69.16195	26.85111	-84.62168	11.39138	17.08707	113.10013	43.93818	-30.91946	-88.69003	0
7561	-28.47845	-121.23683	-74.04397	81.367	26.03744	-100.08141	7.32303	24.4101	118.79582	43.12451	-30.91946	-96.82673	0
7562	-31.73313	-126.11885	-72.41663	87.06269	26.03744	-104.96343	0	26.03744	112.28646	35.80148	-34.98781	-101.70875	0
7563	-27.66478	-113.9138	-68.34828	85.43535	26.85111	-96.82673	-8.1367	26.85111	98.45407	25.22377	-43.12451	-104.96343	0
7564	-25.22377	-94.38572	-60.21158	77.29865	22.78276	-81.367	-15.45973	27.66478	82.18067	14.64606	-48.8202	-108.21811	0
7565	-30.91946	-80.55333	-52.07488	69.16195	17.08707	-67.53461	-21.96909	26.85111	69.97562	7.32303	-52.88855	-110.65912	0
7566	-37.42882	-70.78929	-46.37919	61.83892	14.64606	-56.14323	-26.03744	25.22377	65.90727	4.88202	-54.51589	-111.47279	0
7567	-36.61515	-60.21158	-41.49717	51.26121	13.01872	-46.37919	-18.71441	21.96909	73.2303	9.76404	-51.26121	-109.03178	0
7568	-19.52808	-49.63387	-43.93818	33.36047	19.52808	-43.12451	0	22.78276	90.31737	23.59643	-41.49717	-102.52242	0
7569	6.50936	-44.75185	-62.65259	13.83239	39.86983	-50.44754	20.34175	26.85111	109.84545	39.05616	-32.5468	-94.38572	0
7570	21.96909	-55.32956	-85.43535	8.1367	60.21158	-69.16195	34.17414	34.98781	124.49151	48.00653	-28.47845	-87.06269	0
7571	19.52808	-78.11232	-100.89508	20.34175	68.34828	-91.13104	39.86983	44.75185	135.06922	50.44754	-27.66478	-78.92599	0
7572	12.20505	-99.26774	-110.65912	36.61515	69.97562	-107.40444	40.6835	53.70222	145.64693	52.88855	-24.4101	-73.2303	0
7573	4.06835	-110.65912	-113.10013	46.37919	65.0936	-114.72747	40.6835	60.21158	157.85198	56.9569	-17.08707	-69.16195	0
7574	-4.06835	-117.98215	-107.40444	50.44754	53.70222	-114.72747	38.24249	65.90727	166.80235	59.39791	-13.83239	-68.34828	0
7575	-9.76404	-119.60949	-94.38572	49.63387	39.86983	-109.03178	34.17414	72.41663	169.24336	57.77057	-15.45973	-70.78929	0
7576	-15.45973	-117.16848	-79.73966	51.26121	32.5468	-97.6404	29.29212	81.367	167.61602	56.14323	-17.90074	-74.04397	0
7577	-23.59643	-117.16848	-69.16195	58.58424	29.29212	-86.24902	25.22377	88.69003	163.54767	54.51589	-21.96909	-79.73966	0
7578	-31.73313	-113.10013	-67.53461	66.72094	26.85111	-82.99434	20.34175	91.94471	159.47932	51.26121	-28.47845	-87.87636	0
7579	-34.17414	-101.70875	-73.2303	74.04397	26.85111	-87.87636	17.08707	88.69003	157.03831	45.56552	-37.42882	-98.45407	0
7580	-22.78276	-89.5037	-82.99434	71.60296	34.17414	-92.75838	19.52808	82.18067	153.78363	41.49717	-44.75185	-105.7771	0
7581	-6.50936	-80.55333	-91.13104	60.21158	43.93818	-91.94471	28.47845	75.67131	151.34262	42.31084	-45.56552	-107.40444	0
7582	3.25468	-76.48498	-92.75838	48.8202	48.8202	-88.69003	34.98781	69.97562	152.15629	43.12451	-45.56552	-104.96343	0
7583	8.1367	-74.04397	-91.94471	39.86983	51.26121	-84.62168	34.98781	63.46626	150.52895	40.6835	-48.00653	-104.14976	0
7584	6.50936	-72.41663	-86.24902	35.80148	48.00653	-80.55333	30.10579	56.9569	146.4606	35.80148	-50.44754	-104.96343	0
7585	-2.44101	-71.60296	-77.29865	39.05616	39.86983	-78.92599	22.78276	52.07488	141.57858	32.5468	-50.44754	-106.59077	0
7586	-11.39138	-71.60296	-68.34828	42.31084	30.91946	-81.367	16.2734	51.26121	135.88289	30.10579	-48.8202	-109.84545	0
7587	-19.52808	-76.48498	-63.46626	47.19286	22.78276	-84.62168	13.01872	56.14323	129.37353	29.29212	-47.19286	-109.84545	0
7588	-30.91946	-89.5037	-62.65259	55.32956	15.45973	-87.87636	13.83239	63.46626	127.74619	30.91946	-43.93818	-106.59077	0
7589	-46.37919	-104.96343	-64.27993	66.72094	7.32303	-91.13104	16.2734	70.78929	133.44188	36.61515	-37.42882	-102.52242	0
7590	-59.39791	-113.10013	-67.53461	79.73966	2.44101	-89.5037	19.52808	76.48498	142.39225	42.31084	-30.91946	-102.52242	0
7591	-66.72094	-113.10013	-69.16195	86.24902	2.44101	-86.24902	21.15542	80.55333	154.5973	43.93818	-30.10579	-105.7771	0
7592	-67.53461	-108.21811	-70.78929	82.18067	8.95037	-83.80801	21.96909	82.18067	165.98868	43.12451	-32.5468	-106.59077	0
7593	-61.83892	-102.52242	-70.78929	71.60296	14.64606	-82.18067	21.96909	82.18067	173.31171	39.86983	-35.80148	-104.96343	0
7594	-52.07488	-98.45407	-68.34828	61.83892	19.52808	-80.55333	22.78276	82.18067	175.75272	33.36047	-39.86983	-102.52242	0
7595	-37.42882	-96.01306	-65.90727	53.70222	26.85111	-81.367	26.85111	82.99434	174.12538	26.85111	-40.6835	-100.08141	0
7596	-21.15542	-96.01306	-69.16195	48.00653	34.98781	-86.24902	32.5468	84.62168	168.42969	24.4101	-40.6835	-100.89508	0
7597	-8.95037	-98.45407	-77.29865	44.75185	40.6835	-92.75838	39.86983	87.06269	158.66565	24.4101	-41.49717	-102.52242	0
7598	-7.32303	-103.33609	-85.43535	48.00653	42.31084	-99.26774	48.8202	91.13104	147.27427	27.66478	-43.12451	-104.14976	0
7599	-14.64606	-113.9138	-90.31737	58.58424	38.24249	-104.96343	56.9569	92.75838	140.76491	30.10579	-48.00653	-105.7771	0
7600	-18.71441	-122.0505	-91.13104	66.72094	31.73313	-109.03178	63.46626	89.5037	137.51023	28.47845	-56.14323	-109.84545	0
7601	-10.57771	-123.67784	-89.5037	63.46626	29.29212	-109.84545	65.0936	82.18067	134.25555	22.78276	-65.0936	-116.35481	0
7602	2.44101	-122.0505	-89.5037	51.26121	34.98781	-105.7771	63.46626	69.16195	128.55986	16.2734	-73.2303	-122.86417	0
7603	1.62734	-119.60949	-86.24902	47.19286	35.80148	-97.6404	63.46626	56.14323	119.60949	13.83239	-75.67131	-125.30518	0
7604	-13.83239	-117.98215	-77.29865	56.14323	27.66478	-91.94471	63.46626	48.00653	110.65912	15.45973	-74.85764	-120.42316	0
7605	-26.85111	-114.72747	-74.85764	64.27993	23.59643	-91.13104	60.21158	44.75185	102.52242	21.15542	-75.67131	-112.28646	0
7606	-29.29212	-111.47279	-78.11232	65.90727	26.03744	-93.57205	49.63387	45.56552	98.45407	26.03744	-74.85764	-106.59077	0
7607	-24.4101	-107.40444	-83.80801	62.65259	30.91946	-96.82673	34.17414	52.07488	101.70875	28.47845	-71.60296	-106.59077	0
7608	-15.45973	-104.14976	-91.94471	56.9569	39.05616	-100.08141	25.22377	63.46626	111.47279	34.17414	-66.72094	-106.59077	0
7609	-4.88202	-102.52242	-104.14976	48.8202	46.37919	-104.96343	23.59643	73.2303	123.67784	41.49717	-61.83892	-104.14976	0
7610	-2.44101	-104.14976	-117.98215	45.56552	48.8202	-113.10013	26.85111	75.67131	135.88289	45.56552	-62.65259	-106.59077	0
7611	-8.95037	-104.96343	-125.30518	52.07488	46.37919	-120.42316	30.91946	70.78929	143.20592	46.37919	-68.34828	-114.72747	0
7612	-20.34175	-105.7771	-118.79582	63.46626	39.86983	-119.60949	32.5468	58.58424	142.39225	39.86983	-72.41663	-121.23683	0
7613	-34.98781	-108.21811	-100.08141	74.04397	27.66478	-110.65912	31.73313	43.93818	136.69656	31.73313	-69.97562	-122.0505	0
7614	-47.19286	-110.65912	-82.18067	80.55333	16.2734	-101.70875	29.29212	32.5468	128.55986	26.03744	-65.90727	-120.42316	0
7615	-56.9569	-117.98215	-72.41663	86.24902	8.95037	-98.45407	26.85111	23.59643	120.42316	20.34175	-61.83892	-119.60949	0
7616	-62.65259	-125.30518	-69.16195	90.31737	5.69569	-100.89508	26.03744	19.52808	116.35481	20.34175	-55.32956	-116.35481	0
7617	-60.21158	-127.74619	-69.97562	89.5037	6.50936	-106.59077	29.29212	21.15542	117.98215	27.66478	-44.75185	-109.03178	0
7618	-46.37919	-124.49151	-77.29865	79.73966	15.45973	-109.03178	32.5468	29.29212	120.42316	37.42882	-38.24249	-103.33609	0
7619	-26.03744	-117.16848	-91.13104	65.0936	29.29212	-108.21811	33.36047	36.61515	120.42316	41.49717	-42.31084	-105.7771	0
7620	-8.95037	-107.40444	-109.03178	53.70222	39.86983	-107.40444	32.5468	39.86983	120.42316	37.42882	-55.32956	-114.72747	0
7621	0	-100.89508	-120.42316	48.00653	48.00653	-103.33609	29.29212	39.86983	122.0505	29.29212	-69.16195	-127.74619	0
7622	-2.44101	-98.45407	-116.35481	51.26121	47.19286	-98.45407	23.59643	36.61515	123.67784	21.15542	-79.73966	-139.13757	0
7623	-22.78276	-100.89508	-99.26774	63.46626	33.36047	-96.01306	19.52808	31.73313	122.86417	17.08707	-81.367	-142.39225	0
7624	-47.19286	-106.59077	-79.73966	73.2303	14.64606	-93.57205	17.08707	27.66478	120.42316	17.08707	-74.85764	-135.88289	0
7625	-61.02525	-113.9138	-64.27993	80.55333	2.44101	-90.31737	16.2734	25.22377	114.72747	19.52808	-62.65259	-125.30518	0
7626	-61.83892	-119.60949	-56.9569	84.62168	0	-87.06269	16.2734	24.4101	107.40444	22.78276	-48.8202	-114.72747	0
7627	-56.9569	-122.0505	-56.9569	85.43535	1.62734	-86.24902	17.08707	26.03744	102.52242	26.85111	-39.05616	-106.59077	0
7628	-52.88855	-123.67784	-66.72094	87.87636	7.32303	-95.19939	17.90074	29.29212	100.89508	29.29212	-34.17414	-100.89508	0
7629	-49.63387	-126.11885	-84.62168	93.57205	17.08707	-108.21811	18.71441	30.10579	101.70875	30.91946	-34.98781	-100.08141	0
7630	-41.49717	-130.1872	-101.70875	95.19939	30.10579	-114.72747	22.78276	30.10579	105.7771	34.17414	-38.24249	-102.52242	0
7631	-29.29212	-125.30518	-113.9138	81.367	42.31084	-113.9138	30.10579	29.29212	109.03178	36.61515	-39.86983	-104.96343	0
7632	-17.08707	-109.03178	-121.23683	55.32956	51.26121	-109.84545	35.80148	26.03744	109.03178	36.61515	-40.6835	-106.59077	0
7633	-4.06835	-90.31737	-123.67784	34.17414	57.77057	-104.96343	37.42882	20.34175	106.59077	34.98781	-40.6835	-106.59077	0
7634	8.1367	-76.48498	-117.98215	21.96909	61.83892	-96.82673	38.24249	16.2734	102.52242	34.17414	-39.05616	-103.33609	0
7635	17.90074	-68.34828	-101.70875	13.01872	60.21158	-82.18067	38.24249	15.45973	100.89508	34.98781	-32.5468	-96.82673	0
7636	13.01872	-65.90727	-82.18067	13.83239	47.19286	-67.53461	35.80148	13.01872	97.6404	35.80148	-27.66478	-91.94471	0
7637	-4.88202	-67.53461	-66.72094	26.03744	26.03744	-57.77057	29.29212	4.88202	90.31737	35.80148	-27.66478	-93.57205	0
7638	-30.91946	-76.48498	-52.88855	43.12451	4.06835	-56.14323	24.4101	-0.81367	78.11232	34.17414	-31.73313	-99.26774	0
7639	-56.14323	-94.38572	-43.93818	60.21158	-11.39138	-62.65259	21.15542	-2.44101	63.46626	30.10579	-36.61515	-108.21811	0
7640	-70.78929	-114.72747	-45.56552	76.48498	-17.08707	-73.2303	17.08707	0	54.51589	22.78276	-36.61515	-115.54114	0
7641	-73.2303	-126.11885	-54.51589	83.80801	-11.39138	-82.18067	17.08707	1.62734	48.00653	18.71441	-35.80148	-117.98215	0
7642	-65.0936	-123.67784	-65.90727	79.73966	0	-89.5037	21.15542	2.44101	46.37919	19.52808	-37.42882	-114.72747	0
7643	-48.00653	-113.9138	-76.48498	74.04397	14.64606	-95.19939	26.85111	1.62734	51.26121	22.78276	-39.05616	-110.65912	0
7644	-34.17414	-106.59077	-82.18067	72.41663	25.22377	-96.82673	30.10579	0	59.39791	25.22377	-39.05616	-106.59077	0
7645	-32.5468	-97.6404	-74.85764	69.97562	27.66478	-89.5037	32.5468	-2.44101	68.34828	30.10579	-36.61515	-99.26774	0
7646	-31.73313	-80.55333	-55.32956	59.39791	27.66478	-71.60296	34.17414	-2.44101	77.29865	38.24249	-33.36047	-87.06269	0
7647	-22.78276	-54.51589	-36.61515	39.86983	26.03744	-48.8202	38.24249	0.81367	85.43535	48.8202	-24.4101	-74.85764	0
7648	-8.1367	-30.10579	-24.4101	17.90074	22.78276	-29.29212	43.93818	8.95037	94.38572	61.02525	-11.39138	-66.72094	0
7649	4.88202	-17.08707	-22.78276	3.25468	22.78276	-21.96909	50.44754	19.52808	104.96343	68.34828	-3.25468	-62.65259	0
7650	16.2734	-19.52808	-33.36047	-0.81367	26.03744	-26.85111	55.32956	28.47845	113.10013	67.53461	0	-65.0936	0
7651	21.15542	-27.66478	-48.00653	0.81367	27.66478	-37.42882	56.14323	33.36047	117.16848	61.02525	0.81367	-71.60296	0
7652	20.34175	-39.86983	-61.02525	8.95037	30.10579	-49.63387	52.88855	30.91946	115.54114	50.44754	0	-77.29865	0
7653	14.64606	-53.70222	-72.41663	18.71441	34.17414	-61.83892	46.37919	22.78276	107.40444	38.24249	-8.95037	-82.99434	0
7654	9.76404	-61.02525	-76.48498	25.22377	37.42882	-68.34828	39.05616	15.45973	96.82673	29.29212	-17.08707	-87.06269	0
7655	5.69569	-57.77057	-61.02525	30.10579	27.66478	-59.39791	34.98781	13.83239	87.06269	30.10579	-21.15542	-82.99434	0
7656	4.06835	-43.12451	-29.29212	34.17414	3.25468	-33.36047	34.98781	14.64606	82.18067	41.49717	-20.34175	-71.60296	0
7657	1.62734	-20.34175	-1.62734	31.73313	-14.64606	0	39.05616	19.52808	83.80801	56.9569	-13.83239	-59.39791	0
7658	-2.44101	3.25468	16.2734	22.78276	-23.59643	23.59643	44.75185	28.47845	91.13104	70.78929	-2.44101	-52.07488	0
7659	-7.32303	22.78276	28.47845	10.57771	-27.66478	34.98781	49.63387	39.86983	101.70875	82.99434	5.69569	-46.37919	0
7660	-1.62734	36.61515	32.5468	-4.88202	-22.78276	38.24249	52.07488	49.63387	114.72747	91.94471	11.39138	-42.31084	0
7661	10.57771	46.37919	28.47845	-23.59643	-10.57771	39.05616	46.37919	55.32956	126.93252	95.19939	13.83239	-40.6835	0
7662	21.15542	50.44754	22.78276	-39.05616	0	37.42882	27.66478	50.44754	131.81454	91.94471	11.39138	-43.93818	0
7663	27.66478	49.63387	17.90074	-46.37919	5.69569	34.17414	-1.62734	33.36047	128.55986	82.18067	1.62734	-52.88855	0
7664	31.73313	50.44754	15.45973	-48.8202	9.76404	32.5468	-34.17414	4.88202	117.16848	66.72094	-8.1367	-61.83892	0
7665	31.73313	54.51589	18.71441	-48.8202	8.95037	35.80148	-56.14323	-25.22377	100.08141	52.88855	-16.2734	-65.0936	0
7666	30.10579	57.77057	25.22377	-45.56552	4.06835	41.49717	-63.46626	-48.8202	81.367	45.56552	-24.4101	-63.46626	0
7667	26.85111	59.39791	33.36047	-39.05616	-0.81367	48.8202	-61.02525	-61.02525	64.27993	43.12451	-27.66478	-61.02525	0
7668	21.96909	61.02525	43.12451	-30.91946	-9.76404	56.9569	-54.51589	-60.21158	53.70222	46.37919	-20.34175	-56.9569	0
7669	15.45973	66.72094	51.26121	-26.85111	-15.45973	63.46626	-47.19286	-48.00653	52.88855	56.9569	-7.32303	-48.00653	0
7670	8.1367	68.34828	50.44754	-27.66478	-17.08707	62.65259	-40.6835	-34.17414	56.9569	66.72094	6.50936	-40.6835	0
7671	0	56.9569	41.49717	-23.59643	-18.71441	51.26121	-39.05616	-22.78276	63.46626	74.04397	17.90074	-39.05616	0
7672	-12.20505	30.91946	28.47845	-8.95037	-21.15542	34.98781	-40.6835	-17.08707	69.97562	75.67131	21.96909	-42.31084	0
7673	-24.4101	0.81367	14.64606	9.76404	-21.15542	18.71441	-43.93818	-15.45973	75.67131	69.97562	17.08707	-49.63387	0
7674	-21.96909	-14.64606	-0.81367	16.2734	-11.39138	4.06835	-43.93818	-15.45973	77.29865	61.02525	8.95037	-56.9569	0
7675	-4.06835	-15.45973	-18.71441	8.1367	12.20505	-3.25468	-39.05616	-17.08707	76.48498	52.07488	6.50936	-61.02525	0
7676	13.83239	-8.1367	-35.80148	-4.06835	39.05616	-3.25468	-30.91946	-21.15542	75.67131	45.56552	8.95037	-61.02525	0
7677	23.59643	0	-43.12451	-13.83239	56.9569	-0.81367	-21.15542	-27.66478	76.48498	46.37919	10.57771	-55.32956	0
7678	18.71441	0	-39.05616	-11.39138	61.02525	-2.44101	-14.64606	-34.98781	80.55333	52.07488	11.39138	-48.8202	0
7679	5.69569	-13.83239	-33.36047	0.81367	52.88855	-12.20505	-12.20505	-39.86983	87.87636	59.39791	10.57771	-43.93818	0
7680	2.44101	-35.80148	-43.93818	15.45973	48.00653	-34.17414	-13.01872	-39.05616	96.82673	65.90727	8.95037	-41.49717	0
7681	8.95037	-57.77057	-68.34828	27.66478	52.88855	-60.21158	-13.83239	-34.17414	102.52242	70.78929	6.50936	-41.49717	0
7682	14.64606	-74.04397	-87.87636	35.80148	57.77057	-79.73966	-11.39138	-22.78276	101.70875	69.97562	4.06835	-43.93818	0
7683	15.45973	-82.99434	-98.45407	39.05616	58.58424	-91.13104	-7.32303	-9.76404	96.82673	64.27993	0.81367	-48.00653	0
7684	15.45973	-86.24902	-102.52242	39.05616	58.58424	-95.19939	-2.44101	-4.06835	90.31737	54.51589	-4.06835	-53.70222	0
7685	8.95037	-85.43535	-97.6404	36.61515	52.88855	-93.57205	0.81367	-3.25468	83.80801	44.75185	-9.76404	-60.21158	0
7686	-2.44101	-80.55333	-86.24902	31.73313	41.49717	-87.87636	6.50936	-4.88202	78.92599	39.86983	-12.20505	-65.0936	0
7687	-10.57771	-67.53461	-77.29865	26.03744	32.5468	-82.99434	13.83239	-4.06835	76.48498	38.24249	-12.20505	-65.90727	0
7688	-13.83239	-56.9569	-69.16195	25.22377	26.85111	-77.29865	20.34175	-3.25468	74.04397	37.42882	-13.83239	-65.0936	0
7689	-14.64606	-61.02525	-66.72094	30.91946	24.4101	-74.85764	24.4101	-4.88202	70.78929	34.98781	-17.08707	-67.53461	0
7690	-12.20505	-76.48498	-74.85764	41.49717	28.47845	-82.18067	29.29212	-4.88202	69.97562	31.73313	-20.34175	-70.78929	0
7691	-11.39138	-100.08141	-89.5037	52.88855	36.61515	-100.89508	30.91946	-5.69569	70.78929	28.47845	-21.96909	-75.67131	0
7692	-12.20505	-127.74619	-109.84545	63.46626	45.56552	-129.37353	28.47845	-7.32303	73.2303	24.4101	-26.85111	-81.367	0
7693	-7.32303	-153.78363	-132.62821	74.04397	53.70222	-156.22464	21.96909	-10.57771	75.67131	17.08707	-36.61515	-88.69003	0
7694	6.50936	-164.36134	-149.71528	82.18067	62.65259	-167.61602	15.45973	-17.08707	72.41663	7.32303	-48.00653	-97.6404	0
7695	25.22377	-157.03831	-157.85198	84.62168	74.85764	-165.17501	10.57771	-26.03744	63.46626	0	-56.9569	-107.40444	0
7696	39.05616	-148.08794	-161.92033	82.18067	87.06269	-159.47932	8.95037	-32.5468	52.07488	-4.06835	-59.39791	-113.10013	0
7697	40.6835	-144.01959	-163.54767	75.67131	95.19939	-157.03831	6.50936	-36.61515	40.6835	-4.88202	-57.77057	-113.9138	0
7698	34.17414	-140.76491	-161.92033	70.78929	96.01306	-152.96996	3.25468	-37.42882	34.17414	-6.50936	-57.77057	-111.47279	0
7699	20.34175	-136.69656	-149.71528	68.34828	85.43535	-144.01959	1.62734	-33.36047	34.17414	-9.76404	-62.65259	-110.65912	0
7700	0	-132.62821	-125.30518	68.34828	61.02525	-128.55986	5.69569	-26.85111	39.05616	-12.20505	-66.72094	-107.40444	0
7701	-16.2734	-126.93252	-97.6404	71.60296	33.36047	-111.47279	16.2734	-20.34175	45.56552	-12.20505	-65.90727	-103.33609	0
7702	-29.29212	-116.35481	-76.48498	70.78929	13.83239	-95.19939	27.66478	-15.45973	53.70222	-9.76404	-63.46626	-97.6404	0
7703	-36.61515	-104.14976	-61.83892	62.65259	5.69569	-83.80801	35.80148	-13.83239	59.39791	-7.32303	-59.39791	-91.94471	0
7704	-35.80148	-94.38572	-53.70222	50.44754	4.88202	-77.29865	41.49717	-13.83239	58.58424	-4.88202	-56.9569	-87.06269	0
7705	-30.10579	-89.5037	-56.9569	44.75185	7.32303	-74.04397	45.56552	-14.64606	53.70222	-6.50936	-59.39791	-87.06269	0
7706	-24.4101	-94.38572	-68.34828	51.26121	12.20505	-80.55333	43.12451	-19.52808	44.75185	-8.95037	-61.83892	-88.69003	0
7707	-26.03744	-112.28646	-84.62168	65.0936	20.34175	-97.6404	34.17414	-26.85111	35.80148	-9.76404	-64.27993	-92.75838	0
7708	-30.91946	-132.62821	-105.7771	78.11232	32.5468	-118.79582	23.59643	-27.66478	34.98781	-4.88202	-62.65259	-96.82673	0
7709	-33.36047	-150.52895	-124.49151	87.06269	44.75185	-137.51023	17.08707	-19.52808	42.31084	4.88202	-56.9569	-96.01306	0
7710	-34.98781	-164.36134	-134.25555	96.82673	49.63387	-148.90161	15.45973	-7.32303	54.51589	16.2734	-53.70222	-90.31737	0
7711	-37.42882	-172.49804	-138.3239	103.33609	50.44754	-154.5973	15.45973	3.25468	68.34828	21.15542	-53.70222	-84.62168	0
7712	-38.24249	-177.38006	-141.57858	111.47279	52.07488	-158.66565	21.96909	13.83239	80.55333	23.59643	-55.32956	-82.18067	0
7713	-36.61515	-179.82107	-145.64693	119.60949	55.32956	-161.92033	31.73313	21.15542	89.5037	27.66478	-54.51589	-79.73966	0
7714	-31.73313	-180.63474	-152.15629	121.23683	61.02525	-165.98868	39.05616	19.52808	88.69003	30.10579	-53.70222	-77.29865	0
7715	-23.59643	-174.93905	-161.10666	110.65912	69.97562	-165.17501	39.86983	-1.62734	69.97562	25.22377	-57.77057	-78.11232	0
7716	-18.71441	-162.734	-170.05703	92.75838	78.92599	-159.47932	38.24249	-43.12451	31.73313	13.01872	-63.46626	-79.73966	0
7717	-18.71441	-150.52895	-171.68437	76.48498	82.99434	-152.96996	32.5468	-96.01306	-19.52808	-4.88202	-69.16195	-82.99434	0
7718	-17.90074	-139.95124	-157.03831	68.34828	74.85764	-142.39225	21.96909	-153.78363	-84.62168	-28.47845	-76.48498	-83.80801	0
7719	-17.90074	-126.93252	-124.49151	67.53461	52.07488	-122.86417	0	-221.31824	-171.68437	-59.39791	-82.99434	-79.73966	0
7720	-22.78276	-107.40444	-83.80801	65.90727	24.4101	-94.38572	-30.10579	-303.49891	-283.97083	-96.82673	-82.99434	-67.53461	0
7721	-25.22377	-71.60296	-38.24249	51.26121	0	-53.70222	-65.0936	-398.6983	-414.9717	-131.81454	-68.34828	-42.31084	0
7722	-21.15542	-14.64606	13.83239	21.15542	-21.96909	0	-101.70875	-510.98476	-558.99129	-159.47932	-35.80148	0.81367	0
7723	-11.39138	56.14323	71.60296	-19.52808	-43.93818	63.46626	-142.39225	-645.24031	-712.77492	-179.82107	11.39138	60.21158	0
7724	2.44101	138.3239	129.37353	-72.41663	-61.02525	133.44188	-187.1441	-792.51458	-868.18589	-188.77144	72.41663	129.37353	0
7725	22.78276	235.9643	191.21245	-138.3239	-73.2303	212.36787	-230.26861	-942.22986	-1020.34218	-187.95777	146.4606	209.92686	0
7726	44.75185	347.43709	272.57945	-209.11319	-99.26774	308.38093	-274.20679	-1096.01349	-1172.49847	-183.88942	234.33696	300.24423	0
7727	62.65259	472.74227	384.05224	-279.90248	-148.08794	426.36308	-326.28167	-1270.95254	-1333.60513	-174.93905	330.35002	397.07096	0
7728	80.55333	615.13452	516.68045	-357.20113	-209.92686	563.87331	-389.74793	-1475.99738	-1506.91684	-161.10666	427.99042	496.3387	0
7729	100.08141	773.80017	655.81802	-445.89116	-270.95211	713.58859	-474.36961	-1707.89333	-1687.55158	-138.3239	524.00348	593.16543	0
7730	112.28646	925.14279	786.81889	-532.95385	-321.39965	855.16717	-583.40139	-1941.41662	-1843.77622	-98.45407	606.18415	686.73748	0
7731	121.23683	1035.80191	890.96865	-591.53809	-360.45581	963.38528	-704.63822	-2137.51109	-1948.73965	-45.56552	660.70004	762.40879	0
7732	126.93252	1070.78972	940.60252	-600.48846	-388.12059	1007.32346	-809.60165	-2261.18893	-2007.32389	-3.25468	684.29647	799.83761	0
7733	122.0505	1013.83282	903.1737	-561.4323	-382.4249	959.31693	-877.13626	-2283.97169	-2000.00086	11.39138	662.32738	780.30953	0
7734	117.16848	862.4902	758.34044	-480.87897	-318.95864	809.60165	-897.47801	-2201.79102	-1898.29211	4.88202	580.14671	702.19721	0
7735	106.59077	623.27122	524.81715	-358.0148	-209.92686	572.82368	-877.94993	-2036.61601	-1723.35306	-32.5468	434.49978	572.82368	0
7736	79.73966	327.90901	251.42403	-200.16282	-87.06269	288.03918	-838.0801	-1824.24814	-1527.25859	-129.37353	228.64127	405.20766	0
7737	46.37919	25.22377	-16.2734	-33.36047	27.66478	2.44101	-799.02394	-1602.9299	-1369.40661	-301.0579	-12.20505	225.38659	0
7738	14.64606	-237.59164	-241.65999	116.35481	119.60949	-241.65999	-768.91815	-1409.27644	-1273.39355	-532.14018	-246.54201	64.27993	0
7739	-9.76404	-433.68611	-406.835	228.64127	187.1441	-421.48106	-749.39007	-1253.86547	-1228.6417	-755.89943	-428.80409	-59.39791	0
7740	-23.59643	-552.48193	-506.91641	295.36221	234.33696	-533.76752	-730.67566	-1119.60992	-1218.87766	-911.3104	-536.20853	-139.13757	0
7741	-27.66478	-608.62516	-553.2956	323.02699	264.44275	-589.91075	-698.12886	-983.72703	-1204.2316	-994.30474	-585.02873	-179.0074	0
7742	-21.96909	-615.94819	-567.12799	321.39965	282.34349	-602.1158	-642.7993	-830.75707	-1138.32433	-1006.50979	-588.28341	-192.83979	0
7743	-12.20505	-589.09708	-558.17762	305.12625	288.85285	-582.58772	-563.87331	-661.51371	-1013.83282	-948.73922	-552.48193	-191.21245	0
7744	0.81367	-549.22725	-542.71789	285.59817	288.85285	-552.48193	-474.36961	-496.3387	-852.72616	-846.2168	-496.3387	-182.26208	0
7745	17.90074	-516.68045	-533.76752	266.88376	288.85285	-529.69917	-388.12059	-358.0148	-690.80583	-729.04832	-436.94079	-174.93905	0
7746	28.47845	-498.77971	-525.63082	248.98302	282.34349	-514.23944	-310.00827	-255.49238	-545.97257	-615.13452	-379.98389	-168.42969	0
7747	33.36047	-484.94732	-505.28907	235.9643	264.44275	-496.3387	-241.65999	-183.07575	-421.48106	-510.17109	-327.90901	-161.10666	0
7748	31.73313	-462.16456	-474.36961	224.57292	240.84632	-469.48759	-185.51676	-131.81454	-315.70396	-414.9717	-280.71615	-152.96996	0
7749	24.4101	-426.36308	-434.49978	206.67218	217.24989	-431.2451	-139.13757	-93.57205	-224.57292	-332.79103	-239.21898	-142.39225	0
7750	12.20505	-384.86591	-384.86591	189.58511	188.77144	-385.67958	-103.33609	-64.27993	-145.64693	-265.25642	-207.48585	-133.44188	0
7751	-0.81367	-344.99608	-336.04571	174.93905	161.10666	-340.11406	-75.67131	-37.42882	-79.73966	-211.5542	-182.26208	-130.1872	0
7752	-10.57771	-305.12625	-293.73487	161.92033	138.3239	-298.61689	-46.37919	-2.44101	-19.52808	-163.54767	-156.22464	-123.67784	0
7753	-21.15542	-270.13844	-251.42403	155.41097	113.9138	-260.3744	-13.83239	41.49717	35.80148	-117.98215	-126.11885	-111.47279	0
7754	-34.17414	-242.47366	-204.23117	155.41097	80.55333	-223.75925	16.2734	89.5037	83.80801	-78.92599	-96.82673	-95.19939	0
7755	-40.6835	-218.06356	-161.10666	153.78363	44.75185	-187.95777	40.6835	131.81454	118.79582	-48.00653	-74.85764	-82.18067	0
7756	-39.05616	-188.77144	-133.44188	138.3239	22.78276	-154.5973	58.58424	160.29299	143.20592	-23.59643	-63.46626	-74.04397	0
7757	-30.10579	-157.85198	-120.42316	110.65912	21.15542	-130.1872	71.60296	170.8707	160.29299	-4.88202	-55.32956	-68.34828	0
7758	-13.83239	-136.69656	-119.60949	81.367	34.98781	-119.60949	82.18067	170.8707	173.31171	6.50936	-49.63387	-66.72094	0
7759	6.50936	-125.30518	-130.1872	61.02525	56.9569	-121.23683	90.31737	170.05703	184.70309	14.64606	-47.19286	-69.16195	0
7760	25.22377	-121.23683	-144.83326	50.44754	79.73966	-129.37353	96.01306	176.56639	196.09447	22.78276	-46.37919	-72.41663	0
7761	34.98781	-123.67784	-157.85198	46.37919	94.38572	-138.3239	100.08141	187.1441	208.29952	30.91946	-43.93818	-72.41663	0
7762	34.98781	-127.74619	-163.54767	44.75185	99.26774	-144.83326	105.7771	196.09447	218.06356	39.86983	-40.6835	-72.41663	0
7763	27.66478	-130.1872	-156.22464	44.75185	92.75838	-140.76491	113.9138	200.16282	227.01393	48.8202	-34.17414	-69.16195	0
7764	14.64606	-131.81454	-136.69656	46.37919	76.48498	-127.74619	122.0505	199.34915	231.89595	57.77057	-26.03744	-63.46626	0
7765	-2.44101	-133.44188	-117.16848	54.51589	57.77057	-116.35481	122.86417	195.2808	230.26861	61.83892	-17.90074	-57.77057	0
7766	-20.34175	-136.69656	-104.96343	68.34828	42.31084	-111.47279	117.98215	191.21245	222.94558	61.83892	-12.20505	-54.51589	0
7767	-30.91946	-139.13757	-98.45407	81.367	32.5468	-113.10013	113.9138	190.39878	218.06356	60.21158	-12.20505	-54.51589	0
7768	-36.61515	-137.51023	-93.57205	87.06269	26.85111	-113.9138	111.47279	193.65346	221.31824	61.02525	-12.20505	-55.32956	0
7769	-36.61515	-130.1872	-86.24902	84.62168	21.96909	-110.65912	116.35481	202.60383	235.9643	65.90727	-8.95037	-53.70222	0
7770	-26.03744	-117.98215	-82.18067	72.41663	25.22377	-103.33609	128.55986	218.06356	256.30605	73.2303	-3.25468	-50.44754	0
7771	-8.95037	-103.33609	-83.80801	54.51589	34.98781	-94.38572	144.83326	235.15063	272.57945	78.11232	2.44101	-47.19286	0
7772	5.69569	-95.19939	-91.94471	41.49717	47.19286	-87.87636	155.41097	243.28733	278.27514	78.11232	4.88202	-49.63387	0
7773	16.2734	-96.82673	-107.40444	35.80148	61.02525	-87.06269	157.85198	240.84632	277.46147	74.85764	4.06835	-53.70222	0
7774	16.2734	-102.52242	-116.35481	39.86983	65.90727	-91.13104	152.96996	232.70962	271.76578	74.04397	4.06835	-55.32956	0
7775	4.88202	-111.47279	-111.47279	48.8202	55.32956	-97.6404	140.76491	222.13191	264.44275	74.04397	4.88202	-54.51589	0
7776	-7.32303	-117.98215	-94.38572	56.14323	34.17414	-100.89508	126.11885	213.99521	259.56073	75.67131	8.1367	-52.88855	0
7777	-20.34175	-113.9138	-72.41663	59.39791	13.01872	-100.89508	119.60949	214.80888	258.74706	82.18067	14.64606	-47.19286	0
7778	-23.59643	-101.70875	-61.02525	55.32956	7.32303	-96.82673	121.23683	224.57292	264.44275	96.01306	24.4101	-38.24249	0
7779	-16.2734	-88.69003	-66.72094	45.56552	18.71441	-91.94471	126.93252	238.40531	272.57945	110.65912	30.91946	-32.5468	0
7780	-8.95037	-78.11232	-81.367	35.80148	37.42882	-91.94471	132.62821	252.2377	279.90248	118.79582	31.73313	-32.5468	0
7781	-7.32303	-72.41663	-93.57205	35.80148	49.63387	-93.57205	139.13757	261.18807	287.22551	122.0505	26.85111	-36.61515	0
7782	-5.69569	-70.78929	-100.08141	39.86983	53.70222	-96.01306	143.20592	263.62908	294.54854	123.67784	21.96909	-41.49717	0
7783	0	-72.41663	-104.96343	40.6835	56.9569	-97.6404	145.64693	260.3744	300.24423	126.93252	19.52808	-42.31084	0
7784	4.88202	-78.11232	-106.59077	37.42882	58.58424	-99.26774	147.27427	253.86504	300.24423	129.37353	18.71441	-40.6835	0
7785	4.06835	-84.62168	-100.89508	33.36047	52.88855	-96.82673	146.4606	247.35568	296.17588	127.74619	18.71441	-40.6835	0
7786	4.06835	-87.87636	-91.94471	33.36047	45.56552	-90.31737	142.39225	245.72834	292.9212	124.49151	18.71441	-39.86983	0
7787	0.81367	-87.87636	-85.43535	34.98781	42.31084	-82.99434	135.88289	247.35568	290.48019	121.23683	15.45973	-39.86983	0
7788	-4.88202	-84.62168	-78.92599	37.42882	39.86983	-77.29865	127.74619	249.79669	286.41184	117.98215	9.76404	-43.93818	0
7789	-9.76404	-83.80801	-72.41663	39.86983	32.5468	-74.04397	122.86417	253.86504	283.15716	114.72747	6.50936	-49.63387	0
7790	-14.64606	-87.06269	-65.0936	42.31084	25.22377	-75.67131	121.23683	258.74706	283.15716	111.47279	8.95037	-52.88855	0
7791	-17.08707	-90.31737	-60.21158	44.75185	23.59643	-78.92599	126.11885	266.88376	286.41184	110.65912	12.20505	-50.44754	0
7792	-14.64606	-87.87636	-60.21158	43.93818	26.85111	-79.73966	135.88289	279.90248	288.85285	109.84545	14.64606	-44.75185	0
7793	-8.1367	-76.48498	-59.39791	38.24249	29.29212	-73.2303	145.64693	292.10753	289.66652	107.40444	17.08707	-39.05616	0
7794	1.62734	-56.14323	-54.51589	24.4101	30.10579	-60.21158	150.52895	302.68524	292.9212	104.96343	21.15542	-32.5468	0
7795	12.20505	-29.29212	-48.8202	7.32303	29.29212	-43.93818	152.15629	311.63561	304.31258	105.7771	30.91946	-27.66478	0
7796	21.15542	-0.81367	-42.31084	-8.95037	25.22377	-29.29212	152.15629	318.95864	319.77231	105.7771	44.75185	-25.22377	0
7797	26.85111	19.52808	-32.5468	-21.15542	20.34175	-15.45973	148.08794	321.39965	331.16369	109.03178	53.70222	-21.15542	0
7798	26.03744	21.15542	-30.10579	-27.66478	20.34175	-12.20505	140.76491	322.21332	331.16369	112.28646	51.26121	-21.15542	0
7799	20.34175	9.76404	-35.80148	-26.03744	26.03744	-18.71441	134.25555	324.65433	327.09534	112.28646	42.31084	-25.22377	0
7800	13.83239	0	-34.98781	-17.08707	26.03744	-21.96909	133.44188	325.468	322.21332	109.03178	31.73313	-28.47845	0
7801	5.69569	-4.06835	-26.03744	-7.32303	17.90074	-17.90074	137.51023	324.65433	317.3313	105.7771	23.59643	-30.91946	0
7802	-4.06835	-8.95037	-14.64606	2.44101	6.50936	-12.20505	142.39225	323.02699	312.44928	103.33609	20.34175	-33.36047	0
7803	-13.83239	-9.76404	-2.44101	10.57771	-4.88202	-6.50936	141.57858	323.84066	307.56726	102.52242	17.90074	-35.80148	0
7804	-17.08707	-5.69569	9.76404	13.01872	-15.45973	0.81367	138.3239	325.468	302.68524	100.89508	17.90074	-34.98781	0
7805	-16.2734	0.81367	23.59643	12.20505	-25.22377	8.95037	135.88289	328.72268	304.31258	104.96343	21.15542	-26.85111	0
7806	-15.45973	8.1367	34.98781	8.1367	-31.73313	13.83239	138.3239	337.67305	315.70396	118.79582	26.85111	-9.76404	0
7807	-5.69569	14.64606	34.17414	-3.25468	-26.03744	16.2734	140.76491	353.94645	330.35002	135.88289	37.42882	6.50936	0
7808	13.01872	21.15542	18.71441	-19.52808	-6.50936	13.83239	139.13757	375.10187	344.99608	148.90161	49.63387	14.64606	0
7809	33.36047	26.03744	0	-32.5468	13.83239	8.95037	135.88289	397.07096	357.20113	154.5973	56.14323	13.83239	0
7810	48.8202	30.10579	-12.20505	-41.49717	28.47845	7.32303	139.95124	415.78537	364.52416	153.78363	56.9569	7.32303	0
7811	52.88855	30.91946	-14.64606	-47.19286	31.73313	9.76404	151.34262	429.61776	367.77884	149.71528	54.51589	0.81367	0
7812	43.12451	27.66478	-10.57771	-50.44754	26.03744	11.39138	163.54767	436.94079	368.59251	146.4606	52.07488	-2.44101	0
7813	30.10579	26.03744	-1.62734	-50.44754	14.64606	14.64606	168.42969	437.75446	368.59251	142.39225	51.26121	-3.25468	0
7814	22.78276	34.98781	10.57771	-51.26121	4.06835	23.59643	165.98868	435.31345	367.77884	138.3239	52.88855	-1.62734	0
7815	22.78276	52.88855	31.73313	-51.26121	-8.1367	42.31084	158.66565	435.31345	366.1515	135.06922	58.58424	4.06835	0
7816	28.47845	72.41663	58.58424	-51.26121	-24.4101	65.0936	150.52895	440.19547	362.89682	131.81454	69.16195	14.64606	0
7817	33.36047	89.5037	82.18067	-56.14323	-37.42882	87.87636	145.64693	448.33217	358.82847	131.81454	79.73966	26.03744	0
7818	40.6835	104.96343	96.82673	-72.41663	-39.05616	107.40444	147.27427	458.90988	356.38746	135.88289	88.69003	35.80148	0
7819	50.44754	119.60949	103.33609	-91.13104	-34.98781	121.23683	151.34262	471.9286	353.94645	139.13757	95.19939	42.31084	0
7820	57.77057	133.44188	106.59077	-104.96343	-33.36047	127.74619	156.22464	489.01567	350.69177	140.76491	96.82673	45.56552	0
7821	58.58424	146.4606	110.65912	-109.84545	-33.36047	133.44188	158.66565	502.03439	348.25076	141.57858	98.45407	47.19286	0
7822	58.58424	157.85198	113.10013	-109.03178	-32.5468	139.13757	157.03831	506.91641	343.36874	140.76491	99.26774	49.63387	0
7823	56.9569	164.36134	117.98215	-107.40444	-33.36047	144.83326	151.34262	503.66173	336.85938	135.88289	98.45407	51.26121	0
7824	39.05616	165.98868	133.44188	-106.59077	-48.8202	152.96996	144.01959	494.71136	326.28167	127.74619	96.82673	51.26121	0
7825	10.57771	168.42969	159.47932	-109.03178	-71.60296	165.98868	137.51023	485.76099	311.63561	118.79582	97.6404	52.07488	0
7826	-5.69569	180.63474	185.51676	-114.72747	-86.24902	184.70309	135.88289	480.87897	296.17588	113.10013	103.33609	55.32956	0
7827	-4.06835	204.23117	205.04484	-119.60949	-91.13104	205.04484	138.3239	480.87897	283.97083	114.72747	113.9138	59.39791	0
7828	5.69569	228.64127	216.43622	-120.42316	-94.38572	221.31824	139.95124	483.31998	275.83413	120.42316	122.86417	67.53461	0
7829	15.45973	244.91467	222.94558	-121.23683	-99.26774	229.45494	137.51023	484.94732	270.95211	122.86417	126.93252	76.48498	0
7830	21.96909	253.05137	227.01393	-125.30518	-104.14976	230.26861	131.00087	485.76099	267.69743	123.67784	123.67784	83.80801	0
7831	26.03744	255.49238	231.08228	-130.1872	-109.03178	229.45494	123.67784	481.69264	263.62908	122.0505	117.16848	89.5037	0
7832	27.66478	256.30605	232.70962	-135.06922	-112.28646	232.70962	114.72747	472.74227	257.11972	117.16848	112.28646	91.94471	0
7833	28.47845	260.3744	235.15063	-140.76491	-114.72747	238.40531	104.96343	463.7919	248.16935	109.03178	110.65912	94.38572	0
7834	29.29212	266.88376	240.84632	-145.64693	-115.54114	247.35568	95.19939	453.21419	232.70962	96.82673	112.28646	99.26774	0
7835	29.29212	275.83413	253.05137	-148.90161	-121.23683	261.18807	85.43535	438.56813	212.36787	83.80801	117.16848	106.59077	0
7836	27.66478	292.9212	272.57945	-156.22464	-130.1872	281.52982	78.92599	423.92207	191.21245	74.04397	125.30518	117.98215	0
7837	31.73313	321.39965	294.54854	-174.12538	-136.69656	308.38093	78.11232	415.78537	174.93905	69.16195	135.88289	130.1872	0
7838	39.86983	353.13278	314.07662	-195.2808	-139.95124	331.97736	82.99434	415.78537	163.54767	71.60296	148.08794	144.01959	0
7839	43.12451	373.47453	332.79103	-207.48585	-144.01959	349.8781	87.06269	421.48106	153.78363	74.04397	160.29299	156.22464	0
7840	39.05616	384.05224	349.06443	-209.92686	-152.96996	362.08315	88.69003	423.92207	139.13757	70.78929	165.17501	162.734	0
7841	27.66478	386.49325	362.08315	-207.48585	-165.98868	371.03352	84.62168	415.78537	117.98215	57.77057	159.47932	161.10666	0
7842	11.39138	383.23857	373.47453	-202.60383	-179.82107	375.91554	73.2303	396.25729	91.94471	38.24249	148.90161	153.78363	0
7843	-3.25468	380.79756	383.23857	-195.2808	-193.65346	380.79756	56.9569	366.96517	62.65259	20.34175	137.51023	145.64693	0
7844	-9.76404	383.23857	388.12059	-192.83979	-200.97649	385.67958	39.86983	336.85938	33.36047	4.06835	131.00087	142.39225	0
7845	-5.69569	392.18894	385.67958	-198.53548	-198.53548	391.37527	26.03744	315.70396	8.1367	-6.50936	129.37353	148.08794	0
7846	4.06835	405.20766	379.98389	-212.36787	-189.58511	396.25729	17.08707	303.49891	-13.83239	-10.57771	129.37353	162.734	0
7847	19.52808	416.59904	374.2882	-226.20026	-181.44841	398.6983	11.39138	291.29386	-35.80148	-10.57771	131.81454	175.75272	0
7848	31.73313	425.54941	376.72921	-235.15063	-178.19373	402.76665	9.76404	272.57945	-56.9569	-10.57771	137.51023	183.07575	0
7849	36.61515	431.2451	388.12059	-240.03265	-181.44841	411.71702	12.20505	248.16935	-74.85764	-11.39138	143.20592	187.95777	0
7850	39.05616	436.12712	402.76665	-241.65999	-183.88942	419.85372	15.45973	218.06356	-91.13104	-17.08707	147.27427	188.77144	0
7851	39.86983	436.94079	414.15803	-240.84632	-183.07575	420.66739	14.64606	188.77144	-106.59077	-29.29212	148.90161	187.1441	0
7852	36.61515	432.87244	419.85372	-235.9643	-182.26208	416.59904	10.57771	163.54767	-120.42316	-46.37919	144.01959	185.51676	0
7853	30.91946	428.80409	423.1084	-230.26861	-181.44841	410.90335	4.06835	141.57858	-138.3239	-64.27993	133.44188	182.26208	0
7854	18.71441	426.36308	420.66739	-219.6909	-181.44841	406.835	-5.69569	116.35481	-163.54767	-83.80801	122.0505	178.19373	0
7855	3.25468	419.85372	404.39399	-202.60383	-184.70309	399.51197	-22.78276	83.80801	-199.34915	-100.89508	113.10013	173.31171	0
7856	0	401.13931	379.17022	-186.33043	-186.33043	383.23857	-45.56552	44.75185	-236.77797	-110.65912	105.7771	167.61602	0
7857	6.50936	376.72921	358.0148	-173.31171	-180.63474	366.1515	-62.65259	11.39138	-261.18807	-112.28646	101.70875	164.36134	0
7858	7.32303	358.0148	348.25076	-166.80235	-173.31171	358.0148	-69.97562	-7.32303	-267.69743	-106.59077	100.08141	161.92033	0
7859	4.06835	349.06443	349.06443	-172.49804	-170.8707	361.26948	-69.16195	-17.90074	-262.81541	-100.89508	97.6404	157.85198	0
7860	-2.44101	350.69177	355.57379	-180.63474	-172.49804	366.96517	-60.21158	-21.96909	-252.2377	-96.82673	92.75838	150.52895	0
7861	-7.32303	352.31911	359.64214	-182.26208	-177.38006	366.96517	-46.37919	-24.4101	-244.101	-95.19939	86.24902	140.76491	0
7862	-8.1367	349.8781	363.71049	-175.75272	-184.70309	362.89682	-33.36047	-29.29212	-244.101	-96.82673	77.29865	131.00087	0
7863	-9.76404	345.80975	362.08315	-169.24336	-187.95777	354.76012	-26.85111	-41.49717	-255.49238	-102.52242	66.72094	122.0505	0
7864	-11.39138	340.92773	348.25076	-167.61602	-179.82107	341.7414	-26.03744	-61.02525	-275.83413	-113.10013	52.88855	113.9138	0
7865	-6.50936	332.79103	327.90901	-167.61602	-162.734	326.28167	-29.29212	-82.99434	-296.98955	-122.86417	38.24249	105.7771	0
7866	-4.88202	312.44928	304.31258	-158.66565	-146.4606	305.12625	-36.61515	-104.14976	-312.44928	-132.62821	29.29212	96.01306	0
7867	-10.57771	277.46147	279.08881	-136.69656	-137.51023	276.6478	-43.93818	-122.0505	-318.95864	-139.13757	21.15542	82.18067	0
7868	-20.34175	237.59164	253.86504	-108.21811	-134.25555	244.101	-46.37919	-135.88289	-310.82194	-138.3239	14.64606	68.34828	0
7869	-31.73313	203.4175	232.70962	-84.62168	-131.00087	216.43622	-42.31084	-140.76491	-288.85285	-127.74619	13.83239	59.39791	0
7870	-41.49717	178.19373	216.43622	-67.53461	-128.55986	196.09447	-33.36047	-133.44188	-256.30605	-111.47279	18.71441	55.32956	0
7871	-48.8202	157.85198	204.23117	-55.32956	-126.93252	179.82107	-23.59643	-114.72747	-221.31824	-97.6404	22.78276	51.26121	0
7872	-48.8202	138.3239	183.88942	-48.8202	-117.16848	161.10666	-18.71441	-92.75838	-194.46713	-90.31737	22.78276	45.56552	0
7873	-34.98781	117.16848	153.78363	-45.56552	-93.57205	136.69656	-19.52808	-78.92599	-182.26208	-91.13104	14.64606	37.42882	0
7874	-16.2734	97.6404	126.11885	-44.75185	-65.0936	114.72747	-22.78276	-79.73966	-183.07575	-96.01306	4.88202	26.85111	0
7875	0	87.06269	104.14976	-47.19286	-42.31084	92.75838	-24.4101	-90.31737	-184.70309	-94.38572	-1.62734	14.64606	0
7876	6.50936	82.99434	89.5037	-48.00653	-30.10579	72.41663	-22.78276	-101.70875	-178.19373	-83.80801	-6.50936	5.69569	0
7877	-5.69569	70.78929	83.80801	-34.98781	-26.85111	57.77057	-16.2734	-104.96343	-162.734	-69.97562	-4.88202	0.81367	0
7878	-34.17414	46.37919	81.367	-7.32303	-30.91946	45.56552	-8.95037	-97.6404	-148.08794	-60.21158	-1.62734	-1.62734	0
7879	-60.21158	18.71441	75.67131	20.34175	-40.6835	34.17414	-3.25468	-83.80801	-135.88289	-52.88855	-2.44101	-8.95037	0
7880	-73.2303	-4.88202	65.0936	39.86983	-50.44754	25.22377	0	-67.53461	-122.86417	-48.8202	-8.1367	-17.08707	0
7881	-77.29865	-21.96909	48.8202	50.44754	-48.00653	22.78276	0.81367	-52.07488	-103.33609	-42.31084	-12.20505	-20.34175	0
7882	-67.53461	-25.22377	29.29212	46.37919	-30.10579	25.22377	-1.62734	-38.24249	-75.67131	-31.73313	-10.57771	-18.71441	0
7883	-44.75185	-15.45973	13.01872	30.91946	-9.76404	26.03744	-8.1367	-32.5468	-50.44754	-21.96909	-8.95037	-19.52808	0
7884	-21.96909	-5.69569	0.81367	13.83239	1.62734	23.59643	-14.64606	-32.5468	-34.98781	-16.2734	-8.95037	-22.78276	0
7885	-2.44101	0	-2.44101	3.25468	8.95037	19.52808	-19.52808	-32.5468	-30.10579	-11.39138	-7.32303	-24.4101	0
7886	5.69569	0	0	3.25468	9.76404	14.64606	-21.96909	-31.73313	-32.5468	-8.1367	-4.88202	-25.22377	0
7887	2.44101	-1.62734	5.69569	13.01872	1.62734	11.39138	-17.08707	-28.47845	-30.91946	-5.69569	-2.44101	-26.85111	0
7888	-4.88202	1.62734	13.83239	24.4101	-8.95037	12.20505	-9.76404	-24.4101	-21.15542	1.62734	3.25468	-25.22377	0
7889	-14.64606	3.25468	19.52808	31.73313	-18.71441	12.20505	-6.50936	-21.96909	-8.1367	13.01872	11.39138	-21.15542	0
7890	-27.66478	-11.39138	15.45973	40.6835	-26.85111	0.81367	-3.25468	-16.2734	2.44101	19.52808	11.39138	-21.96909	0
7891	-39.86983	-36.61515	2.44101	52.07488	-33.36047	-17.90074	0	-10.57771	9.76404	21.15542	0	-29.29212	0
7892	-48.8202	-60.21158	-8.1367	63.46626	-36.61515	-34.98781	-1.62734	-8.95037	14.64606	15.45973	-13.83239	-36.61515	0
7893	-55.32956	-78.92599	-13.83239	74.85764	-38.24249	-48.00653	-4.06835	-11.39138	21.15542	8.1367	-23.59643	-43.93818	0
7894	-60.21158	-87.87636	-19.52808	78.92599	-34.17414	-55.32956	-4.88202	-13.83239	27.66478	4.06835	-26.85111	-49.63387	0
7895	-61.02525	-88.69003	-27.66478	74.04397	-22.78276	-59.39791	-4.88202	-14.64606	31.73313	4.06835	-25.22377	-50.44754	0
7896	-56.9569	-87.06269	-37.42882	67.53461	-9.76404	-62.65259	-4.06835	-13.01872	34.98781	7.32303	-21.96909	-48.00653	0
7897	-50.44754	-86.24902	-42.31084	61.83892	-1.62734	-63.46626	-4.88202	-8.1367	39.86983	13.83239	-15.45973	-43.12451	0
7898	-41.49717	-84.62168	-41.49717	53.70222	1.62734	-58.58424	-3.25468	0	46.37919	21.15542	-8.1367	-38.24249	0
7899	-33.36047	-80.55333	-39.86983	44.75185	4.88202	-52.88855	0.81367	8.1367	55.32956	27.66478	-3.25468	-38.24249	0
7900	-28.47845	-74.85764	-43.12451	37.42882	8.95037	-51.26121	13.01872	17.90074	65.90727	31.73313	-2.44101	-40.6835	0
7901	-28.47845	-69.97562	-49.63387	33.36047	8.95037	-53.70222	26.85111	24.4101	76.48498	34.17414	-3.25468	-43.93818	0
7902	-30.91946	-69.97562	-53.70222	34.98781	7.32303	-56.9569	34.17414	26.03744	82.99434	35.80148	-5.69569	-48.8202	0
7903	-34.17414	-74.85764	-55.32956	39.05616	5.69569	-61.83892	33.36047	26.03744	82.99434	32.5468	-12.20505	-55.32956	0
7904	-31.73313	-77.29865	-57.77057	40.6835	8.1367	-66.72094	25.22377	28.47845	78.92599	26.85111	-19.52808	-61.02525	0
7905	-22.78276	-77.29865	-57.77057	38.24249	13.83239	-69.16195	13.83239	31.73313	72.41663	20.34175	-21.96909	-65.0936	0
7906	-12.20505	-71.60296	-50.44754	29.29212	17.08707	-66.72094	4.06835	30.10579	69.16195	15.45973	-21.15542	-68.34828	0
7907	-4.06835	-61.83892	-41.49717	21.15542	15.45973	-59.39791	-2.44101	18.71441	71.60296	14.64606	-20.34175	-70.78929	0
7908	-3.25468	-59.39791	-37.42882	26.03744	11.39138	-55.32956	-8.95037	3.25468	78.92599	19.52808	-23.59643	-72.41663	0
7909	-9.76404	-66.72094	-41.49717	39.05616	8.95037	-59.39791	-11.39138	-4.06835	92.75838	25.22377	-28.47845	-74.85764	0
7910	-17.90074	-79.73966	-48.8202	52.07488	10.57771	-69.16195	-11.39138	-3.25468	107.40444	28.47845	-36.61515	-74.04397	0
7911	-25.22377	-92.75838	-54.51589	61.83892	13.01872	-78.92599	-10.57771	0.81367	113.9138	26.03744	-44.75185	-72.41663	0
7912	-31.73313	-98.45407	-59.39791	65.0936	16.2734	-83.80801	-6.50936	7.32303	109.03178	23.59643	-49.63387	-70.78929	0
7913	-34.17414	-95.19939	-63.46626	57.77057	20.34175	-81.367	-0.81367	17.08707	99.26774	21.96909	-46.37919	-69.97562	0
7914	-30.10579	-92.75838	-64.27993	47.19286	24.4101	-75.67131	0.81367	27.66478	90.31737	18.71441	-40.6835	-68.34828	0
7915	-21.96909	-93.57205	-62.65259	39.86983	27.66478	-71.60296	2.44101	36.61515	87.87636	17.08707	-34.17414	-67.53461	0
7916	-16.2734	-96.01306	-58.58424	34.98781	30.91946	-72.41663	1.62734	39.05616	90.31737	16.2734	-27.66478	-68.34828	0
7917	-17.08707	-97.6404	-59.39791	32.5468	30.10579	-78.92599	0	37.42882	96.01306	15.45973	-23.59643	-69.16195	0
7918	-18.71441	-102.52242	-65.0936	34.17414	28.47845	-84.62168	1.62734	36.61515	104.14976	16.2734	-22.78276	-69.97562	0
7919	-17.90074	-109.84545	-69.16195	36.61515	27.66478	-85.43535	7.32303	38.24249	112.28646	20.34175	-22.78276	-68.34828	0
7920	-17.08707	-110.65912	-74.85764	39.86983	28.47845	-87.87636	13.83239	43.12451	121.23683	26.03744	-21.15542	-63.46626	0
7921	-11.39138	-102.52242	-83.80801	43.12451	32.5468	-96.82673	21.15542	52.88855	131.81454	28.47845	-19.52808	-59.39791	0
7922	1.62734	-97.6404	-90.31737	41.49717	38.24249	-104.96343	25.22377	61.02525	138.3239	29.29212	-17.90074	-55.32956	0
7923	15.45973	-97.6404	-92.75838	34.98781	44.75185	-105.7771	26.85111	64.27993	138.3239	30.10579	-13.01872	-50.44754	0
7924	16.2734	-93.57205	-90.31737	33.36047	44.75185	-99.26774	27.66478	62.65259	132.62821	29.29212	-8.1367	-46.37919	0
7925	-8.1367	-85.43535	-77.29865	41.49717	28.47845	-91.94471	26.03744	57.77057	123.67784	25.22377	-8.1367	-48.8202	0
7926	-44.75185	-83.80801	-58.58424	49.63387	2.44101	-84.62168	20.34175	51.26121	117.16848	19.52808	-10.57771	-54.51589	0
7927	-68.34828	-93.57205	-42.31084	54.51589	-14.64606	-75.67131	15.45973	47.19286	116.35481	17.90074	-13.83239	-59.39791	0
7928	-71.60296	-110.65912	-38.24249	59.39791	-17.90074	-71.60296	14.64606	48.00653	123.67784	17.90074	-17.90074	-63.46626	0
7929	-63.46626	-126.93252	-49.63387	67.53461	-7.32303	-79.73966	16.2734	52.07488	135.06922	18.71441	-22.78276	-67.53461	0
7930	-52.07488	-136.69656	-69.16195	76.48498	8.95037	-94.38572	17.90074	58.58424	143.20592	20.34175	-29.29212	-72.41663	0
7931	-45.56552	-139.95124	-84.62168	82.18067	22.78276	-105.7771	19.52808	64.27993	141.57858	21.15542	-35.80148	-78.11232	0
7932	-43.93818	-139.95124	-91.94471	87.06269	29.29212	-112.28646	23.59643	65.90727	131.00087	20.34175	-40.6835	-80.55333	0
7933	-43.93818	-141.57858	-93.57205	93.57205	26.03744	-116.35481	29.29212	61.83892	112.28646	16.2734	-42.31084	-80.55333	0
7934	-39.05616	-144.01959	-91.13104	100.89508	20.34175	-117.16848	30.10579	52.07488	91.13104	8.95037	-43.93818	-82.99434	0
7935	-26.85111	-140.76491	-91.13104	99.26774	21.15542	-111.47279	27.66478	39.05616	79.73966	6.50936	-45.56552	-82.99434	0
7936	-17.90074	-128.55986	-91.94471	87.87636	25.22377	-100.89508	24.4101	33.36047	87.87636	10.57771	-46.37919	-78.92599	0
7937	-20.34175	-118.79582	-88.69003	79.73966	23.59643	-94.38572	18.71441	39.86983	109.03178	18.71441	-42.31084	-74.04397	0
7938	-30.10579	-113.9138	-83.80801	78.11232	18.71441	-93.57205	12.20505	51.26121	131.81454	26.03744	-35.80148	-70.78929	0
7939	-39.05616	-113.9138	-78.11232	79.73966	14.64606	-93.57205	8.95037	61.83892	148.08794	31.73313	-30.10579	-69.16195	0
7940	-40.6835	-116.35481	-79.73966	80.55333	16.2734	-97.6404	8.95037	69.16195	153.78363	34.17414	-26.03744	-69.16195	0
7941	-27.66478	-118.79582	-91.94471	77.29865	30.10579	-104.96343	12.20505	70.78929	152.15629	34.98781	-21.96909	-73.2303	0
7942	-5.69569	-120.42316	-107.40444	75.67131	48.8202	-109.84545	19.52808	69.16195	149.71528	33.36047	-21.96909	-78.92599	0
7943	2.44101	-117.98215	-113.9138	76.48498	56.9569	-112.28646	25.22377	66.72094	151.34262	29.29212	-25.22377	-79.73966	0
7944	-8.95037	-113.10013	-107.40444	80.55333	47.19286	-111.47279	29.29212	65.90727	155.41097	24.4101	-27.66478	-74.85764	0
7945	-26.85111	-108.21811	-91.94471	82.99434	30.91946	-104.96343	30.91946	65.90727	157.03831	17.90074	-26.03744	-67.53461	0
7946	-39.05616	-105.7771	-78.11232	81.367	17.08707	-96.01306	31.73313	69.16195	153.78363	12.20505	-21.96909	-62.65259	0
7947	-46.37919	-102.52242	-66.72094	78.11232	8.1367	-87.87636	29.29212	72.41663	144.83326	9.76404	-19.52808	-60.21158	0
7948	-45.56552	-98.45407	-62.65259	72.41663	6.50936	-83.80801	26.03744	72.41663	133.44188	8.95037	-21.15542	-61.02525	0
7949	-39.86983	-101.70875	-69.16195	70.78929	12.20505	-87.87636	24.4101	66.72094	122.86417	5.69569	-28.47845	-68.34828	0
7950	-36.61515	-113.9138	-82.18067	74.04397	23.59643	-100.08141	22.78276	56.9569	117.16848	-1.62734	-43.93818	-78.92599	0
7951	-34.98781	-122.86417	-93.57205	75.67131	34.17414	-109.03178	19.52808	48.8202	113.9138	-11.39138	-61.02525	-86.24902	0
7952	-30.91946	-126.93252	-102.52242	74.85764	40.6835	-114.72747	18.71441	44.75185	116.35481	-14.64606	-69.97562	-90.31737	0
7953	-21.96909	-129.37353	-104.96343	68.34828	42.31084	-113.9138	26.03744	45.56552	123.67784	-7.32303	-68.34828	-91.13104	0
7954	-9.76404	-130.1872	-100.08141	55.32956	43.93818	-105.7771	35.80148	45.56552	127.74619	2.44101	-62.65259	-87.87636	0
7955	0.81367	-129.37353	-95.19939	49.63387	46.37919	-101.70875	39.86983	43.12451	125.30518	9.76404	-57.77057	-82.99434	0
7956	1.62734	-133.44188	-92.75838	65.0936	43.93818	-103.33609	32.5468	39.86983	117.98215	10.57771	-55.32956	-81.367	0
7957	-12.20505	-139.95124	-92.75838	85.43535	34.17414	-105.7771	19.52808	37.42882	109.84545	12.20505	-52.88855	-80.55333	0
7958	-29.29212	-139.95124	-89.5037	95.19939	23.59643	-105.7771	10.57771	39.05616	109.03178	19.52808	-48.00653	-78.92599	0
7959	-43.12451	-136.69656	-81.367	96.82673	13.83239	-102.52242	9.76404	44.75185	115.54114	27.66478	-43.93818	-78.11232	0
7960	-53.70222	-131.00087	-74.04397	97.6404	6.50936	-96.01306	17.08707	56.9569	125.30518	30.91946	-40.6835	-79.73966	0
7961	-51.26121	-125.30518	-71.60296	91.13104	4.06835	-91.13104	27.66478	71.60296	132.62821	27.66478	-39.86983	-84.62168	0
7962	-36.61515	-121.23683	-69.16195	78.11232	5.69569	-89.5037	34.17414	79.73966	135.06922	21.96909	-43.12451	-89.5037	0
7963	-21.96909	-119.60949	-67.53461	64.27993	9.76404	-88.69003	34.17414	74.04397	131.00087	15.45973	-51.26121	-93.57205	0
7964	-21.96909	-115.54114	-65.0936	54.51589	10.57771	-87.06269	30.91946	55.32956	123.67784	11.39138	-58.58424	-93.57205	0
7965	-40.6835	-107.40444	-60.21158	53.70222	2.44101	-87.87636	27.66478	34.17414	115.54114	8.1367	-63.46626	-92.75838	0
7966	-59.39791	-100.08141	-59.39791	62.65259	-4.06835	-91.94471	26.85111	20.34175	113.10013	5.69569	-64.27993	-88.69003	0
7967	-59.39791	-100.08141	-65.0936	66.72094	0	-94.38572	29.29212	19.52808	114.72747	7.32303	-59.39791	-82.18067	0
7968	-43.12451	-106.59077	-74.85764	62.65259	13.83239	-94.38572	31.73313	22.78276	117.16848	13.01872	-50.44754	-75.67131	0
7969	-27.66478	-113.10013	-83.80801	59.39791	26.85111	-96.01306	31.73313	25.22377	117.98215	18.71441	-43.93818	-72.41663	0
7970	-22.78276	-123.67784	-93.57205	65.90727	34.17414	-104.14976	29.29212	26.85111	114.72747	21.96909	-44.75185	-70.78929	0
7971	-29.29212	-138.3239	-101.70875	79.73966	35.80148	-116.35481	24.4101	26.03744	109.84545	25.22377	-51.26121	-69.97562	0
7972	-39.86983	-148.08794	-105.7771	91.13104	33.36047	-124.49151	24.4101	26.85111	108.21811	26.03744	-53.70222	-69.97562	0
7973	-50.44754	-150.52895	-105.7771	96.01306	30.10579	-126.93252	26.85111	29.29212	110.65912	25.22377	-49.63387	-72.41663	0
7974	-56.9569	-146.4606	-100.08141	96.82673	24.4101	-123.67784	30.10579	28.47845	109.03178	23.59643	-45.56552	-74.04397	0
7975	-56.14323	-139.13757	-90.31737	92.75838	18.71441	-113.9138	32.5468	26.03744	102.52242	21.15542	-41.49717	-76.48498	0
7976	-49.63387	-134.25555	-85.43535	85.43535	17.90074	-105.7771	34.17414	18.71441	95.19939	20.34175	-39.05616	-80.55333	0
7977	-44.75185	-130.1872	-85.43535	81.367	18.71441	-104.14976	32.5468	11.39138	90.31737	19.52808	-39.05616	-83.80801	0
7978	-42.31084	-122.0505	-84.62168	84.62168	18.71441	-103.33609	29.29212	10.57771	90.31737	21.15542	-40.6835	-83.80801	0
7979	-33.36047	-109.03178	-84.62168	86.24902	23.59643	-100.08141	27.66478	17.08707	96.82673	26.85111	-40.6835	-80.55333	0
7980	-20.34175	-103.33609	-89.5037	82.18067	30.91946	-100.08141	27.66478	25.22377	109.03178	30.91946	-39.05616	-79.73966	0
7981	-14.64606	-110.65912	-100.89508	79.73966	38.24249	-109.03178	27.66478	30.10579	117.98215	29.29212	-38.24249	-81.367	0
7982	-16.2734	-126.93252	-113.9138	82.18067	43.12451	-122.86417	26.03744	30.91946	120.42316	25.22377	-42.31084	-82.18067	0
7983	-20.34175	-141.57858	-117.98215	88.69003	40.6835	-131.00087	24.4101	26.85111	114.72747	19.52808	-49.63387	-82.99434	0
7984	-20.34175	-143.20592	-107.40444	95.19939	30.91946	-126.93252	24.4101	21.96909	104.14976	15.45973	-53.70222	-82.99434	0
7985	-19.52808	-131.00087	-91.94471	98.45407	21.96909	-110.65912	26.03744	16.2734	91.94471	13.83239	-54.51589	-80.55333	0
7986	-21.96909	-120.42316	-78.11232	99.26774	17.90074	-91.94471	27.66478	9.76404	81.367	12.20505	-53.70222	-78.92599	0
7987	-26.03744	-114.72747	-63.46626	97.6404	15.45973	-79.73966	25.22377	6.50936	78.92599	13.01872	-51.26121	-77.29865	0
7988	-37.42882	-110.65912	-53.70222	94.38572	13.01872	-74.85764	22.78276	8.95037	82.99434	19.52808	-44.75185	-74.04397	0
7989	-59.39791	-110.65912	-51.26121	88.69003	7.32303	-77.29865	23.59643	14.64606	90.31737	29.29212	-38.24249	-69.97562	0
7990	-83.80801	-126.11885	-54.51589	89.5037	0	-82.99434	22.78276	15.45973	96.82673	37.42882	-33.36047	-66.72094	0
7991	-96.82673	-149.71528	-61.83892	100.08141	-4.06835	-90.31737	18.71441	9.76404	100.08141	41.49717	-31.73313	-65.90727	0
7992	-95.19939	-158.66565	-69.97562	100.08141	7.32303	-99.26774	17.08707	5.69569	97.6404	39.05616	-34.98781	-70.78929	0
7993	-85.43535	-141.57858	-80.55333	82.99434	30.10579	-103.33609	22.78276	5.69569	91.13104	37.42882	-39.05616	-74.04397	0
7994	-69.97562	-115.54114	-84.62168	68.34828	41.49717	-97.6404	26.03744	2.44101	78.92599	36.61515	-41.49717	-73.2303	0
7995	-51.26121	-94.38572	-72.41663	62.65259	39.05616	-83.80801	26.85111	-4.06835	66.72094	33.36047	-44.75185	-73.2303	0
7996	-32.5468	-78.92599	-52.88855	59.39791	33.36047	-66.72094	28.47845	-12.20505	61.02525	29.29212	-47.19286	-75.67131	0
7997	-17.90074	-66.72094	-38.24249	52.88855	26.03744	-52.88855	31.73313	-15.45973	61.83892	29.29212	-45.56552	-76.48498	0
7998	-9.76404	-59.39791	-33.36047	43.93818	20.34175	-45.56552	37.42882	-8.95037	68.34828	36.61515	-37.42882	-70.78929	0
7999	-6.50936	-55.32956	-34.17414	37.42882	17.08707	-43.93818	43.12451	4.06835	78.92599	47.19286	-28.47845	-62.65259	0
8000	-5.69569	-52.88855	-35.80148	32.5468	13.83239	-43.12451	49.63387	18.71441	90.31737	56.9569	-22.78276	-59.39791	0
8001	-7.32303	-50.44754	-36.61515	30.10579	12.20505	-41.49717	52.07488	30.10579	96.01306	62.65259	-18.71441	-63.46626	0
8002	-6.50936	-50.44754	-39.05616	26.03744	13.01872	-40.6835	52.88855	34.17414	96.01306	63.46626	-19.52808	-69.97562	0
8003	0.81367	-48.8202	-42.31084	21.96909	18.71441	-39.86983	53.70222	30.91946	92.75838	59.39791	-24.4101	-70.78929	0
8004	13.01872	-44.75185	-42.31084	21.96909	21.96909	-37.42882	56.14323	21.96909	89.5037	52.88855	-27.66478	-68.34828	0
8005	20.34175	-43.93818	-38.24249	25.22377	17.08707	-35.80148	56.14323	14.64606	86.24902	47.19286	-31.73313	-65.90727	0
8006	17.08707	-36.61515	-25.22377	17.08707	5.69569	-27.66478	57.77057	13.01872	87.87636	48.00653	-30.91946	-63.46626	0
8007	12.20505	-14.64606	-8.1367	0	-4.06835	-8.95037	61.02525	16.2734	95.19939	59.39791	-23.59643	-60.21158	0
8008	9.76404	12.20505	7.32303	-16.2734	-10.57771	11.39138	65.90727	23.59643	108.21811	76.48498	-12.20505	-52.88855	0
8009	9.76404	34.98781	20.34175	-26.85111	-13.83239	30.10579	69.97562	30.91946	122.0505	91.13104	-3.25468	-44.75185	0
8010	15.45973	54.51589	32.5468	-34.17414	-13.83239	44.75185	70.78929	34.98781	132.62821	95.19939	0	-39.05616	0
8011	23.59643	73.2303	40.6835	-44.75185	-11.39138	55.32956	63.46626	34.98781	132.62821	90.31737	1.62734	-39.05616	0
8012	27.66478	87.87636	41.49717	-56.9569	-8.1367	60.21158	47.19286	27.66478	123.67784	79.73966	-2.44101	-43.12451	0
8013	26.85111	92.75838	34.17414	-59.39791	-4.88202	57.77057	25.22377	15.45973	111.47279	69.97562	-9.76404	-47.19286	0
8014	24.4101	90.31737	24.4101	-51.26121	-0.81367	50.44754	3.25468	2.44101	100.08141	65.0936	-13.01872	-46.37919	0
8015	21.96909	82.18067	21.15542	-43.93818	0.81367	43.93818	-16.2734	-8.95037	90.31737	65.0936	-9.76404	-39.86983	0
8016	18.71441	71.60296	25.22377	-40.6835	2.44101	43.12451	-35.80148	-20.34175	84.62168	68.34828	-3.25468	-31.73313	0
8017	15.45973	65.90727	32.5468	-42.31084	-0.81367	46.37919	-49.63387	-30.91946	85.43535	75.67131	4.06835	-22.78276	0
8018	18.71441	65.0936	35.80148	-46.37919	-1.62734	48.00653	-55.32956	-36.61515	91.94471	88.69003	12.20505	-15.45973	0
8019	26.85111	62.65259	30.91946	-49.63387	1.62734	45.56552	-56.9569	-35.80148	101.70875	100.89508	17.90074	-10.57771	0
8020	35.80148	56.9569	20.34175	-49.63387	8.1367	40.6835	-52.07488	-30.10579	111.47279	108.21811	21.15542	-8.95037	0
8021	42.31084	48.00653	7.32303	-48.00653	16.2734	35.80148	-39.86983	-19.52808	121.23683	112.28646	23.59643	-9.76404	0
8022	46.37919	42.31084	-1.62734	-43.93818	21.96909	31.73313	-24.4101	-8.1367	128.55986	111.47279	22.78276	-12.20505	0
8023	52.07488	45.56552	-4.06835	-41.49717	25.22377	30.10579	-11.39138	1.62734	131.00087	108.21811	18.71441	-13.01872	0
8024	56.14323	52.07488	-3.25468	-43.12451	26.85111	30.10579	-2.44101	10.57771	125.30518	101.70875	17.08707	-9.76404	0
8025	57.77057	55.32956	-3.25468	-48.00653	28.47845	28.47845	-1.62734	13.83239	113.10013	92.75838	17.90074	-4.88202	0
8026	60.21158	59.39791	-10.57771	-59.39791	36.61515	25.22377	-5.69569	9.76404	98.45407	85.43535	21.15542	0	0
8027	64.27993	64.27993	-28.47845	-74.85764	55.32956	17.08707	-13.83239	-3.25468	85.43535	78.92599	21.15542	2.44101	0
8028	69.16195	52.88855	-52.88855	-77.29865	74.85764	-0.81367	-21.96909	-19.52808	74.85764	70.78929	13.01872	-2.44101	0
8029	66.72094	23.59643	-74.85764	-58.58424	82.99434	-26.85111	-26.03744	-29.29212	69.97562	62.65259	1.62734	-11.39138	0
8030	57.77057	-9.76404	-87.06269	-31.73313	79.73966	-50.44754	-23.59643	-33.36047	69.97562	56.9569	-7.32303	-19.52808	0
8031	42.31084	-42.31084	-92.75838	-4.88202	69.97562	-68.34828	-17.08707	-30.91946	73.2303	53.70222	-17.90074	-24.4101	0
8032	24.4101	-69.97562	-95.19939	20.34175	58.58424	-82.99434	-12.20505	-26.03744	80.55333	52.88855	-26.03744	-26.03744	0
8033	9.76404	-89.5037	-97.6404	39.05616	50.44754	-93.57205	-11.39138	-21.96909	89.5037	52.88855	-27.66478	-28.47845	0
8034	0.81367	-99.26774	-97.6404	48.8202	45.56552	-99.26774	-10.57771	-20.34175	97.6404	51.26121	-26.85111	-34.98781	0
8035	0	-96.82673	-95.19939	48.00653	43.93818	-100.08141	-11.39138	-20.34175	101.70875	46.37919	-28.47845	-40.6835	0
8036	6.50936	-86.24902	-93.57205	38.24249	46.37919	-100.89508	-9.76404	-17.90074	98.45407	42.31084	-27.66478	-43.12451	0
8037	17.90074	-75.67131	-96.82673	26.85111	53.70222	-101.70875	-4.88202	-18.71441	82.99434	35.80148	-29.29212	-48.00653	0
8038	37.42882	-65.90727	-107.40444	13.01872	61.83892	-100.08141	0.81367	-21.96909	63.46626	27.66478	-37.42882	-56.14323	0
8039	59.39791	-56.9569	-121.23683	-0.81367	65.0936	-98.45407	8.1367	-22.78276	50.44754	22.78276	-46.37919	-64.27993	0
8040	60.21158	-63.46626	-127.74619	1.62734	61.02525	-100.89508	15.45973	-17.90074	44.75185	22.78276	-52.88855	-71.60296	0
8041	32.5468	-88.69003	-122.86417	26.85111	50.44754	-108.21811	26.03744	-11.39138	47.19286	25.22377	-54.51589	-75.67131	0
8042	-3.25468	-118.79582	-114.72747	61.02525	36.61515	-117.16848	39.86983	-7.32303	59.39791	26.03744	-55.32956	-77.29865	0
8043	-30.91946	-139.95124	-108.21811	88.69003	27.66478	-123.67784	52.07488	-10.57771	72.41663	23.59643	-58.58424	-77.29865	0
8044	-48.8202	-150.52895	-105.7771	103.33609	26.85111	-126.11885	58.58424	-19.52808	78.11232	18.71441	-61.02525	-75.67131	0
8045	-56.9569	-149.71528	-109.03178	106.59077	33.36047	-121.23683	61.83892	-29.29212	74.04397	13.01872	-62.65259	-74.85764	0
8046	-49.63387	-136.69656	-114.72747	100.08141	43.93818	-113.10013	61.83892	-34.98781	61.83892	6.50936	-64.27993	-74.85764	0
8047	-29.29212	-118.79582	-117.16848	91.94471	52.88855	-105.7771	56.9569	-34.17414	49.63387	3.25468	-63.46626	-74.04397	0
8048	-14.64606	-110.65912	-117.98215	85.43535	56.14323	-105.7771	49.63387	-24.4101	46.37919	4.88202	-61.02525	-73.2303	0
8049	-9.76404	-116.35481	-121.23683	82.18067	54.51589	-114.72747	44.75185	-10.57771	51.26121	8.1367	-58.58424	-73.2303	0
8050	-6.50936	-125.30518	-124.49151	78.92599	47.19286	-123.67784	42.31084	3.25468	63.46626	13.83239	-55.32956	-71.60296	0
8051	-10.57771	-129.37353	-123.67784	74.04397	39.86983	-130.1872	39.05616	13.83239	78.92599	20.34175	-53.70222	-68.34828	0
8052	-23.59643	-130.1872	-119.60949	71.60296	32.5468	-133.44188	35.80148	17.08707	88.69003	24.4101	-54.51589	-65.0936	0
8053	-37.42882	-128.55986	-110.65912	73.2303	26.03744	-131.00087	30.91946	13.83239	91.13104	27.66478	-54.51589	-65.0936	0
8054	-46.37919	-127.74619	-102.52242	75.67131	23.59643	-125.30518	26.03744	4.88202	86.24902	28.47845	-54.51589	-68.34828	0
8055	-48.8202	-128.55986	-100.89508	79.73966	25.22377	-122.0505	21.96909	-6.50936	76.48498	23.59643	-57.77057	-74.85764	0
8056	-48.00653	-132.62821	-105.7771	86.24902	28.47845	-126.11885	18.71441	-17.08707	65.90727	15.45973	-61.83892	-82.18067	0
8057	-42.31084	-140.76491	-114.72747	89.5037	34.98781	-133.44188	17.90074	-21.15542	60.21158	12.20505	-62.65259	-85.43535	0
8058	-30.10579	-148.08794	-125.30518	87.06269	45.56552	-137.51023	22.78276	-16.2734	61.02525	17.90074	-60.21158	-83.80801	0
8059	-17.90074	-148.08794	-131.81454	81.367	55.32956	-139.13757	32.5468	-5.69569	65.90727	26.03744	-55.32956	-79.73966	0
8060	-9.76404	-140.76491	-134.25555	76.48498	61.02525	-138.3239	43.12451	5.69569	73.2303	31.73313	-52.88855	-78.92599	0
8061	-5.69569	-133.44188	-132.62821	72.41663	63.46626	-136.69656	49.63387	13.01872	79.73966	34.98781	-50.44754	-79.73966	0
8062	-8.95037	-134.25555	-128.55986	74.04397	65.0936	-135.06922	48.00653	15.45973	84.62168	34.17414	-52.88855	-80.55333	0
8063	-18.71441	-142.39225	-125.30518	82.18067	67.53461	-136.69656	39.86983	13.01872	85.43535	27.66478	-57.77057	-82.99434	0
8064	-22.78276	-152.96996	-128.55986	88.69003	71.60296	-144.01959	29.29212	4.06835	78.11232	15.45973	-64.27993	-87.06269	0
8065	-16.2734	-165.98868	-137.51023	91.13104	76.48498	-159.47932	17.90074	-20.34175	54.51589	2.44101	-71.60296	-91.13104	0
8066	-6.50936	-175.75272	-147.27427	89.5037	84.62168	-174.12538	8.1367	-65.0936	12.20505	-10.57771	-79.73966	-95.19939	0
8067	0	-173.31171	-154.5973	82.99434	91.13104	-176.56639	2.44101	-120.42316	-42.31084	-26.03744	-88.69003	-97.6404	0
8068	4.06835	-157.03831	-153.78363	70.78929	93.57205	-165.17501	-1.62734	-179.82107	-109.03178	-44.75185	-101.70875	-96.82673	0
8069	8.1367	-131.81454	-142.39225	56.9569	87.06269	-143.20592	-15.45973	-247.35568	-190.39878	-70.78929	-115.54114	-91.13104	0
8070	8.1367	-104.96343	-113.10013	47.19286	65.0936	-112.28646	-38.24249	-327.90901	-287.22551	-96.01306	-121.23683	-80.55333	0
8071	4.88202	-69.16195	-63.46626	36.61515	29.29212	-68.34828	-65.0936	-417.41271	-397.07096	-113.10013	-110.65912	-59.39791	0
8072	0	-13.01872	3.25468	13.83239	-11.39138	-4.88202	-93.57205	-514.23944	-516.68045	-122.86417	-73.2303	-17.08707	0
8073	1.62734	62.65259	76.48498	-25.22377	-47.19286	69.97562	-126.93252	-618.3892	-646.05398	-128.55986	-13.83239	46.37919	0
8074	12.20505	147.27427	145.64693	-75.67131	-74.85764	146.4606	-163.54767	-730.67566	-781.93687	-129.37353	56.9569	125.30518	0
8075	25.22377	236.77797	216.43622	-129.37353	-100.89508	227.01393	-200.16282	-851.09882	-921.07444	-124.49151	139.95124	210.74053	0
8076	43.93818	341.7414	297.80322	-193.65346	-131.00087	319.77231	-238.40531	-989.42272	-1069.97605	-115.54114	235.15063	305.12625	0
8077	71.60296	473.55594	398.6983	-274.20679	-166.80235	435.31345	-283.15716	-1164.36177	-1239.21941	-105.7771	339.30039	408.46234	0
8078	93.57205	625.71223	526.44449	-361.26948	-218.06356	575.26469	-337.67305	-1380.79799	-1428.80452	-93.57205	446.70483	515.05311	0
8079	99.26774	776.24118	671.27775	-438.56813	-279.08881	722.53896	-414.9717	-1628.15367	-1626.52633	-76.48498	550.85459	616.76186	0
8080	100.08141	908.86939	804.71963	-496.3387	-328.72268	855.98084	-528.07183	-1882.83238	-1800.65171	-50.44754	642.7993	707.8929	0
8081	115.54114	1012.20548	896.66434	-538.64954	-358.82847	953.62124	-667.2094	-2106.59163	-1925.95689	-13.83239	714.40226	780.30953	0
8082	141.57858	1063.46669	922.70178	-569.569	-364.52416	992.6774	-794.14192	-2257.12058	-2007.32389	17.08707	748.5764	818.55202	0
8083	164.36134	1027.66521	864.93121	-568.75533	-334.41837	946.29821	-877.94993	-2305.94078	-2021.96995	27.66478	723.35263	804.71963	0
8084	172.49804	882.83195	711.14758	-510.17109	-262.00174	796.58293	-907.24205	-2248.98388	-1938.16194	15.45973	628.96691	728.23465	0
8085	155.41097	641.17196	484.94732	-389.74793	-163.54767	562.24597	-890.15498	-2103.33695	-1769.73225	-26.03744	465.41924	593.9791	0
8086	112.28646	344.18241	229.45494	-226.20026	-61.02525	286.41184	-848.65781	-1902.36046	-1582.58815	-123.67784	244.101	418.22638	0
8087	52.07488	41.49717	-13.83239	-48.8202	28.47845	12.20505	-805.5333	-1684.2969	-1445.07792	-292.9212	-9.76404	229.45494	0
8088	-2.44101	-220.50457	-221.31824	108.21811	104.96343	-222.13191	-771.35916	-1486.57509	-1370.22028	-521.56247	-258.74706	58.58424	0
8089	-28.47845	-406.02133	-380.79756	219.6909	173.31171	-394.62995	-748.5764	-1322.21375	-1344.18284	-746.94906	-450.77318	-68.34828	0
8090	-26.03744	-508.54375	-484.94732	281.52982	227.01393	-497.96604	-726.60731	-1179.8215	-1337.67348	-908.05572	-563.05964	-147.27427	0
8091	-17.08707	-550.04092	-536.20853	305.93992	257.93339	-545.97257	-689.99216	-1043.12494	-1309.19503	-998.37309	-611.87984	-190.39878	0
8092	-12.20505	-555.73661	-552.48193	306.75359	267.69743	-559.80496	-630.59425	-896.66434	-1227.82803	-1017.90117	-613.50718	-207.48585	0
8093	-11.39138	-547.59991	-547.59991	298.61689	266.07009	-554.92294	-552.48193	-733.93034	-1091.13147	-968.2673	-578.51937	-208.29952	0
8094	-11.39138	-532.95385	-528.8855	284.7845	255.49238	-537.0222	-465.41924	-563.87331	-919.4471	-869.81323	-522.37614	-200.97649	0
8095	-11.39138	-511.79843	-500.40705	270.13844	243.28733	-510.17109	-378.35655	-406.02133	-739.62603	-745.32172	-455.6552	-187.1441	0
8096	-13.01872	-484.13365	-470.30126	253.05137	231.89595	-478.43796	-299.43056	-280.71615	-573.63735	-617.57553	-392.18894	-170.8707	0
8097	-10.57771	-452.40052	-446.70483	232.70962	222.94558	-447.5185	-236.77797	-193.65346	-433.68611	-502.84806	-343.36874	-159.47932	0
8098	-3.25468	-423.1084	-429.61776	213.18154	215.62255	-422.29473	-195.2808	-138.3239	-324.65433	-411.71702	-307.56726	-157.03831	0
8099	1.62734	-398.6983	-411.71702	197.72181	208.29952	-401.95298	-168.42969	-104.14976	-240.84632	-340.11406	-277.46147	-159.47932	0
8100	6.50936	-369.40618	-384.86591	179.0074	196.09447	-375.10187	-143.20592	-77.29865	-166.80235	-279.90248	-248.98302	-157.85198	0
8101	12.20505	-336.04571	-353.13278	158.66565	182.26208	-344.18241	-109.84545	-47.19286	-96.82673	-224.57292	-218.87723	-149.71528	0
8102	15.45973	-312.44928	-323.84066	148.08794	165.98868	-318.14497	-72.41663	-14.64606	-33.36047	-175.75272	-189.58511	-140.76491	0
8103	15.45973	-294.54854	-292.9212	145.64693	143.20592	-293.73487	-35.80148	20.34175	19.52808	-134.25555	-163.54767	-132.62821	0
8104	8.95037	-266.88376	-257.93339	135.06922	122.86417	-262.81541	-1.62734	61.02525	65.90727	-96.82673	-138.3239	-120.42316	0
8105	4.06835	-219.6909	-222.94558	114.72747	110.65912	-222.13191	26.03744	103.33609	106.59077	-58.58424	-114.72747	-100.08141	0
8106	12.20505	-166.80235	-192.02612	95.19939	104.96343	-180.63474	48.00653	141.57858	142.39225	-21.96909	-96.01306	-74.85764	0
8107	27.66478	-132.62821	-170.05703	74.04397	98.45407	-152.15629	69.97562	170.8707	170.8707	3.25468	-78.92599	-55.32956	0
8108	39.05616	-122.0505	-152.15629	53.70222	86.24902	-138.3239	91.94471	192.83979	192.83979	18.71441	-63.46626	-48.00653	0
8109	42.31084	-121.23683	-139.95124	40.6835	77.29865	-130.1872	108.21811	207.48585	208.29952	32.5468	-51.26121	-46.37919	0
8110	39.86983	-124.49151	-132.62821	34.98781	73.2303	-123.67784	119.60949	213.18154	220.50457	43.12451	-42.31084	-46.37919	0
8111	30.91946	-123.67784	-127.74619	36.61515	69.97562	-121.23683	124.49151	214.80888	227.8276	48.00653	-39.05616	-46.37919	0
8112	17.08707	-121.23683	-125.30518	46.37919	65.0936	-122.86417	124.49151	211.5542	231.08228	48.8202	-39.05616	-47.19286	0
8113	3.25468	-121.23683	-124.49151	57.77057	61.02525	-126.11885	122.0505	204.23117	230.26861	47.19286	-39.86983	-51.26121	0
8114	-3.25468	-117.98215	-120.42316	61.02525	56.9569	-123.67784	120.42316	194.46713	225.38659	44.75185	-40.6835	-56.9569	0
8115	-1.62734	-104.96343	-115.54114	52.88855	55.32956	-112.28646	117.98215	186.33043	221.31824	44.75185	-40.6835	-58.58424	0
8116	4.06835	-90.31737	-114.72747	41.49717	54.51589	-100.08141	115.54114	184.70309	224.57292	50.44754	-39.86983	-56.9569	0
8117	6.50936	-87.06269	-116.35481	37.42882	53.70222	-96.82673	113.9138	187.95777	239.21898	60.21158	-34.17414	-52.88855	0
8118	0	-96.01306	-120.42316	45.56552	52.88855	-106.59077	111.47279	198.53548	256.30605	69.16195	-26.85111	-51.26121	0
8119	-9.76404	-106.59077	-124.49151	56.14323	52.07488	-120.42316	110.65912	214.80888	270.13844	74.85764	-21.15542	-51.26121	0
8120	-19.52808	-113.9138	-122.0505	65.90727	48.8202	-126.11885	115.54114	231.08228	277.46147	77.29865	-17.90074	-52.07488	0
8121	-27.66478	-117.16848	-109.03178	71.60296	39.86983	-121.23683	124.49151	243.28733	279.08881	77.29865	-18.71441	-53.70222	0
8122	-33.36047	-116.35481	-89.5037	74.85764	26.03744	-108.21811	135.88289	251.42403	275.83413	73.2303	-19.52808	-55.32956	0
8123	-35.80148	-109.84545	-69.97562	74.85764	12.20505	-93.57205	144.83326	253.86504	266.88376	68.34828	-17.08707	-53.70222	0
8124	-34.17414	-99.26774	-57.77057	68.34828	6.50936	-82.18067	148.08794	246.54201	253.86504	64.27993	-11.39138	-48.8202	0
8125	-30.10579	-90.31737	-54.51589	61.83892	6.50936	-78.11232	147.27427	231.89595	240.84632	62.65259	-4.88202	-46.37919	0
8126	-21.15542	-84.62168	-61.02525	52.07488	14.64606	-78.92599	144.83326	218.87723	231.89595	63.46626	2.44101	-45.56552	0
8127	-6.50936	-82.18067	-76.48498	43.12451	30.10579	-85.43535	140.76491	213.18154	231.89595	66.72094	6.50936	-44.75185	0
8128	3.25468	-83.80801	-91.13104	38.24249	44.75185	-91.94471	135.06922	218.87723	242.47366	74.85764	8.95037	-41.49717	0
8129	8.1367	-85.43535	-97.6404	37.42882	51.26121	-93.57205	129.37353	235.9643	263.62908	87.06269	13.01872	-38.24249	0
8130	9.76404	-82.99434	-100.08141	33.36047	56.14323	-92.75838	130.1872	256.30605	289.66652	100.89508	16.2734	-34.17414	0
8131	8.95037	-78.11232	-102.52242	26.03744	61.83892	-91.13104	139.95124	273.39312	313.26295	111.47279	17.90074	-31.73313	0
8132	8.1367	-81.367	-107.40444	25.22377	65.90727	-91.13104	150.52895	280.71615	322.21332	115.54114	13.01872	-32.5468	0
8133	6.50936	-93.57205	-113.9138	33.36047	66.72094	-91.94471	153.78363	279.90248	314.07662	109.03178	1.62734	-34.98781	0
8134	4.88202	-104.14976	-117.16848	42.31084	64.27993	-95.19939	151.34262	274.20679	299.43056	100.08141	-8.95037	-39.05616	0
8135	0.81367	-109.84545	-114.72747	48.8202	58.58424	-100.08141	146.4606	266.88376	284.7845	96.01306	-16.2734	-42.31084	0
8136	-4.06835	-110.65912	-104.14976	52.07488	49.63387	-100.08141	139.95124	259.56073	275.83413	97.6404	-18.71441	-41.49717	0
8137	-9.76404	-104.96343	-83.80801	55.32956	39.05616	-95.19939	132.62821	256.30605	275.02046	104.96343	-15.45973	-39.05616	0
8138	-14.64606	-90.31737	-60.21158	55.32956	26.85111	-86.24902	125.30518	258.74706	280.71615	114.72747	-8.1367	-37.42882	0
8139	-14.64606	-71.60296	-43.93818	48.00653	18.71441	-73.2303	122.86417	266.88376	289.66652	122.86417	-2.44101	-36.61515	0
8140	-8.95037	-61.02525	-43.12451	38.24249	19.52808	-65.0936	123.67784	275.83413	295.36221	127.74619	0	-39.86983	0
8141	-4.88202	-61.83892	-53.70222	33.36047	26.03744	-66.72094	126.93252	283.97083	294.54854	129.37353	0.81367	-46.37919	0
8142	-2.44101	-66.72094	-62.65259	32.5468	30.91946	-69.16195	131.00087	288.85285	292.9212	126.93252	0.81367	-52.07488	0
8143	0	-65.0936	-64.27993	30.10579	30.91946	-65.90727	133.44188	288.85285	294.54854	120.42316	-1.62734	-52.88855	0
8144	3.25468	-54.51589	-61.83892	21.15542	32.5468	-57.77057	133.44188	281.52982	299.43056	111.47279	-3.25468	-49.63387	0
8145	8.95037	-37.42882	-57.77057	7.32303	35.80148	-47.19286	132.62821	272.57945	305.12625	103.33609	-3.25468	-43.12451	0
8146	17.90074	-20.34175	-52.88855	-3.25468	37.42882	-34.17414	135.06922	270.13844	310.00827	99.26774	-3.25468	-34.98781	0
8147	26.85111	-6.50936	-49.63387	-9.76404	38.24249	-20.34175	139.95124	276.6478	314.89029	101.70875	0	-26.85111	0
8148	30.91946	0	-47.19286	-11.39138	38.24249	-13.01872	142.39225	288.03918	318.95864	105.7771	3.25468	-24.4101	0
8149	30.10579	-5.69569	-48.8202	-8.95037	39.05616	-18.71441	143.20592	301.87157	323.84066	104.96343	2.44101	-29.29212	0
8150	27.66478	-19.52808	-56.14323	-7.32303	42.31084	-32.5468	144.83326	314.07662	327.09534	101.70875	-2.44101	-34.98781	0
8151	25.22377	-28.47845	-62.65259	-8.95037	46.37919	-43.12451	146.4606	324.65433	331.16369	100.08141	-7.32303	-37.42882	0
8152	25.22377	-26.85111	-58.58424	-11.39138	44.75185	-41.49717	145.64693	334.41837	336.85938	102.52242	-8.95037	-38.24249	0
8153	23.59643	-17.90074	-45.56552	-12.20505	36.61515	-31.73313	145.64693	341.7414	342.55507	108.21811	-4.06835	-35.80148	0
8154	21.96909	-9.76404	-32.5468	-13.01872	27.66478	-21.15542	148.90161	347.43709	345.80975	115.54114	4.88202	-30.10579	0
8155	25.22377	-4.88202	-22.78276	-17.08707	22.78276	-10.57771	153.78363	356.38746	344.99608	122.0505	18.71441	-25.22377	0
8156	25.22377	-4.06835	-10.57771	-21.96909	16.2734	0.81367	157.03831	369.40618	344.99608	126.93252	30.91946	-23.59643	0
8157	16.2734	0.81367	8.1367	-21.96909	3.25468	11.39138	156.22464	380.79756	344.18241	128.55986	36.61515	-21.15542	0
8158	7.32303	13.83239	30.10579	-19.52808	-7.32303	19.52808	152.96996	389.74793	341.7414	129.37353	37.42882	-18.71441	0
8159	0	26.85111	47.19286	-17.90074	-16.2734	29.29212	150.52895	397.88463	339.30039	131.81454	38.24249	-14.64606	0
8160	2.44101	37.42882	49.63387	-21.15542	-17.90074	34.98781	149.71528	402.76665	336.04571	134.25555	39.05616	-12.20505	0
8161	17.90074	43.12451	34.98781	-30.91946	-5.69569	34.98781	148.08794	402.76665	333.6047	132.62821	40.6835	-10.57771	0
8162	35.80148	45.56552	16.2734	-41.49717	9.76404	35.80148	144.83326	403.58032	332.79103	129.37353	39.86983	-8.95037	0
8163	46.37919	48.00653	5.69569	-48.00653	17.90074	36.61515	139.95124	410.08968	331.97736	125.30518	35.80148	-9.76404	0
8164	43.93818	48.00653	6.50936	-47.19286	16.2734	35.80148	135.88289	421.48106	327.09534	123.67784	34.98781	-8.95037	0
8165	32.5468	47.19286	13.83239	-40.6835	6.50936	36.61515	132.62821	428.80409	321.39965	121.23683	36.61515	-4.88202	0
8166	17.90074	50.44754	30.10579	-35.80148	-5.69569	43.12451	131.81454	432.87244	318.14497	118.79582	39.05616	0.81367	0
8167	5.69569	62.65259	52.88855	-35.80148	-17.90074	56.9569	133.44188	436.12712	319.77231	118.79582	43.93818	6.50936	0
8168	0	77.29865	73.2303	-39.86983	-27.66478	74.04397	135.88289	441.00914	327.09534	123.67784	53.70222	13.83239	0
8169	0	93.57205	88.69003	-45.56552	-35.80148	89.5037	139.95124	448.33217	339.30039	131.00087	65.0936	22.78276	0
8170	4.06835	106.59077	102.52242	-50.44754	-42.31084	101.70875	143.20592	458.90988	351.50544	137.51023	77.29865	31.73313	0
8171	6.50936	113.10013	113.10013	-53.70222	-48.00653	109.03178	141.57858	465.41924	358.0148	141.57858	86.24902	36.61515	0
8172	8.95037	116.35481	118.79582	-58.58424	-51.26121	113.10013	138.3239	468.67392	355.57379	139.95124	89.5037	38.24249	0
8173	13.01872	122.86417	120.42316	-65.90727	-52.07488	118.79582	138.3239	475.18328	349.06443	137.51023	90.31737	42.31084	0
8174	17.90074	135.88289	125.30518	-76.48498	-53.70222	128.55986	143.20592	486.57466	344.18241	138.3239	94.38572	52.07488	0
8175	21.15542	156.22464	138.3239	-89.5037	-60.21158	146.4606	148.90161	496.3387	340.11406	139.95124	103.33609	64.27993	0
8176	25.22377	179.0074	157.03831	-102.52242	-68.34828	169.24336	152.15629	501.22072	333.6047	140.76491	116.35481	74.85764	0
8177	28.47845	198.53548	176.56639	-111.47279	-76.48498	191.21245	152.15629	503.66173	327.90901	144.83326	128.55986	82.18067	0
8178	25.22377	216.43622	193.65346	-117.16848	-86.24902	207.48585	149.71528	504.4754	320.58598	149.71528	136.69656	88.69003	0
8179	13.01872	231.89595	211.5542	-122.0505	-100.08141	221.31824	143.20592	503.66173	310.00827	148.90161	137.51023	94.38572	0
8180	2.44101	242.47366	227.8276	-126.11885	-113.10013	236.77797	133.44188	502.03439	296.17588	141.57858	131.00087	97.6404	0
8181	4.88202	253.05137	239.21898	-133.44188	-121.23683	249.79669	124.49151	500.40705	280.71615	132.62821	123.67784	99.26774	0
8182	22.78276	268.5111	241.65999	-150.52895	-120.42316	258.74706	118.79582	498.77971	267.69743	124.49151	120.42316	100.89508	0
8183	48.00653	288.03918	240.84632	-171.68437	-110.65912	267.69743	114.72747	493.89769	256.30605	119.60949	122.86417	104.14976	0
8184	65.90727	311.63561	247.35568	-191.21245	-103.33609	281.52982	112.28646	484.13365	243.28733	113.9138	126.11885	109.84545	0
8185	69.97562	331.97736	266.07009	-203.4175	-106.59077	300.24423	109.03178	467.86025	224.57292	107.40444	129.37353	116.35481	0
8186	61.83892	346.62342	286.41184	-209.11319	-117.16848	321.39965	104.14976	446.70483	200.97649	100.08141	133.44188	122.86417	0
8187	45.56552	357.20113	305.93992	-210.74053	-131.00087	340.11406	96.01306	423.92207	174.93905	94.38572	137.51023	130.1872	0
8188	24.4101	360.45581	323.84066	-207.48585	-148.08794	351.50544	85.43535	403.58032	148.08794	88.69003	139.95124	135.06922	0
8189	10.57771	356.38746	333.6047	-201.79016	-159.47932	353.13278	73.2303	390.5616	125.30518	80.55333	139.95124	138.3239	0
8190	11.39138	349.06443	336.85938	-196.90814	-162.734	344.18241	63.46626	385.67958	109.03178	72.41663	138.3239	141.57858	0
8191	22.78276	340.92773	338.48672	-193.65346	-163.54767	329.53635	57.77057	388.12059	100.08141	65.90727	134.25555	146.4606	0
8192	31.73313	340.11406	340.92773	-192.83979	-162.734	324.65433	53.70222	391.37527	91.94471	59.39791	132.62821	150.52895	0
8193	33.36047	346.62342	345.80975	-195.2808	-164.36134	333.6047	48.8202	385.67958	78.92599	50.44754	134.25555	153.78363	0
8194	27.66478	358.0148	358.0148	-197.72181	-170.8707	352.31911	43.12451	365.33783	54.51589	38.24249	136.69656	157.03831	0
8195	20.34175	371.03352	375.10187	-201.79016	-179.82107	372.66086	36.61515	332.79103	20.34175	24.4101	139.95124	160.29299	0
8196	14.64606	379.98389	389.74793	-205.04484	-186.33043	384.86591	28.47845	297.80322	-17.08707	12.20505	142.39225	164.36134	0
8197	9.76404	388.12059	396.25729	-205.85851	-190.39878	388.93426	20.34175	269.32477	-48.8202	1.62734	144.01959	165.98868	0
8198	5.69569	397.07096	398.6983	-205.85851	-193.65346	390.5616	11.39138	247.35568	-69.16195	-5.69569	142.39225	166.80235	0
8199	3.25468	404.39399	400.32564	-205.85851	-193.65346	395.44362	5.69569	231.08228	-78.11232	-13.01872	138.3239	168.42969	0
8200	2.44101	412.53069	397.07096	-206.67218	-191.21245	400.32564	5.69569	220.50457	-78.92599	-18.71441	135.88289	171.68437	0
8201	4.88202	415.78537	393.81628	-207.48585	-194.46713	401.95298	7.32303	210.74053	-80.55333	-25.22377	133.44188	175.75272	0
8202	4.06835	410.90335	393.00261	-205.04484	-200.97649	401.13931	5.69569	196.90814	-92.75838	-34.17414	130.1872	174.12538	0
8203	0	402.76665	397.07096	-200.16282	-206.67218	400.32564	0	175.75272	-118.79582	-46.37919	124.49151	169.24336	0
8204	-3.25468	401.13931	404.39399	-197.72181	-211.5542	402.76665	-8.1367	147.27427	-156.22464	-61.02525	117.16848	164.36134	0
8205	0	409.27601	413.34436	-202.60383	-213.18154	410.90335	-15.45973	118.79582	-196.90814	-74.85764	114.72747	163.54767	0
8206	8.95037	422.29473	417.41271	-214.80888	-209.92686	419.04005	-21.96909	91.94471	-228.64127	-81.367	116.35481	165.17501	0
8207	14.64606	422.29473	411.71702	-217.24989	-204.23117	415.78537	-30.91946	62.65259	-253.86504	-87.06269	114.72747	165.17501	0
8208	14.64606	400.32564	398.6983	-204.23117	-201.79016	397.88463	-43.12451	25.22377	-272.57945	-96.01306	105.7771	157.03831	0
8209	8.95037	371.84719	382.4249	-190.39878	-198.53548	375.10187	-48.00653	-12.20505	-278.27514	-102.52242	94.38572	145.64693	0
8210	-0.81367	351.50544	364.52416	-183.07575	-189.58511	356.38746	-47.19286	-34.98781	-274.20679	-102.52242	87.06269	136.69656	0
8211	-8.95037	342.55507	348.25076	-182.26208	-174.93905	342.55507	-48.8202	-43.93818	-267.69743	-97.6404	81.367	129.37353	0
8212	-10.57771	333.6047	336.85938	-179.82107	-161.10666	330.35002	-50.44754	-48.00653	-266.07009	-96.01306	74.04397	123.67784	0
8213	-16.2734	312.44928	327.09534	-162.734	-157.85198	313.26295	-52.88855	-55.32956	-273.39312	-102.52242	61.02525	116.35481	0
8214	-26.85111	286.41184	314.89029	-138.3239	-160.29299	294.54854	-56.9569	-67.53461	-286.41184	-113.9138	45.56552	105.7771	0
8215	-33.36047	264.44275	299.43056	-119.60949	-161.10666	277.46147	-59.39791	-80.55333	-299.43056	-122.0505	31.73313	96.82673	0
8216	-34.98781	250.61036	285.59817	-109.84545	-158.66565	265.25642	-59.39791	-91.13104	-308.38093	-124.49151	21.96909	89.5037	0
8217	-31.73313	244.101	274.20679	-107.40444	-154.5973	257.11972	-55.32956	-99.26774	-309.1946	-122.86417	17.08707	82.99434	0
8218	-31.73313	233.52329	262.00174	-107.40444	-148.90161	245.72834	-49.63387	-104.96343	-300.24423	-118.79582	17.08707	74.04397	0
8219	-35.80148	212.36787	244.101	-106.59077	-141.57858	227.01393	-44.75185	-107.40444	-283.15716	-112.28646	17.90074	61.83892	0
8220	-38.24249	192.02612	219.6909	-98.45407	-126.11885	205.85851	-37.42882	-105.7771	-262.00174	-106.59077	16.2734	51.26121	0
8221	-39.05616	176.56639	195.2808	-80.55333	-103.33609	183.07575	-28.47845	-100.89508	-241.65999	-104.14976	12.20505	41.49717	0
8222	-39.05616	161.92033	174.93905	-59.39791	-84.62168	157.03831	-24.4101	-97.6404	-223.75925	-104.96343	5.69569	29.29212	0
8223	-39.86983	148.08794	157.03831	-43.12451	-77.29865	131.00087	-24.4101	-95.19939	-207.48585	-105.7771	0	17.90074	0
8224	-44.75185	135.06922	148.08794	-36.61515	-81.367	117.16848	-22.78276	-91.13104	-187.95777	-100.08141	-1.62734	13.01872	0
8225	-45.56552	130.1872	150.52895	-36.61515	-90.31737	120.42316	-15.45973	-82.99434	-167.61602	-90.31737	6.50936	18.71441	0
8226	-42.31084	128.55986	153.78363	-34.17414	-96.01306	128.55986	-7.32303	-75.67131	-152.15629	-79.73966	21.15542	26.85111	0
8227	-38.24249	117.16848	145.64693	-27.66478	-93.57205	123.67784	-2.44101	-72.41663	-135.88289	-66.72094	30.10579	28.47845	0
8228	-37.42882	91.94471	123.67784	-18.71441	-82.18067	104.14976	-4.06835	-72.41663	-118.79582	-54.51589	27.66478	19.52808	0
8229	-36.61515	62.65259	96.01306	-7.32303	-68.34828	78.92599	-10.57771	-69.97562	-102.52242	-43.93818	20.34175	5.69569	0
8230	-34.98781	40.6835	73.2303	0.81367	-55.32956	55.32956	-17.90074	-64.27993	-87.87636	-34.98781	13.83239	-6.50936	0
8231	-34.17414	27.66478	53.70222	6.50936	-47.19286	35.80148	-21.96909	-54.51589	-73.2303	-28.47845	10.57771	-16.2734	0
8232	-34.17414	21.96909	36.61515	4.06835	-40.6835	22.78276	-20.34175	-45.56552	-59.39791	-21.15542	8.1367	-21.15542	0
8233	-33.36047	17.90074	22.78276	-1.62734	-34.98781	15.45973	-14.64606	-41.49717	-48.00653	-13.01872	3.25468	-23.59643	0
8234	-28.47845	8.95037	10.57771	-1.62734	-26.03744	8.1367	-13.83239	-42.31084	-43.12451	-10.57771	-3.25468	-27.66478	0
8235	-21.96909	-7.32303	-2.44101	3.25468	-13.83239	0	-17.90074	-45.56552	-45.56552	-14.64606	-9.76404	-34.98781	0
8236	-16.2734	-24.4101	-12.20505	8.1367	-3.25468	-8.1367	-21.15542	-48.00653	-50.44754	-16.2734	-11.39138	-41.49717	0
8237	-17.90074	-36.61515	-14.64606	15.45973	0.81367	-13.83239	-20.34175	-44.75185	-48.8202	-10.57771	-6.50936	-44.75185	0
8238	-26.85111	-40.6835	-12.20505	26.03744	-3.25468	-13.83239	-13.01872	-36.61515	-37.42882	2.44101	2.44101	-41.49717	0
8239	-31.73313	-38.24249	-3.25468	33.36047	-13.01872	-8.95037	0	-24.4101	-16.2734	19.52808	12.20505	-34.98781	0
8240	-30.91946	-34.17414	9.76404	39.05616	-26.85111	-4.06835	13.83239	-13.01872	6.50936	30.10579	13.83239	-32.5468	0
8241	-28.47845	-34.17414	15.45973	41.49717	-33.36047	-5.69569	23.59643	-4.88202	23.59643	33.36047	6.50936	-36.61515	0
8242	-23.59643	-43.12451	8.1367	41.49717	-28.47845	-14.64606	24.4101	-4.88202	33.36047	30.10579	-8.1367	-48.8202	0
8243	-16.2734	-56.9569	-4.06835	41.49717	-19.52808	-26.03744	16.2734	-13.01872	35.80148	19.52808	-24.4101	-65.0936	0
8244	-11.39138	-67.53461	-18.71441	39.86983	-9.76404	-38.24249	5.69569	-21.15542	31.73313	5.69569	-37.42882	-75.67131	0
8245	-17.08707	-73.2303	-29.29212	39.86983	-3.25468	-48.00653	-4.06835	-22.78276	23.59643	-2.44101	-41.49717	-77.29865	0
8246	-28.47845	-74.85764	-27.66478	40.6835	-6.50936	-48.00653	-9.76404	-17.08707	19.52808	-5.69569	-33.36047	-73.2303	0
8247	-38.24249	-73.2303	-17.90074	42.31084	-13.01872	-39.05616	-8.95037	-6.50936	23.59643	-3.25468	-19.52808	-66.72094	0
8248	-40.6835	-68.34828	-12.20505	46.37919	-14.64606	-32.5468	-4.06835	4.06835	31.73313	5.69569	-4.06835	-57.77057	0
8249	-39.86983	-70.78929	-22.78276	53.70222	-6.50936	-40.6835	1.62734	10.57771	38.24249	17.08707	5.69569	-49.63387	0
8250	-40.6835	-82.18067	-48.00653	59.39791	7.32303	-59.39791	5.69569	11.39138	40.6835	22.78276	5.69569	-48.00653	0
8251	-43.93818	-95.19939	-74.04397	65.0936	18.71441	-76.48498	9.76404	7.32303	39.86983	21.15542	-3.25468	-50.44754	0
8252	-44.75185	-105.7771	-88.69003	69.97562	24.4101	-88.69003	14.64606	2.44101	40.6835	17.08707	-17.08707	-55.32956	0
8253	-41.49717	-107.40444	-90.31737	66.72094	27.66478	-91.94471	17.90074	0.81367	45.56552	13.01872	-28.47845	-61.83892	0
8254	-33.36047	-94.38572	-86.24902	53.70222	32.5468	-87.06269	17.08707	0.81367	52.88855	9.76404	-36.61515	-69.16195	0
8255	-24.4101	-78.92599	-78.11232	38.24249	34.17414	-77.29865	11.39138	0	60.21158	7.32303	-40.6835	-73.2303	0
8256	-16.2734	-67.53461	-69.16195	28.47845	31.73313	-68.34828	7.32303	2.44101	66.72094	8.1367	-39.05616	-72.41663	0
8257	-8.1367	-60.21158	-61.83892	26.85111	29.29212	-61.83892	7.32303	9.76404	74.85764	12.20505	-28.47845	-65.0936	0
8258	-2.44101	-52.88855	-55.32956	30.10579	27.66478	-55.32956	10.57771	17.08707	83.80801	21.15542	-16.2734	-57.77057	0
8259	0	-48.00653	-50.44754	35.80148	26.03744	-49.63387	15.45973	21.96909	94.38572	30.91946	-8.1367	-55.32956	0
8260	0	-49.63387	-48.00653	40.6835	23.59643	-49.63387	20.34175	27.66478	104.14976	36.61515	-7.32303	-56.9569	0
8261	-4.06835	-56.9569	-48.8202	43.12451	20.34175	-53.70222	25.22377	31.73313	112.28646	34.98781	-13.83239	-59.39791	0
8262	-9.76404	-64.27993	-50.44754	43.12451	17.90074	-59.39791	27.66478	30.91946	117.16848	28.47845	-23.59643	-65.0936	0
8263	-13.83239	-69.16195	-54.51589	40.6835	17.08707	-64.27993	23.59643	28.47845	117.98215	20.34175	-31.73313	-71.60296	0
8264	-11.39138	-69.97562	-63.46626	36.61515	21.96909	-67.53461	16.2734	28.47845	118.79582	16.2734	-34.17414	-72.41663	0
8265	-8.1367	-76.48498	-76.48498	37.42882	30.91946	-77.29865	6.50936	31.73313	117.98215	16.2734	-32.5468	-69.97562	0
8266	-8.1367	-90.31737	-91.13104	44.75185	39.86983	-91.13104	-1.62734	35.80148	115.54114	18.71441	-24.4101	-65.90727	0
8267	-9.76404	-103.33609	-100.89508	52.07488	45.56552	-103.33609	-5.69569	43.12451	113.10013	23.59643	-13.83239	-61.02525	0
8268	-13.01872	-110.65912	-103.33609	58.58424	46.37919	-108.21811	-2.44101	52.07488	112.28646	31.73313	-3.25468	-52.07488	0
8269	-18.71441	-113.9138	-100.08141	65.0936	42.31084	-108.21811	7.32303	60.21158	114.72747	39.86983	3.25468	-44.75185	0
8270	-22.78276	-115.54114	-94.38572	69.16195	36.61515	-104.14976	20.34175	63.46626	117.16848	46.37919	4.06835	-44.75185	0
8271	-24.4101	-115.54114	-96.82673	69.97562	40.6835	-100.08141	28.47845	63.46626	118.79582	48.00653	0	-51.26121	0
8272	-22.78276	-110.65912	-106.59077	65.90727	56.14323	-97.6404	30.10579	58.58424	123.67784	45.56552	-11.39138	-57.77057	0
8273	-17.08707	-103.33609	-111.47279	59.39791	66.72094	-96.01306	26.85111	54.51589	128.55986	40.6835	-24.4101	-63.46626	0
8274	-17.08707	-97.6404	-101.70875	56.14323	57.77057	-91.13104	20.34175	54.51589	131.00087	35.80148	-34.98781	-68.34828	0
8275	-22.78276	-94.38572	-86.24902	57.77057	41.49717	-86.24902	13.83239	52.88855	130.1872	30.91946	-40.6835	-73.2303	0
8276	-27.66478	-93.57205	-77.29865	61.02525	28.47845	-85.43535	6.50936	48.8202	128.55986	27.66478	-40.6835	-78.11232	0
8277	-32.5468	-94.38572	-74.85764	65.0936	21.15542	-89.5037	1.62734	48.8202	131.00087	26.85111	-37.42882	-79.73966	0
8278	-33.36047	-96.01306	-76.48498	68.34828	20.34175	-94.38572	1.62734	55.32956	136.69656	30.10579	-34.17414	-76.48498	0
8279	-28.47845	-95.19939	-77.29865	65.0936	22.78276	-95.19939	8.95037	65.0936	144.83326	35.80148	-31.73313	-72.41663	0
8280	-21.15542	-90.31737	-74.85764	58.58424	25.22377	-91.13104	22.78276	75.67131	151.34262	39.86983	-30.10579	-70.78929	0
8281	-14.64606	-83.80801	-69.97562	49.63387	26.03744	-82.99434	39.86983	82.18067	155.41097	41.49717	-31.73313	-71.60296	0
8282	-9.76404	-75.67131	-65.0936	40.6835	26.85111	-74.04397	54.51589	82.99434	158.66565	39.86983	-35.80148	-76.48498	0
8283	-3.25468	-69.16195	-65.0936	34.17414	30.10579	-69.16195	61.83892	77.29865	157.85198	34.17414	-43.12451	-81.367	0
8284	0.81367	-64.27993	-64.27993	30.10579	32.5468	-65.0936	60.21158	68.34828	154.5973	22.78276	-48.8202	-83.80801	0
8285	3.25468	-61.83892	-62.65259	30.91946	32.5468	-61.02525	49.63387	57.77057	145.64693	10.57771	-52.07488	-87.06269	0
8286	3.25468	-63.46626	-61.02525	39.05616	31.73313	-57.77057	33.36047	48.8202	132.62821	2.44101	-50.44754	-89.5037	0
8287	0	-66.72094	-56.9569	44.75185	27.66478	-55.32956	21.96909	46.37919	123.67784	1.62734	-44.75185	-88.69003	0
8288	6.50936	-70.78929	-61.02525	35.80148	33.36047	-56.14323	21.15542	52.07488	123.67784	8.1367	-34.98781	-81.367	0
8289	26.03744	-73.2303	-79.73966	21.15542	52.88855	-65.0936	26.03744	60.21158	127.74619	16.2734	-26.85111	-74.04397	0
8290	43.93818	-74.85764	-102.52242	11.39138	73.2303	-78.92599	34.17414	65.90727	133.44188	22.78276	-26.85111	-70.78929	0
8291	50.44754	-81.367	-119.60949	10.57771	84.62168	-91.13104	43.12451	69.97562	142.39225	26.03744	-35.80148	-73.2303	0
8292	39.05616	-94.38572	-124.49151	17.90074	79.73966	-101.70875	49.63387	76.48498	155.41097	30.10579	-45.56552	-78.11232	0
8293	13.01872	-110.65912	-113.10013	25.22377	61.02525	-104.96343	51.26121	82.99434	166.80235	35.80148	-48.8202	-80.55333	0
8294	-4.88202	-123.67784	-96.82673	29.29212	43.93818	-98.45407	48.8202	83.80801	167.61602	39.05616	-47.19286	-81.367	0
8295	-12.20505	-131.00087	-86.24902	34.98781	35.80148	-92.75838	45.56552	80.55333	161.92033	37.42882	-42.31084	-82.99434	0
8296	-16.2734	-131.81454	-79.73966	43.93818	32.5468	-92.75838	39.05616	73.2303	152.15629	34.98781	-34.17414	-85.43535	0
8297	-19.52808	-131.00087	-69.16195	53.70222	31.73313	-94.38572	30.91946	64.27993	140.76491	34.98781	-26.85111	-82.99434	0
8298	-21.96909	-130.1872	-62.65259	63.46626	30.91946	-94.38572	26.03744	59.39791	133.44188	39.86983	-20.34175	-77.29865	0
8299	-26.03744	-133.44188	-67.53461	73.2303	30.10579	-98.45407	22.78276	59.39791	132.62821	43.12451	-19.52808	-74.04397	0
8300	-30.91946	-140.76491	-79.73966	82.18067	30.10579	-105.7771	17.90074	60.21158	136.69656	40.6835	-27.66478	-76.48498	0
8301	-36.61515	-143.20592	-90.31737	90.31737	30.10579	-109.84545	17.90074	60.21158	141.57858	31.73313	-45.56552	-82.99434	0
8302	-41.49717	-135.88289	-97.6404	93.57205	34.17414	-109.84545	23.59643	58.58424	143.20592	21.15542	-64.27993	-90.31737	0
8303	-44.75185	-124.49151	-103.33609	94.38572	40.6835	-109.03178	30.91946	56.14323	139.95124	11.39138	-78.11232	-99.26774	0
8304	-42.31084	-116.35481	-105.7771	91.13104	43.12451	-110.65912	35.80148	54.51589	132.62821	5.69569	-82.18067	-104.14976	0
8305	-39.05616	-113.10013	-104.96343	87.06269	40.6835	-112.28646	37.42882	54.51589	125.30518	5.69569	-71.60296	-100.89508	0
8306	-37.42882	-111.47279	-100.08141	81.367	34.17414	-108.21811	37.42882	56.14323	122.0505	12.20505	-48.8202	-88.69003	0
8307	-35.80148	-108.21811	-92.75838	71.60296	24.4101	-96.01306	37.42882	60.21158	126.11885	23.59643	-23.59643	-72.41663	0
8308	-26.85111	-102.52242	-80.55333	55.32956	20.34175	-78.92599	39.05616	65.90727	136.69656	36.61515	-5.69569	-58.58424	0
8309	-13.01872	-93.57205	-72.41663	39.86983	22.78276	-67.53461	42.31084	71.60296	148.08794	43.93818	0	-51.26121	0
8310	-0.81367	-87.87636	-75.67131	33.36047	29.29212	-69.97562	45.56552	74.85764	152.15629	43.12451	-5.69569	-55.32956	0
8311	6.50936	-91.13104	-86.24902	34.17414	31.73313	-82.18067	48.00653	72.41663	148.90161	31.73313	-20.34175	-65.0936	0
8312	4.88202	-100.89508	-96.01306	43.12451	33.36047	-96.82673	48.8202	65.0936	139.95124	17.90074	-40.6835	-78.11232	0
8313	-4.88202	-110.65912	-97.6404	54.51589	31.73313	-104.14976	45.56552	49.63387	126.93252	5.69569	-61.02525	-90.31737	0
8314	-17.08707	-109.84545	-87.06269	62.65259	25.22377	-100.08141	39.86983	29.29212	112.28646	-3.25468	-76.48498	-100.89508	0
8315	-30.91946	-100.89508	-68.34828	66.72094	13.83239	-86.24902	34.17414	16.2734	101.70875	-5.69569	-83.80801	-103.33609	0
8316	-43.12451	-91.13104	-49.63387	68.34828	1.62734	-72.41663	33.36047	16.2734	98.45407	2.44101	-78.11232	-93.57205	0
8317	-43.93818	-88.69003	-47.19286	66.72094	0.81367	-69.97562	35.80148	22.78276	100.89508	17.08707	-61.83892	-79.73966	0
8318	-30.91946	-93.57205	-66.72094	61.02525	18.71441	-82.18067	39.05616	31.73313	106.59077	26.85111	-44.75185	-70.78929	0
8319	-13.83239	-100.08141	-91.94471	56.14323	39.05616	-98.45407	43.93818	42.31084	114.72747	30.10579	-34.17414	-68.34828	0
8320	-4.06835	-102.52242	-107.40444	51.26121	46.37919	-109.03178	49.63387	51.26121	123.67784	29.29212	-31.73313	-68.34828	0
8321	-0.81367	-104.14976	-108.21811	48.00653	45.56552	-113.9138	54.51589	55.32956	129.37353	25.22377	-39.86983	-69.97562	0
8322	-2.44101	-109.03178	-100.08141	49.63387	42.31084	-114.72747	56.14323	52.07488	128.55986	17.90074	-52.88855	-73.2303	0
8323	-8.1367	-114.72747	-93.57205	55.32956	39.05616	-113.10013	53.70222	43.12451	122.86417	9.76404	-63.46626	-79.73966	0
8324	-15.45973	-119.60949	-86.24902	61.02525	30.91946	-109.84545	47.19286	30.10579	115.54114	4.06835	-70.78929	-87.06269	0
8325	-18.71441	-120.42316	-75.67131	63.46626	18.71441	-102.52242	38.24249	18.71441	110.65912	2.44101	-70.78929	-90.31737	0
8326	-19.52808	-113.9138	-67.53461	61.02525	12.20505	-93.57205	30.10579	12.20505	109.84545	6.50936	-56.9569	-89.5037	0
8327	-14.64606	-99.26774	-64.27993	56.14323	14.64606	-83.80801	26.03744	13.01872	114.72747	15.45973	-34.17414	-82.18067	0
8328	-5.69569	-79.73966	-63.46626	52.07488	23.59643	-73.2303	26.03744	17.90074	122.86417	30.10579	-13.01872	-68.34828	0
8329	0.81367	-68.34828	-65.90727	51.26121	30.91946	-68.34828	29.29212	25.22377	126.11885	43.12451	-0.81367	-56.14323	0
8330	2.44101	-72.41663	-77.29865	50.44754	39.86983	-75.67131	31.73313	30.10579	121.23683	43.93818	-7.32303	-56.14323	0
8331	0.81367	-85.43535	-94.38572	49.63387	51.26121	-91.94471	30.91946	31.73313	109.84545	34.17414	-31.73313	-65.90727	0
8332	0	-98.45407	-107.40444	49.63387	57.77057	-105.7771	29.29212	30.10579	96.82673	20.34175	-61.02525	-80.55333	0
8333	-2.44101	-109.03178	-116.35481	51.26121	61.02525	-114.72747	30.91946	24.4101	83.80801	10.57771	-82.18067	-94.38572	0
8334	-2.44101	-113.10013	-122.0505	48.8202	65.90727	-118.79582	33.36047	17.90074	74.85764	4.88202	-91.13104	-101.70875	0
8335	1.62734	-107.40444	-123.67784	43.12451	69.16195	-116.35481	30.91946	12.20505	69.97562	2.44101	-83.80801	-100.89508	0
8336	8.95037	-100.08141	-119.60949	37.42882	69.16195	-111.47279	19.52808	6.50936	70.78929	5.69569	-61.02525	-90.31737	0
8337	17.08707	-91.94471	-113.9138	34.17414	67.53461	-104.96343	3.25468	4.88202	78.11232	13.83239	-31.73313	-73.2303	0
8338	21.15542	-82.99434	-105.7771	30.91946	63.46626	-96.01306	-11.39138	7.32303	85.43535	23.59643	-9.76404	-57.77057	0
8339	18.71441	-79.73966	-96.82673	26.85111	56.9569	-89.5037	-21.96909	14.64606	89.5037	31.73313	0.81367	-48.8202	0
8340	10.57771	-78.11232	-90.31737	24.4101	48.8202	-85.43535	-21.15542	21.15542	91.13104	34.98781	0	-48.8202	0
8341	5.69569	-72.41663	-87.06269	19.52808	43.93818	-81.367	-5.69569	24.4101	91.13104	31.73313	-13.83239	-56.14323	0
8342	7.32303	-65.0936	-88.69003	17.08707	44.75185	-81.367	18.71441	21.15542	90.31737	25.22377	-37.42882	-69.16195	0
8343	3.25468	-61.83892	-88.69003	25.22377	43.12451	-84.62168	47.19286	18.71441	88.69003	19.52808	-58.58424	-79.73966	0
8344	-8.1367	-63.46626	-78.92599	38.24249	32.5468	-82.18067	74.04397	20.34175	90.31737	19.52808	-69.16195	-82.18067	0
8345	-21.96909	-62.65259	-59.39791	46.37919	20.34175	-70.78929	91.94471	24.4101	92.75838	25.22377	-65.90727	-75.67131	0
8346	-33.36047	-60.21158	-39.05616	49.63387	13.83239	-54.51589	96.82673	26.85111	96.82673	34.17414	-50.44754	-64.27993	0
8347	-35.80148	-58.58424	-29.29212	48.00653	12.20505	-43.12451	91.94471	24.4101	102.52242	45.56552	-27.66478	-50.44754	0
8348	-26.85111	-52.88855	-30.10579	39.05616	15.45973	-35.80148	83.80801	21.96909	109.03178	56.14323	-4.88202	-35.80148	0
8349	-12.20505	-40.6835	-30.10579	25.22377	17.90074	-30.91946	75.67131	23.59643	113.9138	66.72094	11.39138	-25.22377	0
8350	0	-26.03744	-26.03744	12.20505	17.90074	-25.22377	68.34828	29.29212	113.10013	70.78929	13.83239	-21.15542	0
8351	4.06835	-17.08707	-20.34175	4.06835	15.45973	-21.15542	61.83892	33.36047	109.03178	65.0936	-4.88202	-29.29212	0
8352	3.25468	-15.45973	-16.2734	3.25468	12.20505	-21.96909	52.88855	31.73313	103.33609	53.70222	-37.42882	-48.8202	0
8353	1.62734	-17.90074	-16.2734	7.32303	9.76404	-25.22377	43.93818	24.4101	99.26774	40.6835	-66.72094	-70.78929	0
8354	0.81367	-21.15542	-18.71441	11.39138	8.95037	-27.66478	37.42882	17.08707	96.01306	30.91946	-83.80801	-86.24902	0
8355	0	-22.78276	-21.15542	13.01872	8.95037	-27.66478	34.17414	17.08707	95.19939	26.85111	-82.99434	-89.5037	0
8356	1.62734	-18.71441	-20.34175	9.76404	9.76404	-23.59643	36.61515	26.03744	97.6404	32.5468	-59.39791	-80.55333	0
8357	7.32303	-9.76404	-16.2734	-2.44101	8.1367	-15.45973	45.56552	39.05616	104.96343	48.00653	-21.96909	-57.77057	0
8358	13.83239	2.44101	-8.95037	-21.15542	2.44101	-4.88202	56.9569	52.07488	115.54114	69.97562	14.64606	-28.47845	0
8359	19.52808	18.71441	2.44101	-35.80148	-3.25468	8.95037	66.72094	57.77057	125.30518	89.5037	41.49717	-4.88202	0
8360	21.15542	30.91946	13.01872	-39.05616	-6.50936	25.22377	69.97562	54.51589	128.55986	102.52242	50.44754	4.06835	0
8361	23.59643	34.98781	15.45973	-37.42882	-4.06835	35.80148	61.02525	43.93818	124.49151	103.33609	38.24249	-2.44101	0
8362	32.5468	39.86983	11.39138	-34.98781	4.06835	39.86983	43.12451	26.85111	117.98215	93.57205	9.76404	-20.34175	0
8363	49.63387	54.51589	8.95037	-34.17414	16.2734	43.93818	24.4101	15.45973	117.16848	84.62168	-12.20505	-32.5468	0
8364	61.83892	72.41663	13.83239	-33.36047	21.96909	49.63387	8.1367	13.01872	121.23683	83.80801	-20.34175	-33.36047	0
8365	61.83892	82.99434	21.15542	-38.24249	19.52808	51.26121	-4.06835	13.83239	126.11885	87.06269	-15.45973	-28.47845	0
8366	62.65259	85.43535	21.96909	-50.44754	20.34175	49.63387	-9.76404	13.01872	130.1872	93.57205	6.50936	-18.71441	0
8367	68.34828	83.80801	16.2734	-65.0936	26.85111	46.37919	-8.95037	9.76404	134.25555	104.96343	37.42882	-2.44101	0
8368	73.2303	81.367	9.76404	-75.67131	33.36047	42.31084	-8.1367	4.06835	135.06922	115.54114	61.02525	13.01872	0
8369	76.48498	74.85764	4.88202	-78.11232	39.05616	35.80148	-8.95037	-3.25468	132.62821	118.79582	69.97562	18.71441	0
8370	72.41663	64.27993	4.88202	-69.97562	41.49717	22.78276	-10.57771	-8.95037	130.1872	113.9138	58.58424	14.64606	0
8371	58.58424	56.14323	6.50936	-52.88855	34.98781	11.39138	-14.64606	-13.83239	125.30518	104.96343	29.29212	3.25468	0
8372	37.42882	48.8202	14.64606	-34.98781	17.08707	9.76404	-17.90074	-17.08707	119.60949	94.38572	-1.62734	-9.76404	0
8373	17.08707	43.93818	32.5468	-21.96909	-2.44101	21.96909	-17.08707	-16.2734	113.9138	82.99434	-21.96909	-22.78276	0
8374	0.81367	44.75185	50.44754	-15.45973	-13.01872	37.42882	-14.64606	-15.45973	106.59077	73.2303	-33.36047	-33.36047	0
8375	0	51.26121	56.14323	-15.45973	-12.20505	48.8202	-10.57771	-13.01872	100.08141	66.72094	-31.73313	-36.61515	0
8376	14.64606	62.65259	49.63387	-18.71441	-4.06835	54.51589	-6.50936	-8.1367	97.6404	67.53461	-12.20505	-30.10579	0
8377	32.5468	65.0936	35.80148	-22.78276	4.88202	49.63387	-4.88202	-4.88202	98.45407	75.67131	17.90074	-17.08707	0
8378	42.31084	48.00653	17.08707	-20.34175	11.39138	31.73313	-7.32303	-3.25468	99.26774	85.43535	46.37919	0	0
8379	42.31084	16.2734	-9.76404	-9.76404	19.52808	2.44101	-13.01872	-4.06835	96.01306	91.94471	64.27993	13.83239	0
8380	43.12451	-18.71441	-48.00653	2.44101	38.24249	-34.17414	-21.96909	-7.32303	87.06269	85.43535	57.77057	16.2734	0
8381	52.07488	-48.00653	-89.5037	11.39138	65.0936	-70.78929	-27.66478	-16.2734	75.67131	65.90727	21.96909	5.69569	0
8382	58.58424	-69.16195	-119.60949	17.08707	83.80801	-96.82673	-27.66478	-26.85111	68.34828	45.56552	-25.22377	-11.39138	0
8383	54.51589	-79.73966	-127.74619	19.52808	87.87636	-105.7771	-18.71441	-30.10579	70.78929	33.36047	-61.83892	-31.73313	0
8384	42.31084	-77.29865	-116.35481	19.52808	77.29865	-98.45407	-4.06835	-27.66478	78.92599	31.73313	-77.29865	-47.19286	0
8385	26.03744	-69.97562	-98.45407	21.15542	60.21158	-85.43535	6.50936	-25.22377	84.62168	37.42882	-69.16195	-50.44754	0
8386	9.76404	-63.46626	-82.99434	24.4101	43.12451	-74.04397	13.83239	-21.96909	87.87636	46.37919	-38.24249	-43.93818	0
8387	0	-59.39791	-72.41663	26.85111	31.73313	-67.53461	17.08707	-14.64606	89.5037	54.51589	-1.62734	-33.36047	0
8388	-1.62734	-60.21158	-70.78929	28.47845	31.73313	-68.34828	14.64606	-4.88202	84.62168	56.14323	17.90074	-27.66478	0
8389	2.44101	-64.27993	-82.99434	26.03744	44.75185	-77.29865	11.39138	3.25468	75.67131	52.07488	21.15542	-28.47845	0
8390	8.95037	-69.97562	-104.14976	20.34175	65.90727	-86.24902	11.39138	5.69569	68.34828	44.75185	7.32303	-33.36047	0
8391	15.45973	-83.80801	-126.93252	20.34175	82.99434	-93.57205	13.01872	2.44101	61.02525	33.36047	-26.85111	-40.6835	0
8392	15.45973	-103.33609	-138.3239	32.5468	86.24902	-98.45407	15.45973	-2.44101	49.63387	18.71441	-69.97562	-53.70222	0
8393	2.44101	-121.23683	-133.44188	49.63387	73.2303	-102.52242	17.90074	-8.95037	35.80148	1.62734	-100.89508	-70.78929	0
8394	-8.95037	-133.44188	-120.42316	64.27993	56.14323	-106.59077	17.08707	-18.71441	24.4101	-14.64606	-120.42316	-86.24902	0
8395	-12.20505	-141.57858	-114.72747	71.60296	44.75185	-114.72747	13.83239	-29.29212	17.90074	-23.59643	-120.42316	-94.38572	0
8396	-6.50936	-145.64693	-118.79582	74.04397	44.75185	-125.30518	13.01872	-34.98781	19.52808	-21.96909	-91.94471	-89.5037	0
8397	2.44101	-140.76491	-125.30518	69.97562	53.70222	-128.55986	17.08707	-32.5468	29.29212	-11.39138	-47.19286	-70.78929	0
8398	11.39138	-126.11885	-131.00087	59.39791	65.0936	-122.0505	25.22377	-23.59643	44.75185	4.06835	-8.1367	-48.00653	0
8399	15.45973	-114.72747	-131.00087	50.44754	69.97562	-113.9138	31.73313	-13.83239	60.21158	19.52808	12.20505	-32.5468	0
8400	13.83239	-109.84545	-127.74619	45.56552	69.97562	-110.65912	32.5468	-9.76404	71.60296	26.03744	7.32303	-30.91946	0
8401	7.32303	-106.59077	-127.74619	48.00653	69.97562	-112.28646	26.03744	-9.76404	75.67131	21.96909	-30.10579	-42.31084	0
8402	-0.81367	-107.40444	-134.25555	57.77057	69.97562	-116.35481	14.64606	-12.20505	74.04397	8.1367	-82.18067	-63.46626	0
8403	-8.1367	-113.10013	-143.20592	69.16195	73.2303	-124.49151	4.06835	-14.64606	69.97562	-6.50936	-123.67784	-88.69003	0
8404	-15.45973	-117.98215	-148.08794	78.92599	78.11232	-130.1872	0	-16.2734	64.27993	-17.08707	-145.64693	-109.03178	0
8405	-23.59643	-122.0505	-141.57858	84.62168	74.04397	-131.00087	3.25468	-16.2734	55.32956	-21.96909	-143.20592	-113.10013	0
8406	-34.17414	-127.74619	-129.37353	88.69003	57.77057	-127.74619	11.39138	-14.64606	46.37919	-17.90074	-113.9138	-101.70875	0
8407	-46.37919	-133.44188	-117.98215	93.57205	37.42882	-124.49151	21.15542	-14.64606	38.24249	-6.50936	-70.78929	-80.55333	0
8408	-51.26121	-135.88289	-109.84545	97.6404	25.22377	-121.23683	30.91946	-17.08707	35.80148	7.32303	-30.91946	-58.58424	0
8409	-43.93818	-134.25555	-105.7771	102.52242	25.22377	-119.60949	37.42882	-17.90074	43.12451	21.96909	-4.06835	-42.31084	0
8410	-37.42882	-137.51023	-106.59077	104.96343	29.29212	-122.0505	40.6835	-16.2734	58.58424	30.91946	-0.81367	-34.17414	0
8411	-37.42882	-146.4606	-109.03178	106.59077	31.73313	-129.37353	43.12451	-11.39138	74.04397	28.47845	-26.85111	-34.98781	0
8412	-38.24249	-158.66565	-116.35481	107.40444	35.80148	-138.3239	46.37919	-6.50936	81.367	19.52808	-64.27993	-47.19286	0
8413	-36.61515	-171.68437	-128.55986	107.40444	42.31084	-146.4606	48.00653	-7.32303	80.55333	9.76404	-92.75838	-65.0936	0
8414	-34.98781	-179.82107	-140.76491	105.7771	52.07488	-153.78363	47.19286	-12.20505	73.2303	1.62734	-111.47279	-81.367	0
8415	-32.5468	-179.82107	-152.15629	99.26774	63.46626	-160.29299	46.37919	-20.34175	60.21158	-0.81367	-114.72747	-90.31737	0
8416	-28.47845	-174.12538	-160.29299	90.31737	74.04397	-163.54767	44.75185	-36.61515	36.61515	-1.62734	-90.31737	-87.06269	0
8417	-25.22377	-166.80235	-158.66565	83.80801	76.48498	-161.10666	37.42882	-66.72094	-0.81367	-3.25468	-52.88855	-73.2303	0
8418	-28.47845	-155.41097	-141.57858	82.18067	65.0936	-148.90161	23.59643	-113.9138	-57.77057	-11.39138	-23.59643	-52.88855	0
8419	-37.42882	-141.57858	-112.28646	82.99434	43.12451	-128.55986	0.81367	-179.82107	-135.06922	-26.85111	-6.50936	-33.36047	0
8420	-43.12451	-117.98215	-78.11232	77.29865	17.90074	-100.08141	-31.73313	-270.13844	-238.40531	-54.51589	-8.1367	-15.45973	0
8421	-37.42882	-79.73966	-40.6835	57.77057	-3.25468	-62.65259	-74.85764	-385.67958	-368.59251	-90.31737	-30.91946	-0.81367	0
8422	-22.78276	-26.03744	0	23.59643	-20.34175	-15.45973	-122.0505	-517.49412	-519.12146	-126.11885	-52.88855	17.08707	0
8423	0	41.49717	46.37919	-21.96909	-30.91946	41.49717	-167.61602	-652.56334	-678.60078	-156.22464	-48.8202	49.63387	0
8424	28.47845	122.0505	97.6404	-77.29865	-39.86983	108.21811	-206.67218	-785.19155	-835.63909	-173.31171	-10.57771	104.96343	0
8425	52.88855	214.80888	163.54767	-135.88289	-57.77057	187.95777	-239.21898	-914.56508	-982.09969	-171.68437	67.53461	182.26208	0
8426	67.53461	327.09534	260.3744	-199.34915	-96.01306	292.9212	-266.88376	-1048.00696	-1122.05093	-148.90161	195.2808	285.59817	0
8427	71.60296	461.35089	388.93426	-268.5111	-157.03831	424.73574	-301.0579	-1205.85894	-1269.3252	-116.35481	349.8781	412.53069	0
8428	74.04397	606.99782	532.95385	-342.55507	-227.01393	568.75533	-353.94645	-1402.76708	-1436.94122	-87.06269	496.3387	542.71789	0
8429	83.80801	755.89943	672.09142	-421.48106	-292.10753	712.77492	-435.31345	-1631.40835	-1623.27165	-61.02525	621.64388	659.88637	0
8430	111.47279	886.9003	793.32825	-497.15237	-339.30039	847.84414	-547.59991	-1866.55898	-1803.90639	-28.47845	703.82455	750.20374	0
8431	153.78363	980.47235	884.45929	-555.73661	-365.33783	957.68959	-679.41445	-2079.74052	-1951.18066	1.62734	729.86199	801.46495	0
8432	188.77144	1036.61558	925.14279	-598.04745	-368.59251	1014.64649	-799.83761	-2236.77883	-2043.93904	13.83239	714.40226	816.11101	0
8433	199.34915	1019.52851	885.27296	-598.04745	-344.18241	980.47235	-879.57727	-2306.75445	-2058.5851	4.88202	657.44536	784.37788	0
8434	180.63474	885.27296	746.94906	-526.44449	-284.7845	834.82542	-907.24205	-2269.32563	-1971.52241	-15.45973	545.1589	694.87418	0
8435	140.76491	650.936	532.14018	-393.81628	-196.09447	600.48846	-884.45929	-2129.37439	-1792.51501	-53.70222	391.37527	559.80496	0
8436	84.62168	364.52416	286.41184	-225.38659	-100.08141	327.90901	-833.19808	-1921.07487	-1588.28384	-130.1872	214.80888	400.32564	0
8437	18.71441	68.34828	48.8202	-46.37919	-13.83239	57.77057	-782.75054	-1695.68828	-1432.87287	-271.76578	17.90074	240.03265	0
8438	-37.42882	-193.65346	-160.29299	112.28646	62.65259	-179.82107	-741.25337	-1495.52546	-1343.36917	-478.43796	-184.70309	99.26774	0
8439	-67.53461	-391.37527	-327.90901	226.20026	131.00087	-362.89682	-707.8929	-1336.04614	-1313.26338	-710.33391	-353.94645	-10.57771	0
8440	-76.48498	-517.49412	-441.82281	292.10753	182.26208	-482.50631	-686.73748	-1201.79059	-1318.1454	-912.12407	-473.55594	-91.13104	0
8441	-76.48498	-580.96038	-504.4754	318.14497	213.18154	-545.97257	-663.95472	-1069.16238	-1310.82237	-1039.87026	-565.50065	-148.08794	0
8442	-69.97562	-602.1158	-529.69917	318.14497	227.8276	-570.38267	-624.08489	-923.51545	-1252.23813	-1076.48541	-627.33957	-188.77144	0
8443	-56.14323	-599.67479	-536.20853	310.82194	235.15063	-571.19634	-564.68698	-766.47714	-1135.88332	-1033.3609	-644.42664	-217.24989	0
8444	-39.86983	-584.21506	-527.25816	304.31258	234.33696	-558.17762	-489.01567	-611.06617	-976.404	-934.90683	-622.45755	-232.70962	0
8445	-30.10579	-554.92294	-505.28907	292.10753	227.01393	-531.32651	-402.76665	-465.41924	-799.83761	-804.71963	-560.61863	-228.64127	0
8446	-17.90074	-513.42577	-478.43796	267.69743	220.50457	-497.15237	-313.26295	-336.85938	-628.15324	-663.95472	-458.90988	-202.60383	0
8447	-0.81367	-463.7919	-452.40052	233.52329	215.62255	-458.90988	-233.52329	-231.89595	-473.55594	-528.07183	-342.55507	-161.10666	0
8448	16.2734	-410.90335	-422.29473	197.72181	210.74053	-418.22638	-171.68437	-147.27427	-339.30039	-410.08968	-240.84632	-117.16848	0
8449	26.85111	-367.77884	-393.81628	169.24336	204.23117	-381.61123	-130.1872	-82.99434	-229.45494	-318.95864	-170.8707	-86.24902	0
8450	30.10579	-340.92773	-370.21985	153.78363	196.09447	-356.38746	-106.59077	-46.37919	-150.52895	-259.56073	-142.39225	-72.41663	0
8451	27.66478	-318.95864	-348.25076	143.20592	186.33043	-335.23204	-93.57205	-29.29212	-96.01306	-226.20026	-158.66565	-71.60296	0
8452	25.22377	-290.48019	-321.39965	126.93252	174.93905	-308.38093	-76.48498	-15.45973	-52.07488	-198.53548	-189.58511	-84.62168	0
8453	26.03744	-251.42403	-284.7845	104.96343	158.66565	-270.95211	-51.26121	4.06835	-8.95037	-167.61602	-205.85851	-102.52242	0
8454	28.47845	-212.36787	-240.84632	87.87636	135.06922	-228.64127	-21.15542	29.29212	34.17414	-132.62821	-204.23117	-113.9138	0
8455	32.5468	-182.26208	-196.90814	80.55333	105.7771	-190.39878	9.76404	60.21158	80.55333	-96.01306	-183.07575	-113.9138	0
8456	37.42882	-155.41097	-157.85198	74.04397	78.92599	-157.03831	40.6835	96.82673	129.37353	-59.39791	-149.71528	-104.14976	0
8457	40.6835	-130.1872	-133.44188	59.39791	63.46626	-131.81454	69.16195	132.62821	173.31171	-26.85111	-123.67784	-96.82673	0
8458	37.42882	-114.72747	-122.0505	48.00653	58.58424	-117.98215	91.13104	161.92033	205.04484	-1.62734	-109.03178	-93.57205	0
8459	26.03744	-109.84545	-116.35481	44.75185	56.14323	-112.28646	107.40444	187.1441	228.64127	16.2734	-102.52242	-88.69003	0
8460	9.76404	-113.9138	-111.47279	47.19286	52.88855	-113.10013	120.42316	207.48585	246.54201	30.91946	-90.31737	-82.18067	0
8461	-9.76404	-126.11885	-108.21811	51.26121	45.56552	-118.79582	129.37353	224.57292	262.00174	47.19286	-52.07488	-73.2303	0
8462	-22.78276	-136.69656	-108.21811	56.9569	37.42882	-125.30518	134.25555	237.59164	276.6478	67.53461	-0.81367	-54.51589	0
8463	-23.59643	-140.76491	-113.10013	62.65259	31.73313	-130.1872	131.00087	241.65999	285.59817	87.06269	35.80148	-30.10579	0
8464	-21.15542	-140.76491	-117.16848	66.72094	34.98781	-131.00087	123.67784	240.03265	284.7845	94.38572	53.70222	-8.1367	0
8465	-13.83239	-129.37353	-117.16848	63.46626	47.19286	-126.93252	114.72747	232.70962	275.83413	89.5037	46.37919	0	0
8466	-1.62734	-110.65912	-118.79582	53.70222	61.83892	-124.49151	105.7771	220.50457	262.81541	73.2303	8.1367	-8.95037	0
8467	7.32303	-96.82673	-124.49151	46.37919	74.85764	-122.86417	97.6404	209.11319	250.61036	54.51589	-41.49717	-33.36047	0
8468	11.39138	-93.57205	-129.37353	46.37919	80.55333	-123.67784	93.57205	203.4175	244.91467	41.49717	-82.18067	-67.53461	0
8469	11.39138	-94.38572	-130.1872	50.44754	78.92599	-123.67784	95.19939	202.60383	241.65999	34.98781	-104.14976	-95.19939	0
8470	7.32303	-93.57205	-125.30518	55.32956	69.16195	-117.16848	108.21811	209.92686	248.16935	39.86983	-95.19939	-101.70875	0
8471	-2.44101	-91.13104	-116.35481	58.58424	53.70222	-103.33609	125.30518	226.20026	264.44275	56.9569	-50.44754	-85.43535	0
8472	-16.2734	-85.43535	-103.33609	60.21158	40.6835	-87.87636	136.69656	244.101	283.15716	74.04397	2.44101	-58.58424	0
8473	-21.96909	-75.67131	-89.5037	56.14323	34.17414	-77.29865	137.51023	255.49238	295.36221	82.18067	39.86983	-30.10579	0
8474	-15.45973	-67.53461	-81.367	46.37919	34.17414	-73.2303	132.62821	257.93339	296.17588	84.62168	57.77057	-8.1367	0
8475	-6.50936	-66.72094	-78.92599	39.05616	38.24249	-73.2303	125.30518	248.98302	285.59817	78.11232	47.19286	-1.62734	0
8476	0	-69.97562	-79.73966	34.17414	43.12451	-76.48498	118.79582	233.52329	266.88376	64.27993	7.32303	-13.01872	0
8477	2.44101	-78.11232	-87.06269	33.36047	49.63387	-83.80801	114.72747	215.62255	246.54201	52.88855	-40.6835	-38.24249	0
8478	5.69569	-91.13104	-96.01306	39.86983	54.51589	-96.01306	113.10013	201.79016	230.26861	49.63387	-75.67131	-69.16195	0
8479	8.1367	-100.08141	-102.52242	44.75185	55.32956	-103.33609	115.54114	198.53548	227.01393	52.88855	-88.69003	-93.57205	0
8480	8.95037	-105.7771	-101.70875	49.63387	51.26121	-102.52242	126.93252	213.99521	242.47366	66.72094	-73.2303	-96.01306	0
8481	7.32303	-108.21811	-93.57205	53.70222	43.93818	-96.82673	144.01959	240.03265	271.76578	91.13104	-24.4101	-76.48498	0
8482	0.81367	-103.33609	-84.62168	56.9569	36.61515	-87.06269	160.29299	264.44275	298.61689	114.72747	32.5468	-46.37919	0
8483	-3.25468	-92.75838	-79.73966	56.14323	32.5468	-78.92599	170.8707	279.08881	312.44928	127.74619	72.41663	-17.08707	0
8484	0	-87.06269	-79.73966	51.26121	37.42882	-74.85764	174.12538	282.34349	311.63561	130.1872	91.13104	3.25468	0
8485	8.1367	-91.13104	-82.99434	50.44754	44.75185	-74.85764	165.98868	274.20679	298.61689	121.23683	80.55333	7.32303	0
8486	12.20505	-95.19939	-84.62168	50.44754	46.37919	-78.92599	146.4606	256.30605	276.6478	100.89508	34.17414	-9.76404	0
8487	11.39138	-91.94471	-82.18067	45.56552	39.86983	-85.43535	123.67784	232.70962	255.49238	75.67131	-23.59643	-38.24249	0
8488	6.50936	-84.62168	-75.67131	40.6835	31.73313	-87.87636	109.03178	217.24989	241.65999	58.58424	-65.0936	-66.72094	0
8489	0.81367	-77.29865	-68.34828	37.42882	26.03744	-86.24902	105.7771	218.06356	242.47366	57.77057	-82.18067	-86.24902	0
8490	-2.44101	-69.97562	-61.83892	34.98781	23.59643	-81.367	113.9138	238.40531	256.30605	73.2303	-69.97562	-88.69003	0
8491	-1.62734	-63.46626	-58.58424	30.91946	23.59643	-74.04397	131.00087	270.13844	281.52982	99.26774	-27.66478	-73.2303	0
8492	0	-57.77057	-56.14323	26.85111	25.22377	-66.72094	148.90161	302.68524	309.1946	122.0505	21.96909	-47.19286	0
8493	3.25468	-54.51589	-56.14323	22.78276	27.66478	-61.83892	160.29299	322.21332	327.09534	131.81454	56.9569	-18.71441	0
8494	8.95037	-49.63387	-59.39791	18.71441	33.36047	-58.58424	160.29299	321.39965	327.09534	130.1872	71.60296	1.62734	0
8495	15.45973	-44.75185	-65.90727	15.45973	40.6835	-59.39791	149.71528	303.49891	313.26295	119.60949	61.83892	7.32303	0
8496	22.78276	-41.49717	-67.53461	13.83239	43.93818	-58.58424	132.62821	279.08881	294.54854	103.33609	26.03744	-3.25468	0
8497	26.03744	-35.80148	-59.39791	13.83239	34.17414	-48.00653	118.79582	261.18807	283.97083	88.69003	-17.08707	-21.96909	0
8498	24.4101	-22.78276	-50.44754	8.95037	19.52808	-29.29212	114.72747	264.44275	291.29386	83.80801	-44.75185	-39.86983	0
8499	20.34175	-4.06835	-43.12451	-4.06835	15.45973	-11.39138	117.98215	288.85285	314.89029	91.94471	-52.88855	-51.26121	0
8500	13.01872	14.64606	-33.36047	-22.78276	19.52808	0.81367	123.67784	322.21332	340.92773	107.40444	-39.86983	-52.88855	0
8501	12.20505	23.59643	-21.15542	-29.29212	24.4101	6.50936	131.00087	351.50544	358.0148	120.42316	-6.50936	-44.75185	0
8502	20.34175	13.01872	-13.83239	-19.52808	28.47845	4.06835	141.57858	370.21985	362.08315	133.44188	32.5468	-28.47845	0
8503	27.66478	-3.25468	-17.90074	-7.32303	28.47845	0	153.78363	375.91554	356.38746	146.4606	63.46626	-11.39138	0
8504	39.86983	-8.95037	-30.10579	-8.95037	23.59643	-5.69569	162.734	374.2882	347.43709	155.41097	81.367	-1.62734	0
8505	55.32956	0.81367	-37.42882	-23.59643	21.96909	-6.50936	168.42969	366.1515	339.30039	157.03831	82.99434	4.06835	0
8506	64.27993	18.71441	-33.36047	-39.05616	22.78276	0	170.05703	357.20113	338.48672	148.90161	59.39791	4.88202	0
8507	61.02525	31.73313	-21.96909	-46.37919	23.59643	7.32303	161.92033	357.20113	346.62342	132.62821	22.78276	-4.88202	0
8508	47.19286	38.24249	-4.88202	-43.93818	15.45973	17.08707	151.34262	363.71049	358.0148	117.16848	-3.25468	-22.78276	0
8509	24.4101	40.6835	17.08707	-34.98781	0	27.66478	144.83326	378.35655	374.2882	113.9138	-13.01872	-37.42882	0
8510	3.25468	40.6835	38.24249	-23.59643	-17.90074	37.42882	143.20592	401.95298	392.18894	122.86417	-3.25468	-39.05616	0
8511	-8.95037	42.31084	53.70222	-17.90074	-30.91946	45.56552	149.71528	433.68611	405.20766	139.95124	33.36047	-21.15542	0
8512	-9.76404	44.75185	63.46626	-18.71441	-33.36047	50.44754	159.47932	468.67392	406.835	155.41097	81.367	8.1367	0
8513	0	47.19286	66.72094	-30.91946	-24.4101	52.07488	161.92033	492.27035	398.6983	158.66565	111.47279	36.61515	0
8514	5.69569	45.56552	65.0936	-51.26121	-17.90074	50.44754	155.41097	490.64301	381.61123	150.52895	118.79582	52.07488	0
8515	2.44101	45.56552	64.27993	-69.16195	-20.34175	51.26121	146.4606	466.23291	357.20113	139.13757	107.40444	54.51589	0
8516	4.06835	62.65259	68.34828	-81.367	-26.85111	65.90727	143.20592	441.82281	337.67305	129.37353	81.367	48.8202	0
8517	11.39138	91.13104	74.04397	-87.87636	-32.5468	87.06269	146.4606	432.87244	332.79103	124.49151	54.51589	39.05616	0
8518	18.71441	115.54114	80.55333	-90.31737	-35.80148	105.7771	152.15629	440.19547	338.48672	121.23683	34.17414	30.91946	0
8519	26.03744	132.62821	86.24902	-90.31737	-35.80148	117.98215	157.85198	458.09621	351.50544	119.60949	21.96909	29.29212	0
8520	30.91946	143.20592	93.57205	-90.31737	-35.80148	126.93252	161.10666	480.0653	367.77884	126.11885	30.91946	31.73313	0
8521	30.91946	148.90161	105.7771	-88.69003	-39.05616	131.81454	161.92033	503.66173	381.61123	139.95124	66.72094	38.24249	0
8522	25.22377	148.90161	117.16848	-86.24902	-41.49717	133.44188	159.47932	521.56247	385.67958	151.34262	109.03178	50.44754	0
8523	24.4101	153.78363	124.49151	-91.13104	-40.6835	137.51023	154.5973	531.32651	379.98389	154.5973	139.95124	61.83892	0
8524	31.73313	167.61602	131.00087	-103.33609	-39.86983	147.27427	151.34262	528.8855	367.77884	151.34262	156.22464	67.53461	0
8525	41.49717	182.26208	136.69656	-116.35481	-39.86983	157.85198	148.08794	515.05311	348.25076	144.01959	155.41097	74.04397	0
8526	51.26121	197.72181	142.39225	-130.1872	-38.24249	169.24336	144.01959	495.52503	326.28167	134.25555	132.62821	78.92599	0
8527	57.77057	216.43622	150.52895	-144.83326	-38.24249	183.07575	141.57858	474.36961	309.1946	126.93252	102.52242	74.85764	0
8528	57.77057	231.08228	161.92033	-156.22464	-43.12451	195.2808	139.95124	460.53722	301.0579	126.11885	80.55333	61.83892	0
8529	51.26121	239.21898	179.0074	-161.92033	-57.77057	208.29952	139.13757	460.53722	297.80322	127.74619	70.78929	48.8202	0
8530	40.6835	249.79669	204.23117	-164.36134	-77.29865	226.20026	140.76491	476.81062	296.17588	135.88289	82.18067	52.88855	0
8531	33.36047	267.69743	233.52329	-165.98868	-96.01306	248.16935	145.64693	493.08402	289.66652	148.08794	117.98215	76.48498	0
8532	28.47845	286.41184	256.30605	-166.80235	-109.84545	265.25642	144.83326	495.52503	279.08881	156.22464	156.22464	104.14976	0
8533	26.85111	296.17588	269.32477	-163.54767	-120.42316	273.39312	134.25555	484.94732	260.3744	153.78363	180.63474	126.93252	0
8534	26.85111	296.98955	277.46147	-155.41097	-130.1872	278.27514	117.16848	468.67392	235.15063	140.76491	189.58511	144.83326	0
8535	30.10579	298.61689	285.59817	-152.15629	-136.69656	286.41184	100.08141	450.77318	211.5542	122.86417	183.07575	154.5973	0
8536	33.36047	310.00827	294.54854	-160.29299	-139.13757	298.61689	84.62168	436.94079	192.83979	104.96343	161.92033	153.78363	0
8537	36.61515	327.90901	303.49891	-174.93905	-137.51023	315.70396	75.67131	426.36308	179.0074	86.24902	135.06922	147.27427	0
8538	34.17414	346.62342	310.82194	-187.1441	-138.3239	333.6047	72.41663	419.04005	167.61602	68.34828	114.72747	143.20592	0
8539	28.47845	359.64214	320.58598	-193.65346	-143.20592	345.80975	71.60296	414.15803	157.85198	55.32956	104.14976	143.20592	0
8540	30.91946	371.84719	327.90901	-201.79016	-145.64693	353.94645	71.60296	410.08968	148.08794	49.63387	107.40444	144.01959	0
8541	48.00653	387.30692	328.72268	-217.24989	-138.3239	358.0148	69.16195	405.20766	134.25555	51.26121	130.1872	145.64693	0
8542	69.16195	399.51197	324.65433	-234.33696	-126.93252	359.64214	64.27993	398.6983	116.35481	52.07488	159.47932	154.5973	0
8543	78.11232	409.27601	328.72268	-244.91467	-125.30518	366.1515	56.9569	390.5616	94.38572	48.00653	179.0074	168.42969	0
8544	71.60296	421.48106	350.69177	-248.16935	-139.95124	383.23857	46.37919	377.54288	67.53461	39.86983	187.95777	183.07575	0
8545	52.07488	432.87244	376.72921	-245.72834	-161.92033	404.39399	29.29212	354.76012	32.5468	29.29212	183.88942	190.39878	0
8546	24.4101	432.87244	394.62995	-236.77797	-183.07575	414.9717	8.1367	322.21332	-7.32303	14.64606	161.10666	186.33043	0
8547	0	420.66739	402.76665	-221.31824	-197.72181	413.34436	-3.25468	288.85285	-43.12451	2.44101	132.62821	177.38006	0
8548	-4.88202	416.59904	403.58032	-214.80888	-202.60383	412.53069	-2.44101	263.62908	-62.65259	0	113.9138	169.24336	0
8549	5.69569	429.61776	402.76665	-222.94558	-196.09447	419.85372	4.06835	248.16935	-65.0936	4.06835	108.21811	161.92033	0
8550	21.15542	448.33217	401.95298	-232.70962	-183.88942	427.99042	9.76404	237.59164	-58.58424	8.95037	113.9138	160.29299	0
8551	33.36047	459.72355	401.13931	-239.21898	-174.93905	433.68611	12.20505	222.13191	-56.14323	8.95037	132.62821	167.61602	0
8552	39.05616	456.46887	400.32564	-240.84632	-173.31171	435.31345	9.76404	202.60383	-65.0936	4.06835	151.34262	179.82107	0
8553	36.61515	445.07749	400.32564	-237.59164	-177.38006	429.61776	2.44101	179.0074	-93.57205	-6.50936	160.29299	193.65346	0
8554	26.03744	433.68611	405.20766	-229.45494	-187.1441	420.66739	-8.95037	148.08794	-139.95124	-22.78276	161.92033	205.04484	0
8555	9.76404	419.85372	410.90335	-215.62255	-199.34915	410.90335	-25.22377	109.84545	-196.90814	-46.37919	152.15629	204.23117	0
8556	-4.06835	403.58032	410.90335	-200.97649	-206.67218	401.95298	-42.31084	68.34828	-246.54201	-72.41663	124.49151	189.58511	0
8557	-11.39138	388.12059	404.39399	-190.39878	-206.67218	391.37527	-53.70222	34.98781	-277.46147	-92.75838	91.94471	166.80235	0
8558	-13.83239	376.72921	393.00261	-183.88942	-201.79016	381.61123	-60.21158	15.45973	-288.03918	-102.52242	68.34828	147.27427	0
8559	-13.01872	371.03352	384.86591	-182.26208	-196.90814	375.91554	-57.77057	3.25468	-283.15716	-104.14976	56.14323	138.3239	0
8560	-10.57771	371.03352	381.61123	-183.07575	-195.2808	375.10187	-46.37919	-3.25468	-267.69743	-101.70875	56.14323	137.51023	0
8561	-11.39138	368.59251	380.79756	-180.63474	-196.09447	373.47453	-32.5468	-9.76404	-253.86504	-94.38572	71.60296	139.95124	0
8562	-17.08707	362.89682	375.91554	-170.8707	-196.90814	364.52416	-23.59643	-18.71441	-249.79669	-92.75838	89.5037	141.57858	0
8563	-21.96909	356.38746	362.08315	-159.47932	-192.83979	347.43709	-21.15542	-28.47845	-253.05137	-96.82673	100.08141	143.20592	0
8564	-11.39138	349.8781	338.48672	-157.85198	-175.75272	328.72268	-24.4101	-35.80148	-257.93339	-101.70875	104.96343	147.27427	0
8565	13.01872	343.36874	310.82194	-169.24336	-150.52895	310.82194	-29.29212	-43.12451	-264.44275	-107.40444	100.89508	146.4606	0
8566	38.24249	333.6047	283.15716	-180.63474	-127.74619	295.36221	-34.17414	-50.44754	-270.95211	-113.10013	82.18067	135.06922	0
8567	50.44754	317.3313	262.00174	-182.26208	-109.84545	280.71615	-34.98781	-61.83892	-276.6478	-113.9138	56.9569	114.72747	0
8568	40.6835	287.22551	244.91467	-164.36134	-100.08141	261.18807	-32.5468	-79.73966	-278.27514	-109.03178	33.36047	85.43535	0
8569	17.90074	247.35568	230.26861	-134.25555	-100.08141	236.77797	-30.91946	-97.6404	-270.95211	-103.33609	13.01872	52.88855	0
8570	-2.44101	209.92686	216.43622	-105.7771	-104.14976	212.36787	-28.47845	-107.40444	-251.42403	-96.01306	3.25468	31.73313	0
8571	-20.34175	182.26208	205.85851	-82.18067	-109.03178	193.65346	-22.78276	-104.14976	-224.57292	-86.24902	10.57771	26.85111	0
8572	-31.73313	161.10666	197.72181	-65.90727	-113.10013	178.19373	-17.90074	-96.01306	-198.53548	-74.85764	24.4101	31.73313	0
8573	-34.98781	147.27427	183.07575	-55.32956	-109.03178	161.92033	-17.08707	-94.38572	-178.19373	-63.46626	30.91946	39.86983	0
8574	-33.36047	139.13757	163.54767	-48.8202	-99.26774	145.64693	-20.34175	-96.82673	-166.80235	-57.77057	32.5468	47.19286	0
8575	-25.22377	135.06922	144.01959	-46.37919	-85.43535	132.62821	-23.59643	-94.38572	-158.66565	-54.51589	30.10579	48.00653	0
8576	-13.83239	131.81454	126.93252	-50.44754	-69.97562	122.0505	-23.59643	-86.24902	-148.08794	-50.44754	21.15542	42.31084	0
8577	-2.44101	127.74619	110.65912	-54.51589	-55.32956	112.28646	-19.52808	-73.2303	-133.44188	-44.75185	7.32303	30.91946	0
8578	9.76404	123.67784	93.57205	-61.83892	-43.12451	101.70875	-13.83239	-58.58424	-118.79582	-37.42882	-4.06835	13.83239	0
8579	24.4101	117.16848	77.29865	-69.97562	-34.98781	91.94471	-6.50936	-50.44754	-106.59077	-31.73313	-12.20505	-3.25468	0
8580	26.03744	99.26774	65.0936	-63.46626	-30.10579	78.92599	0	-49.63387	-95.19939	-30.91946	-17.08707	-17.08707	0
8581	6.50936	65.0936	56.14323	-37.42882	-26.03744	57.77057	2.44101	-51.26121	-87.06269	-33.36047	-16.2734	-26.03744	0
8582	-20.34175	27.66478	48.8202	-4.88202	-29.29212	38.24249	2.44101	-51.26121	-77.29865	-32.5468	-13.01872	-30.10579	0
8583	-40.6835	0	43.12451	17.08707	-37.42882	26.03744	4.06835	-45.56552	-65.90727	-24.4101	-11.39138	-31.73313	0
8584	-50.44754	-17.08707	35.80148	28.47845	-41.49717	19.52808	4.88202	-37.42882	-56.14323	-15.45973	-6.50936	-34.98781	0
8585	-57.77057	-27.66478	28.47845	36.61515	-45.56552	13.83239	0.81367	-30.10579	-45.56552	-11.39138	-2.44101	-35.80148	0
8586	-65.0936	-34.98781	21.15542	44.75185	-49.63387	8.95037	-4.06835	-23.59643	-28.47845	-8.95037	-5.69569	-32.5468	0
8587	-66.72094	-39.05616	14.64606	48.8202	-48.00653	2.44101	-8.1367	-16.2734	-8.95037	-4.88202	-13.83239	-32.5468	0
8588	-57.77057	-37.42882	8.95037	48.00653	-39.05616	-2.44101	-5.69569	-4.88202	5.69569	3.25468	-17.08707	-31.73313	0
8589	-43.93818	-33.36047	0	45.56552	-23.59643	-9.76404	-0.81367	7.32303	17.08707	15.45973	-15.45973	-28.47845	0
8590	-34.17414	-35.80148	-15.45973	43.12451	-7.32303	-22.78276	4.06835	16.2734	26.85111	22.78276	-10.57771	-26.03744	0
8591	-27.66478	-43.93818	-30.91946	39.86983	0	-37.42882	8.95037	20.34175	32.5468	26.03744	-2.44101	-26.85111	0
8592	-20.34175	-51.26121	-38.24249	39.05616	0.81367	-46.37919	12.20505	17.90074	33.36047	26.03744	3.25468	-28.47845	0
8593	-16.2734	-58.58424	-37.42882	41.49717	0.81367	-50.44754	13.01872	13.83239	34.17414	26.03744	4.88202	-32.5468	0
8594	-18.71441	-62.65259	-34.98781	43.12451	3.25468	-50.44754	13.83239	10.57771	37.42882	28.47845	7.32303	-37.42882	0
8595	-21.96909	-60.21158	-36.61515	41.49717	8.1367	-49.63387	17.08707	8.95037	43.12451	31.73313	9.76404	-35.80148	0
8596	-18.71441	-56.14323	-37.42882	39.86983	16.2734	-47.19286	21.15542	5.69569	48.8202	34.17414	4.06835	-30.91946	0
8597	-11.39138	-52.88855	-33.36047	38.24249	23.59643	-43.12451	19.52808	1.62734	53.70222	27.66478	-6.50936	-32.5468	0
8598	-5.69569	-50.44754	-26.85111	37.42882	28.47845	-39.05616	10.57771	0.81367	59.39791	12.20505	-18.71441	-37.42882	0
8599	-3.25468	-52.88855	-27.66478	37.42882	30.10579	-40.6835	0	-0.81367	61.83892	0	-30.91946	-40.6835	0
8600	0.81367	-56.9569	-40.6835	37.42882	32.5468	-49.63387	-4.06835	0	64.27993	-2.44101	-37.42882	-43.93818	0
8601	13.01872	-56.14323	-57.77057	35.80148	42.31084	-58.58424	0	10.57771	70.78929	4.88202	-28.47845	-44.75185	0
8602	25.22377	-54.51589	-72.41663	33.36047	51.26121	-64.27993	5.69569	24.4101	77.29865	13.01872	-16.2734	-41.49717	0
8603	29.29212	-57.77057	-82.18067	30.91946	55.32956	-67.53461	8.1367	33.36047	78.11232	13.01872	-11.39138	-34.98781	0
8604	19.52808	-66.72094	-84.62168	34.17414	50.44754	-70.78929	8.1367	31.73313	78.92599	9.76404	-11.39138	-29.29212	0
8605	-7.32303	-80.55333	-74.85764	50.44754	32.5468	-74.85764	7.32303	22.78276	81.367	6.50936	-15.45973	-31.73313	0
8606	-46.37919	-96.01306	-58.58424	76.48498	4.88202	-78.11232	6.50936	13.01872	83.80801	3.25468	-28.47845	-43.12451	0
8607	-77.29865	-108.21811	-46.37919	97.6404	-16.2734	-79.73966	6.50936	9.76404	82.18067	0	-42.31084	-55.32956	0
8608	-87.87636	-112.28646	-41.49717	102.52242	-25.22377	-78.92599	8.1367	14.64606	73.2303	-4.88202	-51.26121	-62.65259	0
8609	-81.367	-108.21811	-39.05616	96.82673	-22.78276	-74.85764	9.76404	20.34175	61.02525	-8.1367	-56.14323	-65.0936	0
8610	-68.34828	-97.6404	-35.80148	87.06269	-17.90074	-67.53461	10.57771	22.78276	52.88855	-7.32303	-56.14323	-68.34828	0
8611	-52.07488	-90.31737	-39.86983	74.85764	-7.32303	-66.72094	10.57771	21.15542	53.70222	-5.69569	-48.8202	-70.78929	0
8612	-35.80148	-93.57205	-56.14323	64.27993	8.95037	-73.2303	13.01872	19.52808	65.90727	1.62734	-38.24249	-66.72094	0
8613	-23.59643	-102.52242	-75.67131	58.58424	22.78276	-80.55333	17.90074	21.96909	84.62168	16.2734	-30.10579	-53.70222	0
8614	-15.45973	-109.03178	-90.31737	56.9569	30.91946	-87.06269	21.96909	26.85111	102.52242	30.10579	-18.71441	-34.98781	0
8615	-9.76404	-111.47279	-98.45407	54.51589	36.61515	-94.38572	21.15542	30.91946	111.47279	35.80148	-8.95037	-24.4101	0
8616	-7.32303	-112.28646	-100.89508	52.07488	40.6835	-99.26774	16.2734	31.73313	111.47279	34.17414	-11.39138	-27.66478	0
8617	-13.01872	-111.47279	-91.13104	51.26121	36.61515	-101.70875	12.20505	33.36047	109.03178	31.73313	-20.34175	-37.42882	0
8618	-22.78276	-113.10013	-69.16195	53.70222	20.34175	-101.70875	11.39138	34.17414	107.40444	27.66478	-30.91946	-46.37919	0
8619	-31.73313	-113.10013	-52.07488	63.46626	4.06835	-100.08141	8.95037	30.91946	110.65912	24.4101	-42.31084	-52.07488	0
8620	-39.05616	-107.40444	-48.8202	74.85764	-1.62734	-94.38572	6.50936	28.47845	121.23683	20.34175	-52.88855	-60.21158	0
8621	-43.12451	-100.89508	-56.9569	81.367	-0.81367	-84.62168	7.32303	35.80148	138.3239	20.34175	-52.88855	-65.90727	0
8622	-41.49717	-87.06269	-65.0936	76.48498	1.62734	-77.29865	10.57771	45.56552	157.85198	21.96909	-46.37919	-62.65259	0
8623	-32.5468	-67.53461	-67.53461	61.02525	4.06835	-77.29865	12.20505	48.8202	170.8707	20.34175	-44.75185	-51.26121	0
8624	-23.59643	-55.32956	-69.16195	47.19286	7.32303	-77.29865	13.01872	48.00653	168.42969	19.52808	-42.31084	-41.49717	0
8625	-14.64606	-52.88855	-72.41663	37.42882	13.83239	-75.67131	13.01872	47.19286	152.96996	18.71441	-39.86983	-42.31084	0
8626	-4.06835	-58.58424	-77.29865	32.5468	26.03744	-76.48498	11.39138	49.63387	135.06922	17.90074	-41.49717	-50.44754	0
8627	1.62734	-67.53461	-81.367	31.73313	36.61515	-78.92599	11.39138	57.77057	123.67784	19.52808	-43.93818	-59.39791	0
8628	0	-78.11232	-82.99434	36.61515	39.86983	-82.99434	11.39138	67.53461	118.79582	24.4101	-43.93818	-69.97562	0
8629	-7.32303	-91.94471	-85.43535	47.19286	35.80148	-89.5037	14.64606	71.60296	122.0505	26.03744	-44.75185	-83.80801	0
8630	-11.39138	-107.40444	-96.82673	56.14323	29.29212	-102.52242	21.96909	67.53461	131.81454	22.78276	-48.00653	-93.57205	0
8631	-13.83239	-122.0505	-113.9138	62.65259	25.22377	-117.98215	29.29212	57.77057	138.3239	15.45973	-49.63387	-98.45407	0
8632	-15.45973	-126.93252	-121.23683	65.0936	29.29212	-123.67784	35.80148	51.26121	143.20592	11.39138	-51.26121	-96.01306	0
8633	-17.90074	-123.67784	-114.72747	65.0936	38.24249	-119.60949	39.86983	53.70222	150.52895	14.64606	-54.51589	-84.62168	0
8634	-13.01872	-113.9138	-105.7771	59.39791	45.56552	-109.84545	39.05616	62.65259	158.66565	21.15542	-49.63387	-67.53461	0
8635	-3.25468	-100.89508	-101.70875	50.44754	45.56552	-100.08141	34.98781	74.04397	160.29299	23.59643	-43.12451	-58.58424	0
8636	1.62734	-94.38572	-100.89508	45.56552	42.31084	-93.57205	29.29212	78.92599	151.34262	17.90074	-45.56552	-61.83892	0
8637	5.69569	-88.69003	-102.52242	47.19286	43.93818	-90.31737	23.59643	76.48498	137.51023	11.39138	-50.44754	-72.41663	0
8638	8.1367	-82.18067	-104.96343	50.44754	56.9569	-91.94471	21.96909	70.78929	126.93252	8.95037	-52.88855	-78.92599	0
8639	8.95037	-86.24902	-107.40444	53.70222	69.16195	-100.89508	22.78276	64.27993	124.49151	7.32303	-55.32956	-80.55333	0
8640	0	-104.14976	-107.40444	63.46626	67.53461	-113.10013	25.22377	60.21158	127.74619	5.69569	-56.14323	-81.367	0
8641	-27.66478	-127.74619	-97.6404	81.367	47.19286	-120.42316	28.47845	56.9569	131.81454	4.06835	-54.51589	-82.99434	0
8642	-61.02525	-144.83326	-78.92599	95.19939	16.2734	-117.98215	30.10579	59.39791	136.69656	4.88202	-54.51589	-82.18067	0
8643	-85.43535	-148.08794	-57.77057	102.52242	-9.76404	-107.40444	30.91946	67.53461	142.39225	9.76404	-58.58424	-80.55333	0
8644	-90.31737	-135.88289	-40.6835	99.26774	-23.59643	-91.13104	31.73313	75.67131	147.27427	17.08707	-56.9569	-82.99434	0
8645	-72.41663	-112.28646	-35.80148	82.99434	-18.71441	-75.67131	31.73313	78.92599	150.52895	23.59643	-48.8202	-82.18067	0
8646	-44.75185	-92.75838	-43.12451	62.65259	-0.81367	-69.97562	28.47845	74.85764	151.34262	25.22377	-45.56552	-78.92599	0
8647	-25.22377	-86.24902	-53.70222	52.07488	16.2734	-73.2303	24.4101	65.0936	146.4606	19.52808	-48.00653	-80.55333	0
8648	-20.34175	-89.5037	-63.46626	52.88855	25.22377	-80.55333	21.96909	53.70222	139.13757	7.32303	-50.44754	-84.62168	0
8649	-29.29212	-103.33609	-69.97562	65.0936	27.66478	-90.31737	19.52808	47.19286	135.06922	-1.62734	-53.70222	-87.06269	0
8650	-44.75185	-123.67784	-76.48498	81.367	23.59643	-101.70875	15.45973	44.75185	131.81454	-7.32303	-61.02525	-91.94471	0
8651	-56.9569	-140.76491	-78.92599	94.38572	15.45973	-112.28646	10.57771	44.75185	129.37353	-8.95037	-66.72094	-97.6404	0
8652	-63.46626	-148.08794	-75.67131	100.89508	6.50936	-117.16848	12.20505	47.19286	126.11885	-4.88202	-71.60296	-98.45407	0
8653	-65.0936	-146.4606	-69.16195	100.89508	1.62734	-113.9138	17.08707	43.12451	118.79582	1.62734	-80.55333	-93.57205	0
8654	-63.46626	-137.51023	-63.46626	96.82673	2.44101	-105.7771	23.59643	39.86983	112.28646	6.50936	-83.80801	-85.43535	0
8655	-53.70222	-124.49151	-63.46626	87.06269	7.32303	-97.6404	33.36047	41.49717	110.65912	8.95037	-77.29865	-78.92599	0
8656	-40.6835	-113.9138	-67.53461	75.67131	15.45973	-92.75838	43.93818	45.56552	113.9138	10.57771	-69.16195	-77.29865	0
8657	-30.91946	-110.65912	-76.48498	69.16195	23.59643	-94.38572	49.63387	51.26121	120.42316	13.83239	-62.65259	-79.73966	0
8658	-26.85111	-110.65912	-83.80801	67.53461	29.29212	-99.26774	48.00653	60.21158	129.37353	19.52808	-55.32956	-81.367	0
8659	-26.85111	-111.47279	-83.80801	68.34828	29.29212	-102.52242	44.75185	66.72094	137.51023	23.59643	-52.07488	-78.11232	0
8660	-30.10579	-112.28646	-75.67131	73.2303	25.22377	-100.08141	38.24249	66.72094	141.57858	25.22377	-52.07488	-74.85764	0
8661	-34.17414	-109.03178	-64.27993	75.67131	17.90074	-92.75838	30.91946	62.65259	144.01959	28.47845	-48.00653	-71.60296	0
8662	-38.24249	-98.45407	-56.14323	74.85764	14.64606	-82.18067	28.47845	52.88855	146.4606	27.66478	-49.63387	-66.72094	0
8663	-39.86983	-83.80801	-57.77057	69.97562	20.34175	-74.04397	33.36047	41.49717	152.15629	20.34175	-57.77057	-56.9569	0
8664	-40.6835	-79.73966	-67.53461	65.0936	32.5468	-73.2303	41.49717	36.61515	155.41097	15.45973	-62.65259	-46.37919	0
8665	-39.86983	-91.94471	-83.80801	68.34828	43.12451	-83.80801	43.12451	34.17414	146.4606	9.76404	-65.90727	-48.8202	0
8666	-37.42882	-110.65912	-101.70875	78.11232	50.44754	-102.52242	40.6835	26.85111	131.00087	0.81367	-71.60296	-61.83892	0
8667	-34.17414	-131.00087	-110.65912	82.99434	49.63387	-115.54114	40.6835	21.96909	115.54114	-2.44101	-73.2303	-74.85764	0
8668	-43.12451	-152.15629	-107.40444	88.69003	41.49717	-116.35481	41.49717	22.78276	101.70875	-1.62734	-69.16195	-80.55333	0
8669	-64.27993	-166.80235	-100.89508	100.08141	30.10579	-113.10013	37.42882	21.15542	87.87636	-1.62734	-66.72094	-78.92599	0
8670	-83.80801	-174.12538	-95.19939	109.03178	18.71441	-113.9138	30.10579	16.2734	78.11232	-2.44101	-65.0936	-78.11232	0
8671	-87.06269	-173.31171	-90.31737	111.47279	11.39138	-117.16848	22.78276	11.39138	76.48498	0	-61.83892	-78.11232	0
8672	-78.11232	-163.54767	-87.87636	107.40444	9.76404	-117.98215	17.90074	11.39138	84.62168	8.1367	-61.83892	-78.11232	0
8673	-63.46626	-148.08794	-84.62168	98.45407	11.39138	-114.72747	15.45973	18.71441	101.70875	18.71441	-68.34828	-79.73966	0
8674	-48.8202	-135.06922	-84.62168	89.5037	15.45973	-111.47279	13.83239	27.66478	120.42316	26.85111	-69.97562	-85.43535	0
8675	-38.24249	-125.30518	-87.87636	81.367	20.34175	-107.40444	14.64606	33.36047	132.62821	30.91946	-62.65259	-88.69003	0
8676	-30.91946	-114.72747	-95.19939	71.60296	24.4101	-100.89508	19.52808	34.98781	134.25555	30.91946	-56.9569	-86.24902	0
8677	-26.03744	-105.7771	-103.33609	60.21158	27.66478	-98.45407	25.22377	30.91946	124.49151	23.59643	-53.70222	-87.87636	0
8678	-17.90074	-105.7771	-111.47279	56.14323	30.10579	-103.33609	30.10579	21.15542	106.59077	10.57771	-48.8202	-90.31737	0
8679	-9.76404	-116.35481	-117.98215	60.21158	33.36047	-113.9138	32.5468	11.39138	91.13104	0	-48.8202	-89.5037	0
8680	-7.32303	-123.67784	-118.79582	65.0936	37.42882	-119.60949	33.36047	1.62734	78.92599	-6.50936	-56.14323	-89.5037	0
8681	-13.01872	-122.0505	-113.10013	65.0936	37.42882	-117.98215	32.5468	-8.1367	67.53461	-9.76404	-63.46626	-91.94471	0
8682	-17.08707	-118.79582	-103.33609	65.90727	34.17414	-112.28646	27.66478	-16.2734	56.9569	-9.76404	-58.58424	-93.57205	0
8683	-15.45973	-115.54114	-91.94471	67.53461	29.29212	-105.7771	23.59643	-18.71441	48.8202	-3.25468	-36.61515	-96.82673	0
8684	-13.83239	-105.7771	-81.367	62.65259	26.85111	-95.19939	20.34175	-12.20505	49.63387	7.32303	-17.08707	-100.08141	0
8685	-18.71441	-91.94471	-70.78929	54.51589	25.22377	-82.99434	17.08707	-0.81367	65.0936	19.52808	-11.39138	-95.19939	0
8686	-24.4101	-85.43535	-62.65259	51.26121	23.59643	-74.85764	13.83239	5.69569	86.24902	24.4101	-16.2734	-85.43535	0
8687	-26.03744	-94.38572	-63.46626	60.21158	24.4101	-79.73966	15.45973	8.1367	104.96343	27.66478	-22.78276	-80.55333	0
8688	-26.03744	-113.9138	-74.04397	74.85764	26.03744	-94.38572	18.71441	12.20505	121.23683	35.80148	-21.96909	-81.367	0
8689	-26.85111	-130.1872	-86.24902	83.80801	28.47845	-107.40444	25.22377	25.22377	131.81454	43.93818	-17.90074	-81.367	0
8690	-27.66478	-135.06922	-92.75838	83.80801	30.10579	-112.28646	37.42882	41.49717	135.06922	49.63387	-16.2734	-75.67131	0
8691	-25.22377	-126.93252	-90.31737	76.48498	30.10579	-107.40444	48.00653	48.00653	132.62821	55.32956	-15.45973	-65.0936	0
8692	-19.52808	-109.84545	-82.99434	63.46626	30.10579	-96.82673	54.51589	40.6835	126.11885	59.39791	-3.25468	-53.70222	0
8693	-13.83239	-87.06269	-68.34828	51.26121	26.03744	-78.92599	56.14323	27.66478	114.72747	65.0936	19.52808	-42.31084	0
8694	-11.39138	-58.58424	-44.75185	42.31084	18.71441	-52.88855	58.58424	21.15542	107.40444	71.60296	34.98781	-30.10579	0
8695	-13.83239	-36.61515	-20.34175	35.80148	11.39138	-30.10579	63.46626	26.85111	104.96343	77.29865	31.73313	-24.4101	0
8696	-18.71441	-29.29212	-8.95037	32.5468	6.50936	-19.52808	65.90727	38.24249	104.14976	77.29865	19.52808	-27.66478	0
8697	-14.64606	-26.03744	-10.57771	25.22377	8.1367	-18.71441	68.34828	47.19286	107.40444	74.04397	8.1367	-34.17414	0
8698	-1.62734	-17.08707	-18.71441	8.95037	16.2734	-18.71441	71.60296	46.37919	114.72747	69.97562	4.06835	-37.42882	0
8699	8.95037	-5.69569	-26.03744	-7.32303	24.4101	-16.2734	72.41663	38.24249	125.30518	65.0936	1.62734	-37.42882	0
8700	17.08707	2.44101	-29.29212	-21.15542	27.66478	-13.01872	69.16195	26.03744	131.81454	58.58424	-6.50936	-40.6835	0
8701	19.52808	13.01872	-29.29212	-31.73313	26.03744	-5.69569	60.21158	14.64606	130.1872	48.00653	-17.90074	-45.56552	0
8702	16.2734	20.34175	-23.59643	-34.98781	24.4101	3.25468	48.8202	13.83239	122.0505	42.31084	-32.5468	-47.19286	0
8703	13.01872	21.15542	-15.45973	-30.10579	23.59643	13.01872	36.61515	22.78276	109.84545	45.56552	-48.00653	-41.49717	0
8704	16.2734	21.15542	-9.76404	-26.85111	24.4101	19.52808	26.85111	33.36047	102.52242	49.63387	-51.26121	-33.36047	0
8705	24.4101	21.96909	-8.1367	-27.66478	26.03744	17.90074	23.59643	39.86983	103.33609	51.26121	-42.31084	-30.91946	0
8706	31.73313	19.52808	-11.39138	-28.47845	27.66478	8.95037	24.4101	42.31084	107.40444	52.88855	-30.91946	-35.80148	0
8707	34.98781	13.83239	-17.90074	-27.66478	30.10579	-0.81367	26.85111	38.24249	114.72747	56.9569	-17.08707	-43.93818	0
8708	34.17414	10.57771	-22.78276	-25.22377	30.10579	-7.32303	26.03744	26.85111	122.86417	63.46626	-0.81367	-53.70222	0
8709	30.91946	13.01872	-22.78276	-24.4101	25.22377	-8.1367	20.34175	13.83239	126.93252	65.90727	8.1367	-61.02525	0
8710	24.4101	21.96909	-17.08707	-26.85111	13.83239	-1.62734	10.57771	1.62734	124.49151	65.0936	9.76404	-57.77057	0
8711	19.52808	34.17414	-4.06835	-33.36047	2.44101	8.95037	-2.44101	-6.50936	119.60949	63.46626	8.95037	-45.56552	0
8712	21.96909	47.19286	10.57771	-43.93818	-2.44101	24.4101	-15.45973	-15.45973	111.47279	63.46626	16.2734	-32.5468	0
8713	26.03744	57.77057	24.4101	-52.88855	-4.06835	37.42882	-23.59643	-27.66478	100.89508	68.34828	33.36047	-25.22377	0
8714	30.10579	62.65259	30.91946	-56.9569	-3.25468	44.75185	-29.29212	-35.80148	96.82673	74.85764	43.12451	-25.22377	0
8715	32.5468	61.02525	30.10579	-54.51589	0	43.93818	-33.36047	-36.61515	98.45407	81.367	42.31084	-23.59643	0
8716	31.73313	56.14323	25.22377	-48.8202	1.62734	39.05616	-33.36047	-28.47845	104.96343	87.06269	36.61515	-17.90074	0
8717	22.78276	47.19286	17.08707	-38.24249	-0.81367	30.91946	-27.66478	-16.2734	115.54114	93.57205	35.80148	-12.20505	0
8718	5.69569	34.17414	9.76404	-21.15542	-10.57771	23.59643	-20.34175	-6.50936	124.49151	97.6404	40.6835	-6.50936	0
8719	-1.62734	20.34175	4.88202	-6.50936	-13.01872	19.52808	-14.64606	0	126.11885	94.38572	39.86983	0	0
8720	5.69569	12.20505	4.06835	0	-7.32303	21.96909	-8.1367	4.88202	121.23683	87.06269	34.98781	5.69569	0
8721	12.20505	13.83239	6.50936	-2.44101	-4.06835	25.22377	-4.06835	3.25468	110.65912	78.92599	30.10579	5.69569	0
8722	10.57771	19.52808	12.20505	-8.1367	-6.50936	27.66478	-7.32303	-12.20505	95.19939	65.90727	17.08707	1.62734	0
8723	5.69569	24.4101	17.90074	-11.39138	-10.57771	28.47845	-15.45973	-34.98781	78.92599	50.44754	-4.06835	0	0
8724	1.62734	23.59643	20.34175	-11.39138	-13.01872	25.22377	-23.59643	-53.70222	66.72094	40.6835	-17.08707	0	0
8725	-2.44101	15.45973	17.08707	-6.50936	-12.20505	17.08707	-29.29212	-61.83892	63.46626	39.86983	-15.45973	-0.81367	0
8726	-7.32303	0	8.1367	0	-9.76404	4.06835	-31.73313	-57.77057	67.53461	43.93818	-7.32303	-6.50936	0
8727	-10.57771	-15.45973	-7.32303	7.32303	-1.62734	-13.83239	-30.10579	-48.00653	76.48498	51.26121	6.50936	-12.20505	0
8728	-5.69569	-28.47845	-32.5468	12.20505	13.01872	-35.80148	-24.4101	-37.42882	87.87636	62.65259	25.22377	-14.64606	0
8729	5.69569	-35.80148	-56.14323	12.20505	31.73313	-52.88855	-13.83239	-24.4101	96.82673	69.97562	36.61515	-13.83239	0
8730	18.71441	-42.31084	-74.85764	9.76404	47.19286	-63.46626	-4.06835	-13.01872	96.01306	70.78929	34.98781	-13.01872	0
8731	28.47845	-56.9569	-93.57205	13.83239	58.58424	-78.92599	-1.62734	-8.1367	85.43535	61.83892	21.96909	-19.52808	0
8732	32.5468	-78.11232	-113.9138	23.59643	62.65259	-98.45407	-3.25468	-8.1367	70.78929	48.8202	-2.44101	-30.91946	0
8733	34.17414	-93.57205	-126.93252	30.91946	62.65259	-112.28646	-5.69569	-8.95037	60.21158	39.86983	-33.36047	-45.56552	0
8734	33.36047	-96.01306	-127.74619	31.73313	63.46626	-113.9138	-5.69569	-9.76404	58.58424	39.05616	-48.8202	-58.58424	0
8735	34.17414	-91.94471	-125.30518	27.66478	68.34828	-109.84545	0	-13.01872	61.02525	40.6835	-47.19286	-62.65259	0
8736	38.24249	-91.13104	-129.37353	24.4101	77.29865	-110.65912	8.1367	-18.71441	64.27993	38.24249	-43.93818	-61.83892	0
8737	42.31084	-92.75838	-135.88289	22.78276	87.06269	-117.16848	14.64606	-24.4101	69.16195	31.73313	-38.24249	-60.21158	0
8738	46.37919	-91.13104	-137.51023	21.15542	94.38572	-123.67784	22.78276	-24.4101	74.85764	25.22377	-28.47845	-55.32956	0
8739	43.12451	-94.38572	-132.62821	28.47845	94.38572	-125.30518	30.10579	-18.71441	77.29865	20.34175	-25.22377	-50.44754	0
8740	31.73313	-103.33609	-122.0505	39.86983	87.06269	-122.86417	34.17414	-13.83239	74.85764	16.2734	-30.10579	-51.26121	0
8741	18.71441	-110.65912	-108.21811	50.44754	77.29865	-117.16848	34.17414	-13.01872	69.97562	13.01872	-35.80148	-54.51589	0
8742	8.1367	-117.16848	-95.19939	56.14323	66.72094	-111.47279	32.5468	-13.83239	61.83892	12.20505	-30.91946	-56.14323	0
8743	1.62734	-122.0505	-84.62168	57.77057	57.77057	-106.59077	31.73313	-13.01872	51.26121	15.45973	-14.64606	-52.88855	0
8744	-0.81367	-122.86417	-81.367	56.9569	52.07488	-104.96343	29.29212	-12.20505	45.56552	18.71441	-6.50936	-47.19286	0
8745	-0.81367	-117.16848	-85.43535	54.51589	51.26121	-106.59077	26.85111	-8.95037	48.00653	21.96909	-8.95037	-44.75185	0
8746	0	-110.65912	-96.01306	52.07488	55.32956	-111.47279	26.85111	-2.44101	54.51589	26.03744	-14.64606	-47.19286	0
8747	-1.62734	-109.84545	-108.21811	52.88855	61.02525	-117.98215	24.4101	2.44101	61.02525	25.22377	-33.36047	-52.88855	0
8748	-4.06835	-117.16848	-121.23683	58.58424	65.90727	-126.93252	15.45973	4.88202	61.83892	19.52808	-69.16195	-66.72094	0
8749	-6.50936	-131.00087	-135.88289	66.72094	70.78929	-138.3239	4.06835	4.88202	60.21158	13.83239	-97.6404	-88.69003	0
8750	-7.32303	-144.01959	-146.4606	74.85764	72.41663	-147.27427	0	-0.81367	56.9569	5.69569	-107.40444	-104.96343	0
8751	-8.1367	-151.34262	-148.90161	79.73966	71.60296	-151.34262	5.69569	-14.64606	50.44754	-5.69569	-104.96343	-109.84545	0
8752	-8.1367	-151.34262	-144.83326	79.73966	68.34828	-148.90161	16.2734	-23.59643	43.93818	-12.20505	-87.87636	-107.40444	0
8753	-4.88202	-148.08794	-141.57858	77.29865	67.53461	-146.4606	26.03744	-23.59643	39.86983	-11.39138	-61.02525	-103.33609	0
8754	-2.44101	-148.08794	-142.39225	76.48498	68.34828	-146.4606	31.73313	-18.71441	39.05616	-4.88202	-43.12451	-102.52242	0
8755	-4.06835	-148.08794	-138.3239	78.11232	64.27993	-144.83326	35.80148	-11.39138	42.31084	1.62734	-41.49717	-99.26774	0
8756	-4.88202	-143.20592	-126.93252	78.11232	55.32956	-135.88289	41.49717	-4.06835	48.00653	11.39138	-43.12451	-91.13104	0
8757	-4.88202	-133.44188	-116.35481	73.2303	48.8202	-125.30518	51.26121	-1.62734	54.51589	20.34175	-55.32956	-80.55333	0
8758	-5.69569	-117.98215	-104.96343	65.0936	44.75185	-112.28646	59.39791	-3.25468	62.65259	23.59643	-78.92599	-75.67131	0
8759	-12.20505	-104.14976	-90.31737	59.39791	35.80148	-97.6404	61.83892	-4.88202	65.90727	21.96909	-91.94471	-78.92599	0
8760	-23.59643	-102.52242	-80.55333	63.46626	26.85111	-91.94471	56.9569	-5.69569	65.90727	16.2734	-91.94471	-86.24902	0
8761	-28.47845	-112.28646	-88.69003	71.60296	29.29212	-102.52242	47.19286	-7.32303	63.46626	7.32303	-90.31737	-92.75838	0
8762	-22.78276	-119.60949	-112.28646	74.85764	41.49717	-122.86417	36.61515	-13.83239	54.51589	-7.32303	-97.6404	-96.82673	0
8763	-13.83239	-123.67784	-136.69656	71.60296	51.26121	-139.95124	26.85111	-34.98781	32.5468	-25.22377	-115.54114	-100.89508	0
8764	-4.88202	-122.86417	-146.4606	66.72094	56.9569	-143.20592	21.96909	-78.11232	-8.1367	-36.61515	-122.86417	-104.14976	0
8765	-3.25468	-117.98215	-135.88289	63.46626	53.70222	-132.62821	16.2734	-142.39225	-71.60296	-43.93818	-116.35481	-101.70875	0
8766	-8.95037	-107.40444	-109.84545	60.21158	41.49717	-111.47279	3.25468	-219.6909	-156.22464	-55.32956	-103.33609	-89.5037	0
8767	-13.83239	-87.87636	-78.92599	51.26121	27.66478	-83.80801	-20.34175	-304.31258	-258.74706	-74.04397	-94.38572	-65.90727	0
8768	-13.01872	-56.9569	-48.00653	34.17414	15.45973	-52.88855	-56.9569	-403.58032	-382.4249	-95.19939	-91.94471	-34.17414	0
8769	-3.25468	-13.83239	-13.83239	6.50936	5.69569	-13.83239	-100.89508	-520.7488	-523.18981	-113.10013	-70.78929	2.44101	0
8770	13.83239	44.75185	26.03744	-30.91946	-4.88202	35.80148	-149.71528	-649.30866	-675.3461	-130.1872	-19.52808	56.14323	0
8771	34.98781	115.54114	78.11232	-75.67131	-20.34175	96.82673	-196.90814	-779.49586	-830.75707	-144.83326	51.26121	127.74619	0
8772	52.07488	200.97649	144.01959	-127.74619	-42.31084	171.68437	-241.65999	-903.98737	-979.65868	-144.83326	146.4606	213.99521	0
8773	63.46626	310.00827	229.45494	-194.46713	-73.2303	268.5111	-284.7845	-1035.80191	-1127.74662	-135.06922	261.18807	315.70396	0
8774	74.04397	445.07749	344.99608	-272.57945	-121.23683	393.00261	-331.16369	-1199.34958	-1285.5986	-122.86417	378.35655	431.2451	0
8775	86.24902	595.60644	490.64301	-350.69177	-192.83979	541.09055	-383.23857	-1406.02176	-1460.53765	-101.70875	484.94732	545.1589	0
8776	95.19939	749.39007	648.49499	-426.36308	-273.39312	698.12886	-453.21419	-1647.68175	-1646.05441	-66.72094	582.58772	647.68132	0
8777	110.65912	882.83195	790.88724	-493.89769	-340.92773	845.40313	-551.66826	-1898.29211	-1807.97474	-28.47845	663.95472	738.81236	0
8778	131.81454	969.08097	895.037	-539.46321	-383.23857	960.94427	-660.70004	-2117.98301	-1918.63386	5.69569	720.09795	805.5333	0
8779	144.83326	1011.39181	941.41619	-563.87331	-399.51197	1015.46016	-744.50805	-2264.44361	-1984.54113	33.36047	745.32172	831.57074	0
8780	146.4606	989.42272	903.98737	-555.73661	-379.17022	978.84501	-798.21027	-2307.56812	-1987.79581	47.19286	723.35263	809.60165	0
8781	142.39225	867.37222	764.03613	-496.3387	-310.82194	836.45276	-821.8067	-2238.40617	-1899.10578	40.6835	637.91728	735.55768	0
8782	126.11885	644.42664	538.64954	-379.98389	-205.85851	601.30213	-812.85633	-2083.80887	-1737.99912	-0.81367	488.202	604.55681	0
8783	92.75838	350.69177	265.25642	-219.6909	-86.24902	310.00827	-785.19155	-1882.83238	-1567.94209	-102.52242	279.08881	432.05877	0
8784	48.8202	41.49717	-5.69569	-44.75185	27.66478	14.64606	-759.15411	-1676.97387	-1444.26425	-277.46147	24.4101	246.54201	0
8785	10.57771	-222.94558	-235.9643	105.7771	122.0505	-232.70962	-742.88071	-1493.89812	-1373.47496	-511.79843	-233.52329	76.48498	0
8786	-14.64606	-416.59904	-396.25729	218.06356	190.39878	-409.27601	-731.48933	-1340.92816	-1343.36917	-758.34044	-445.07749	-56.14323	0
8787	-29.29212	-540.27688	-485.76099	292.9212	228.64127	-515.05311	-720.91162	-1205.85894	-1334.4188	-956.87592	-572.82368	-144.83326	0
8788	-36.61515	-603.74314	-527.25816	328.72268	242.47366	-567.12799	-698.94253	-1067.53504	-1308.38136	-1069.16238	-611.06617	-190.39878	0
8789	-39.86983	-620.83021	-543.53156	334.41837	246.54201	-583.40139	-651.74967	-915.37875	-1235.96473	-1084.62211	-599.67479	-204.23117	0
8790	-39.05616	-607.81149	-542.71789	325.468	246.54201	-575.26469	-579.33304	-751.01741	-1111.47322	-1019.52851	-563.87331	-201.79016	0
8791	-36.61515	-576.07836	-527.25816	305.12625	243.28733	-551.66826	-490.64301	-586.65607	-951.18023	-904.80104	-510.98476	-193.65346	0
8792	-34.98781	-535.39486	-501.22072	281.52982	235.15063	-519.12146	-397.07096	-436.12712	-777.05485	-767.29081	-444.26382	-182.26208	0
8793	-34.98781	-498.77971	-471.9286	262.00174	222.94558	-487.38833	-308.38093	-310.82194	-609.43883	-630.59425	-371.84719	-174.12538	0
8794	-33.36047	-469.48759	-445.07749	247.35568	209.92686	-458.90988	-232.70962	-217.24989	-462.97823	-507.73008	-312.44928	-170.8707	0
8795	-28.47845	-441.82281	-419.04005	232.70962	196.90814	-432.05877	-175.75272	-153.78363	-344.18241	-409.27601	-272.57945	-166.80235	0
8796	-24.4101	-410.90335	-388.93426	215.62255	182.26208	-401.13931	-136.69656	-112.28646	-252.2377	-331.97736	-244.101	-159.47932	0
8797	-17.90074	-375.91554	-359.64214	195.2808	170.05703	-368.59251	-107.40444	-82.99434	-180.63474	-270.13844	-211.5542	-148.90161	0
8798	-10.57771	-337.67305	-332.79103	171.68437	161.10666	-335.23204	-78.92599	-54.51589	-118.79582	-218.06356	-169.24336	-139.95124	0
8799	-11.39138	-302.68524	-301.87157	149.71528	147.27427	-301.87157	-48.8202	-21.15542	-60.21158	-171.68437	-134.25555	-132.62821	0
8800	-21.15542	-275.02046	-264.44275	134.25555	124.49151	-269.32477	-18.71441	18.71441	-2.44101	-127.74619	-112.28646	-121.23683	0
8801	-27.66478	-250.61036	-226.20026	125.30518	99.26774	-238.40531	6.50936	59.39791	48.8202	-88.69003	-96.82673	-104.96343	0
8802	-29.29212	-221.31824	-190.39878	116.35481	78.92599	-206.67218	27.66478	99.26774	92.75838	-53.70222	-77.29865	-89.5037	0
8803	-24.4101	-188.77144	-160.29299	101.70875	65.90727	-176.56639	46.37919	135.88289	126.93252	-27.66478	-51.26121	-77.29865	0
8804	-11.39138	-161.92033	-145.64693	85.43535	62.65259	-155.41097	61.83892	162.734	148.90161	-12.20505	-31.73313	-71.60296	0
8805	8.95037	-147.27427	-146.4606	65.90727	69.97562	-145.64693	75.67131	178.19373	168.42969	0	-24.4101	-65.90727	0
8806	34.98781	-144.83326	-154.5973	43.12451	85.43535	-139.13757	91.13104	187.1441	185.51676	14.64606	-22.78276	-58.58424	0
8807	45.56552	-142.39225	-158.66565	26.03744	94.38572	-136.69656	108.21811	197.72181	200.97649	30.91946	-15.45973	-54.51589	0
8808	36.61515	-131.81454	-160.29299	16.2734	92.75838	-140.76491	122.0505	212.36787	212.36787	48.8202	0	-51.26121	0
8809	26.85111	-116.35481	-158.66565	14.64606	88.69003	-146.4606	131.00087	224.57292	217.24989	60.21158	8.95037	-45.56552	0
8810	26.03744	-101.70875	-152.15629	16.2734	85.43535	-145.64693	131.81454	229.45494	217.24989	65.90727	4.06835	-41.49717	0
8811	25.22377	-91.13104	-143.20592	21.15542	78.92599	-135.06922	124.49151	223.75925	216.43622	69.16195	-4.06835	-40.6835	0
8812	18.71441	-91.13104	-132.62821	31.73313	69.97562	-121.23683	113.9138	209.11319	214.80888	69.16195	-8.95037	-42.31084	0
8813	8.95037	-101.70875	-124.49151	46.37919	61.83892	-109.03178	106.59077	192.02612	216.43622	69.16195	-4.88202	-47.19286	0
8814	-0.81367	-113.10013	-117.98215	59.39791	55.32956	-103.33609	108.21811	180.63474	224.57292	71.60296	-1.62734	-53.70222	0
8815	-8.1367	-119.60949	-109.84545	67.53461	47.19286	-102.52242	114.72747	183.88942	238.40531	76.48498	-0.81367	-54.51589	0
8816	-12.20505	-121.23683	-101.70875	70.78929	39.05616	-102.52242	121.23683	198.53548	252.2377	80.55333	-2.44101	-51.26121	0
8817	-15.45973	-122.86417	-99.26774	72.41663	36.61515	-104.14976	128.55986	217.24989	257.93339	84.62168	3.25468	-48.8202	0
8818	-13.83239	-122.86417	-104.96343	69.97562	39.05616	-106.59077	136.69656	236.77797	254.67871	91.94471	20.34175	-49.63387	0
8819	-6.50936	-117.98215	-112.28646	62.65259	42.31084	-108.21811	140.76491	247.35568	248.98302	96.01306	29.29212	-52.88855	0
8820	0	-107.40444	-110.65912	53.70222	43.12451	-104.14976	143.20592	250.61036	245.72834	96.01306	26.03744	-49.63387	0
8821	2.44101	-94.38572	-97.6404	45.56552	43.12451	-92.75838	144.01959	250.61036	244.91467	96.82673	20.34175	-39.05616	0
8822	7.32303	-81.367	-80.55333	35.80148	43.12451	-78.11232	141.57858	244.91467	246.54201	97.6404	3.25468	-28.47845	0
8823	11.39138	-69.16195	-65.90727	23.59643	42.31084	-65.0936	135.88289	232.70962	253.05137	97.6404	-26.85111	-20.34175	0
8824	15.45973	-58.58424	-59.39791	14.64606	41.49717	-59.39791	131.00087	222.94558	261.18807	96.01306	-45.56552	-14.64606	0
8825	17.08707	-53.70222	-61.83892	12.20505	40.6835	-64.27993	128.55986	219.6909	269.32477	96.82673	-41.49717	-15.45973	0
8826	13.83239	-58.58424	-72.41663	17.90074	40.6835	-73.2303	128.55986	223.75925	278.27514	104.96343	-26.03744	-19.52808	0
8827	4.88202	-74.04397	-86.24902	28.47845	41.49717	-85.43535	129.37353	235.9643	289.66652	115.54114	-17.90074	-23.59643	0
8828	-5.69569	-92.75838	-98.45407	39.86983	42.31084	-98.45407	131.00087	249.79669	298.61689	121.23683	-25.22377	-32.5468	0
8829	-13.01872	-108.21811	-106.59077	50.44754	44.75185	-109.03178	131.81454	256.30605	300.24423	120.42316	-32.5468	-48.00653	0
8830	-12.20505	-116.35481	-112.28646	55.32956	48.8202	-113.9138	128.55986	255.49238	296.17588	116.35481	-32.5468	-58.58424	0
8831	-8.1367	-117.16848	-111.47279	55.32956	51.26121	-112.28646	121.23683	249.79669	288.03918	109.84545	-29.29212	-61.02525	0
8832	-3.25468	-109.84545	-105.7771	50.44754	51.26121	-106.59077	112.28646	244.101	277.46147	100.89508	-21.15542	-59.39791	0
8833	0.81367	-95.19939	-93.57205	42.31084	47.19286	-94.38572	107.40444	242.47366	270.95211	93.57205	-6.50936	-49.63387	0
8834	0	-75.67131	-73.2303	34.98781	41.49717	-75.67131	110.65912	244.91467	270.95211	90.31737	5.69569	-32.5468	0
8835	-5.69569	-55.32956	-46.37919	29.29212	39.05616	-52.07488	121.23683	257.11972	277.46147	98.45407	15.45973	-16.2734	0
8836	-8.95037	-39.05616	-24.4101	22.78276	35.80148	-34.17414	138.3239	275.02046	285.59817	113.9138	21.96909	-7.32303	0
8837	-4.88202	-28.47845	-12.20505	15.45973	25.22377	-26.03744	156.22464	292.9212	293.73487	127.74619	18.71441	-4.06835	0
8838	0	-26.85111	-12.20505	10.57771	17.08707	-26.03744	170.05703	305.93992	301.87157	131.81454	2.44101	-2.44101	0
8839	2.44101	-34.17414	-21.15542	8.95037	19.52808	-27.66478	177.38006	309.1946	307.56726	128.55986	-8.1367	0	0
8840	2.44101	-38.24249	-27.66478	10.57771	26.85111	-29.29212	179.0074	304.31258	308.38093	122.86417	-8.1367	0.81367	0
8841	2.44101	-41.49717	-34.17414	13.83239	32.5468	-33.36047	174.93905	295.36221	305.12625	114.72747	-4.06835	-2.44101	0
8842	4.06835	-48.00653	-46.37919	19.52808	35.80148	-40.6835	163.54767	283.97083	296.98955	104.14976	0.81367	-10.57771	0
8843	7.32303	-53.70222	-58.58424	21.96909	39.86983	-44.75185	148.08794	279.08881	290.48019	94.38572	11.39138	-18.71441	0
8844	13.01872	-56.9569	-65.0936	24.4101	39.86983	-48.00653	135.88289	287.22551	291.29386	87.87636	19.52808	-25.22377	0
8845	18.71441	-52.07488	-65.90727	22.78276	36.61515	-51.26121	131.00087	307.56726	299.43056	91.13104	24.4101	-24.4101	0
8846	25.22377	-39.05616	-68.34828	14.64606	37.42882	-56.14323	133.44188	332.79103	314.07662	103.33609	25.22377	-17.90074	0
8847	30.10579	-23.59643	-73.2303	4.06835	43.93818	-55.32956	135.06922	348.25076	329.53635	111.47279	14.64606	-14.64606	0
8848	35.80148	-11.39138	-78.11232	-0.81367	51.26121	-48.00653	130.1872	348.25076	341.7414	110.65912	-7.32303	-13.01872	0
8849	42.31084	-9.76404	-77.29865	-3.25468	54.51589	-45.56552	123.67784	340.92773	345.80975	104.14976	-25.22377	-9.76404	0
8850	47.19286	-17.90074	-66.72094	-0.81367	52.88855	-48.00653	122.0505	337.67305	343.36874	102.52242	-26.03744	-6.50936	0
8851	41.49717	-25.22377	-50.44754	3.25468	44.75185	-44.75185	126.11885	340.11406	336.04571	105.7771	-14.64606	-5.69569	0
8852	30.91946	-27.66478	-34.17414	6.50936	34.98781	-33.36047	132.62821	350.69177	327.09534	112.28646	4.06835	-4.06835	0
8853	24.4101	-22.78276	-22.78276	4.06835	28.47845	-21.15542	142.39225	367.77884	320.58598	122.86417	28.47845	-2.44101	0
8854	19.52808	-12.20505	-13.83239	-0.81367	21.15542	-10.57771	149.71528	384.05224	318.14497	135.88289	46.37919	-2.44101	0
8855	14.64606	0	-3.25468	-6.50936	11.39138	0	153.78363	393.00261	324.65433	147.27427	55.32956	0	0
8856	11.39138	15.45973	8.95037	-14.64606	0.81367	13.83239	153.78363	397.88463	339.30039	157.03831	60.21158	8.1367	0
8857	11.39138	33.36047	21.15542	-24.4101	-4.88202	27.66478	154.5973	403.58032	358.0148	161.10666	55.32956	16.2734	0
8858	13.83239	48.00653	32.5468	-34.17414	-8.95037	42.31084	161.10666	414.15803	375.91554	160.29299	40.6835	21.96909	0
8859	17.08707	58.58424	43.93818	-44.75185	-12.20505	56.14323	170.05703	429.61776	388.12059	157.85198	34.17414	28.47845	0
8860	24.4101	68.34828	47.19286	-52.07488	-10.57771	63.46626	174.93905	441.00914	390.5616	154.5973	37.42882	31.73313	0
8861	34.98781	80.55333	42.31084	-58.58424	-2.44101	62.65259	172.49804	443.45015	383.23857	148.90161	42.31084	30.10579	0
8862	45.56552	92.75838	39.86983	-65.0936	2.44101	63.46626	163.54767	442.63648	373.47453	144.01959	49.63387	27.66478	0
8863	49.63387	103.33609	47.19286	-72.41663	0.81367	70.78929	151.34262	440.19547	367.77884	142.39225	62.65259	24.4101	0
8864	44.75185	111.47279	61.83892	-78.11232	-8.1367	82.18067	140.76491	437.75446	366.96517	144.83326	74.04397	22.78276	0
8865	36.61515	117.98215	79.73966	-78.92599	-22.78276	95.19939	133.44188	442.63648	367.77884	147.27427	78.11232	26.03744	0
8866	30.10579	120.42316	95.19939	-70.78929	-37.42882	105.7771	128.55986	457.28254	366.96517	148.08794	77.29865	31.73313	0
8867	22.78276	114.72747	108.21811	-56.9569	-49.63387	110.65912	128.55986	476.81062	362.08315	143.20592	82.99434	34.98781	0
8868	13.83239	114.72747	119.60949	-50.44754	-55.32956	117.16848	135.88289	501.22072	352.31911	135.88289	101.70875	31.73313	0
8869	11.39138	125.30518	130.1872	-55.32956	-55.32956	128.55986	145.64693	521.56247	344.18241	132.62821	113.10013	27.66478	0
8870	17.08707	139.13757	137.51023	-64.27993	-55.32956	140.76491	152.15629	529.69917	337.67305	135.06922	109.84545	31.73313	0
8871	24.4101	155.41097	145.64693	-76.48498	-57.77057	152.15629	155.41097	524.00348	327.09534	137.51023	103.33609	44.75185	0
8872	28.47845	171.68437	156.22464	-89.5037	-62.65259	161.10666	152.96996	506.10274	312.44928	137.51023	101.70875	58.58424	0
8873	26.03744	182.26208	162.734	-99.26774	-66.72094	166.80235	144.83326	484.94732	298.61689	135.88289	105.7771	67.53461	0
8874	18.71441	186.33043	163.54767	-104.14976	-67.53461	169.24336	134.25555	471.11493	289.66652	135.88289	110.65912	74.04397	0
8875	13.01872	185.51676	162.734	-104.14976	-69.16195	170.05703	126.11885	469.48759	288.85285	139.13757	115.54114	82.99434	0
8876	14.64606	191.21245	166.80235	-109.03178	-72.41663	176.56639	121.23683	475.99695	292.10753	144.83326	119.60949	95.19939	0
8877	27.66478	214.80888	178.19373	-126.11885	-73.2303	196.09447	119.60949	484.94732	297.80322	151.34262	118.79582	107.40444	0
8878	44.75185	248.16935	194.46713	-149.71528	-73.2303	221.31824	117.98215	491.45668	301.87157	156.22464	109.84545	118.79582	0
8879	58.58424	279.08881	210.74053	-171.68437	-74.04397	245.72834	117.16848	495.52503	301.0579	159.47932	104.96343	130.1872	0
8880	65.90727	305.93992	231.08228	-188.77144	-77.29865	269.32477	114.72747	493.08402	288.03918	156.22464	107.40444	135.88289	0
8881	66.72094	321.39965	252.2377	-196.09447	-82.99434	292.10753	108.21811	480.87897	257.11972	140.76491	112.28646	135.88289	0
8882	61.83892	327.09534	269.32477	-195.2808	-93.57205	310.00827	101.70875	462.97823	218.87723	123.67784	123.67784	138.3239	0
8883	53.70222	328.72268	287.22551	-187.95777	-111.47279	322.21332	98.45407	447.5185	184.70309	113.9138	141.57858	147.27427	0
8884	48.8202	333.6047	306.75359	-181.44841	-132.62821	331.16369	95.19939	437.75446	159.47932	109.03178	155.41097	162.734	0
8885	41.49717	345.80975	320.58598	-181.44841	-144.83326	340.11406	92.75838	436.12712	144.01959	105.7771	162.734	177.38006	0
8886	28.47845	361.26948	325.468	-181.44841	-145.64693	346.62342	90.31737	436.94079	136.69656	103.33609	165.98868	186.33043	0
8887	17.08707	367.77884	328.72268	-179.82107	-147.27427	349.8781	80.55333	427.99042	122.86417	94.38572	156.22464	186.33043	0
8888	7.32303	365.33783	337.67305	-175.75272	-157.85198	351.50544	62.65259	402.76665	99.26774	80.55333	132.62821	182.26208	0
8889	0	359.64214	353.13278	-168.42969	-175.75272	356.38746	41.49717	370.21985	74.04397	70.78929	112.28646	179.82107	0
8890	-4.06835	362.08315	371.84719	-166.80235	-192.83979	366.96517	23.59643	342.55507	52.88855	60.21158	107.40444	177.38006	0
8891	-2.44101	373.47453	388.12059	-178.19373	-200.97649	382.4249	12.20505	321.39965	31.73313	47.19286	113.9138	175.75272	0
8892	8.1367	388.12059	394.62995	-197.72181	-198.53548	397.88463	5.69569	311.63561	11.39138	31.73313	131.81454	179.82107	0
8893	20.34175	401.95298	389.74793	-215.62255	-192.02612	410.08968	1.62734	308.38093	-1.62734	14.64606	155.41097	186.33043	0
8894	30.10579	409.27601	379.98389	-224.57292	-183.88942	416.59904	2.44101	300.24423	-15.45973	4.06835	169.24336	187.95777	0
8895	37.42882	410.90335	375.10187	-225.38659	-174.12538	414.15803	2.44101	280.71615	-35.80148	0	168.42969	187.1441	0
8896	43.12451	407.64867	375.10187	-220.50457	-165.98868	406.835	-0.81367	258.74706	-57.77057	-3.25468	157.85198	187.1441	0
8897	45.56552	404.39399	375.91554	-217.24989	-160.29299	397.88463	-8.1367	236.77797	-77.29865	-4.88202	139.95124	189.58511	0
8898	46.37919	405.20766	377.54288	-218.87723	-157.03831	393.81628	-17.90074	213.99521	-96.01306	-9.76404	117.16848	194.46713	0
8899	43.12451	407.64867	382.4249	-218.87723	-160.29299	395.44362	-24.4101	188.77144	-116.35481	-17.90074	101.70875	200.16282	0
8900	33.36047	410.08968	390.5616	-215.62255	-170.8707	400.32564	-30.91946	161.10666	-138.3239	-25.22377	98.45407	200.16282	0
8901	20.34175	414.15803	401.95298	-212.36787	-186.33043	407.64867	-34.98781	133.44188	-161.92033	-29.29212	104.14976	198.53548	0
8902	8.1367	418.22638	412.53069	-209.92686	-199.34915	414.15803	-34.17414	108.21811	-183.07575	-30.91946	115.54114	199.34915	0
8903	0	417.41271	418.22638	-205.85851	-209.11319	416.59904	-30.91946	85.43535	-200.97649	-32.5468	127.74619	203.4175	0
8904	-12.20505	410.08968	422.29473	-196.90814	-217.24989	417.41271	-29.29212	64.27993	-213.99521	-35.80148	132.62821	209.92686	0
8905	-25.22377	398.6983	423.92207	-185.51676	-226.20026	414.15803	-26.03744	46.37919	-222.13191	-39.05616	127.74619	209.92686	0
8906	-34.17414	388.12059	421.48106	-175.75272	-230.26861	407.64867	-20.34175	33.36047	-226.20026	-42.31084	115.54114	204.23117	0
8907	-39.86983	375.10187	413.34436	-165.98868	-228.64127	396.25729	-15.45973	20.34175	-231.08228	-48.00653	93.57205	193.65346	0
8908	-44.75185	357.20113	398.6983	-154.5973	-222.13191	379.98389	-14.64606	2.44101	-241.65999	-60.21158	62.65259	176.56639	0
8909	-39.05616	340.11406	373.47453	-148.90161	-205.85851	358.0148	-19.52808	-18.71441	-253.05137	-77.29865	38.24249	152.96996	0
8910	-22.78276	327.90901	338.48672	-154.5973	-182.26208	333.6047	-27.66478	-39.86983	-266.07009	-96.82673	23.59643	132.62821	0
8911	-10.57771	321.39965	305.93992	-164.36134	-165.17501	313.26295	-36.61515	-56.9569	-282.34349	-113.9138	17.90074	119.60949	0
8912	-4.88202	315.70396	285.59817	-167.61602	-157.85198	301.0579	-40.6835	-71.60296	-299.43056	-122.0505	21.96909	111.47279	0
8913	-1.62734	303.49891	275.02046	-163.54767	-156.22464	292.9212	-42.31084	-87.87636	-310.00827	-123.67784	33.36047	110.65912	0
8914	4.06835	283.97083	268.5111	-157.85198	-155.41097	281.52982	-43.12451	-101.70875	-312.44928	-121.23683	42.31084	113.9138	0
8915	7.32303	266.07009	257.11972	-152.15629	-144.83326	266.88376	-43.93818	-109.84545	-301.87157	-111.47279	44.75185	114.72747	0
8916	2.44101	254.67871	239.21898	-147.27427	-125.30518	249.79669	-43.12451	-110.65912	-279.90248	-95.19939	39.05616	109.03178	0
8917	0.81367	235.15063	218.87723	-134.25555	-109.03178	228.64127	-38.24249	-104.14976	-253.86504	-80.55333	21.15542	96.01306	0
8918	7.32303	201.79016	197.72181	-106.59077	-101.70875	200.97649	-30.10579	-92.75838	-231.89595	-73.2303	-6.50936	74.04397	0
8919	13.83239	167.61602	177.38006	-74.04397	-96.01306	173.31171	-23.59643	-85.43535	-213.18154	-72.41663	-28.47845	48.8202	0
8920	10.57771	144.01959	157.03831	-49.63387	-86.24902	151.34262	-17.08707	-81.367	-196.09447	-71.60296	-34.98781	32.5468	0
8921	-3.25468	128.55986	140.76491	-37.42882	-76.48498	134.25555	-8.95037	-76.48498	-181.44841	-67.53461	-28.47845	30.10579	0
8922	-23.59643	110.65912	129.37353	-28.47845	-74.04397	119.60949	0	-69.97562	-168.42969	-59.39791	-12.20505	34.17414	0
8923	-41.49717	93.57205	121.23683	-20.34175	-76.48498	103.33609	4.06835	-66.72094	-157.85198	-48.8202	3.25468	41.49717	0
8924	-52.88855	78.92599	112.28646	-16.2734	-76.48498	86.24902	3.25468	-68.34828	-148.90161	-39.86983	11.39138	47.19286	0
8925	-52.07488	67.53461	100.08141	-17.90074	-69.16195	74.04397	0	-70.78929	-138.3239	-32.5468	9.76404	45.56552	0
8926	-47.19286	59.39791	85.43535	-21.15542	-61.02525	63.46626	-2.44101	-72.41663	-121.23683	-26.85111	1.62734	36.61515	0
8927	-38.24249	52.88855	73.2303	-21.15542	-54.51589	52.07488	-2.44101	-72.41663	-98.45407	-18.71441	-15.45973	24.4101	0
8928	-29.29212	42.31084	64.27993	-13.83239	-49.63387	43.12451	1.62734	-66.72094	-78.11232	-6.50936	-36.61515	14.64606	0
8929	-25.22377	26.85111	52.07488	-1.62734	-43.93818	32.5468	8.1367	-49.63387	-58.58424	1.62734	-49.63387	9.76404	0
8930	-28.47845	4.06835	34.17414	11.39138	-34.98781	15.45973	11.39138	-29.29212	-39.86983	5.69569	-48.00653	5.69569	0
8931	-34.98781	-18.71441	17.08707	21.15542	-29.29212	-1.62734	9.76404	-13.01872	-26.03744	6.50936	-39.05616	0	0
8932	-37.42882	-32.5468	5.69569	26.03744	-22.78276	-13.83239	2.44101	-8.95037	-19.52808	4.88202	-27.66478	-5.69569	0
8933	-34.17414	-37.42882	-2.44101	28.47845	-16.2734	-21.15542	-8.1367	-14.64606	-17.90074	0	-15.45973	-12.20505	0
8934	-26.85111	-35.80148	-8.1367	26.85111	-8.95037	-22.78276	-15.45973	-21.96909	-17.90074	-0.81367	-4.88202	-18.71441	0
8935	-16.2734	-31.73313	-15.45973	21.96909	-1.62734	-20.34175	-16.2734	-26.03744	-13.01872	4.88202	0.81367	-19.52808	0
8936	-7.32303	-30.91946	-27.66478	17.90074	5.69569	-17.08707	-12.20505	-25.22377	-2.44101	17.90074	-1.62734	-16.2734	0
8937	-3.25468	-34.17414	-38.24249	17.90074	12.20505	-19.52808	-7.32303	-18.71441	8.95037	26.85111	-19.52808	-16.2734	0
8938	-3.25468	-47.19286	-47.19286	21.96909	15.45973	-32.5468	-6.50936	-7.32303	21.15542	26.85111	-46.37919	-16.2734	0
8939	-6.50936	-69.16195	-54.51589	28.47845	13.83239	-52.07488	-8.95037	0	29.29212	23.59643	-66.72094	-13.01872	0
8940	-12.20505	-85.43535	-58.58424	37.42882	11.39138	-68.34828	-9.76404	4.88202	33.36047	23.59643	-68.34828	-11.39138	0
8941	-13.83239	-83.80801	-57.77057	39.86983	13.01872	-75.67131	-2.44101	6.50936	42.31084	30.10579	-55.32956	-9.76404	0
8942	-7.32303	-68.34828	-53.70222	33.36047	17.90074	-73.2303	10.57771	4.06835	50.44754	33.36047	-48.00653	-8.1367	0
8943	-0.81367	-52.88855	-52.07488	26.85111	22.78276	-64.27993	21.15542	0	54.51589	28.47845	-61.02525	-7.32303	0
8944	1.62734	-44.75185	-51.26121	24.4101	26.03744	-53.70222	24.4101	-0.81367	56.14323	20.34175	-68.34828	-4.88202	0
8945	4.06835	-43.93818	-52.88855	24.4101	27.66478	-47.19286	16.2734	-1.62734	53.70222	11.39138	-63.46626	-8.1367	0
8946	4.06835	-44.75185	-52.88855	24.4101	26.85111	-48.00653	4.06835	-5.69569	49.63387	4.06835	-60.21158	-17.90074	0
8947	0	-45.56552	-49.63387	26.03744	24.4101	-50.44754	-6.50936	-8.1367	53.70222	4.88202	-48.00653	-27.66478	0
8948	-7.32303	-48.00653	-44.75185	29.29212	22.78276	-52.07488	-10.57771	-8.1367	63.46626	14.64606	-22.78276	-31.73313	0
8949	-15.45973	-54.51589	-43.12451	36.61515	20.34175	-53.70222	-5.69569	-0.81367	78.11232	23.59643	-8.1367	-28.47845	0
8950	-22.78276	-63.46626	-43.93818	44.75185	16.2734	-56.9569	4.88202	10.57771	95.19939	31.73313	-7.32303	-21.15542	0
8951	-28.47845	-71.60296	-44.75185	50.44754	11.39138	-59.39791	17.90074	22.78276	108.21811	39.05616	-7.32303	-15.45973	0
8952	-30.10579	-75.67131	-47.19286	52.88855	9.76404	-61.02525	26.03744	32.5468	113.10013	44.75185	-1.62734	-10.57771	0
8953	-26.03744	-77.29865	-52.07488	52.07488	13.01872	-61.83892	28.47845	39.05616	110.65912	51.26121	7.32303	-4.06835	0
8954	-17.08707	-78.92599	-59.39791	47.19286	20.34175	-62.65259	28.47845	42.31084	104.96343	55.32956	13.01872	4.88202	0
8955	-8.95037	-85.43535	-68.34828	43.93818	30.91946	-67.53461	24.4101	38.24249	96.01306	52.07488	6.50936	5.69569	0
8956	-6.50936	-96.82673	-78.92599	44.75185	39.05616	-76.48498	13.01872	27.66478	82.18067	38.24249	-15.45973	-7.32303	0
8957	-0.81367	-104.14976	-87.06269	43.12451	43.12451	-85.43535	0	18.71441	69.16195	23.59643	-47.19286	-26.85111	0
8958	9.76404	-104.96343	-95.19939	36.61515	50.44754	-91.94471	-9.76404	17.90074	65.0936	14.64606	-79.73966	-41.49717	0
8959	20.34175	-102.52242	-107.40444	31.73313	61.02525	-97.6404	-16.2734	20.34175	74.04397	11.39138	-100.89508	-51.26121	0
8960	28.47845	-100.89508	-118.79582	29.29212	71.60296	-104.14976	-19.52808	22.78276	88.69003	13.83239	-105.7771	-59.39791	0
8961	31.73313	-98.45407	-125.30518	30.10579	77.29865	-109.03178	-18.71441	24.4101	101.70875	19.52808	-95.19939	-64.27993	0
8962	24.4101	-94.38572	-117.98215	34.17414	70.78929	-105.7771	-8.1367	27.66478	112.28646	29.29212	-69.97562	-59.39791	0
8963	3.25468	-87.06269	-92.75838	42.31084	48.00653	-91.94471	10.57771	34.98781	122.86417	43.12451	-36.61515	-49.63387	0
8964	-21.15542	-79.73966	-61.02525	52.07488	21.96909	-72.41663	30.10579	42.31084	131.81454	55.32956	-9.76404	-42.31084	0
8965	-43.12451	-78.92599	-37.42882	62.65259	1.62734	-56.9569	40.6835	44.75185	135.06922	59.39791	-0.81367	-34.98781	0
8966	-58.58424	-86.24902	-32.5468	74.85764	-7.32303	-50.44754	41.49717	43.93818	133.44188	53.70222	-12.20505	-31.73313	0
8967	-63.46626	-91.94471	-40.6835	82.18067	-6.50936	-53.70222	35.80148	43.93818	133.44188	43.93818	-39.86983	-34.17414	0
8968	-56.9569	-89.5037	-49.63387	78.92599	0	-61.83892	30.10579	47.19286	136.69656	33.36047	-72.41663	-38.24249	0
8969	-46.37919	-86.24902	-55.32956	70.78929	6.50936	-69.16195	25.22377	51.26121	140.76491	24.4101	-97.6404	-39.86983	0
8970	-31.73313	-83.80801	-60.21158	59.39791	15.45973	-71.60296	23.59643	54.51589	144.83326	23.59643	-103.33609	-43.12451	0
8971	-12.20505	-83.80801	-65.90727	44.75185	26.85111	-68.34828	26.03744	61.83892	149.71528	29.29212	-91.13104	-46.37919	0
8972	3.25468	-84.62168	-73.2303	34.17414	39.86983	-65.90727	28.47845	65.90727	150.52895	33.36047	-65.90727	-47.19286	0
8973	16.2734	-81.367	-76.48498	26.03744	50.44754	-69.16195	32.5468	65.90727	148.08794	32.5468	-35.80148	-48.00653	0
8974	26.03744	-73.2303	-78.11232	19.52808	57.77057	-77.29865	34.17414	67.53461	145.64693	33.36047	-14.64606	-53.70222	0
8975	23.59643	-66.72094	-81.367	17.08707	56.14323	-85.43535	28.47845	65.0936	140.76491	30.10579	-14.64606	-61.83892	0
8976	12.20505	-63.46626	-87.06269	16.2734	50.44754	-93.57205	17.90074	57.77057	133.44188	19.52808	-34.98781	-67.53461	0
8977	2.44101	-68.34828	-91.13104	17.08707	46.37919	-100.89508	8.95037	52.88855	128.55986	8.1367	-66.72094	-71.60296	0
8978	0	-80.55333	-89.5037	20.34175	43.93818	-105.7771	5.69569	54.51589	126.93252	0	-99.26774	-77.29865	0
8979	-0.81367	-91.94471	-89.5037	27.66478	39.86983	-107.40444	6.50936	57.77057	126.11885	-4.06835	-122.0505	-87.87636	0
8980	-4.06835	-102.52242	-93.57205	40.6835	32.5468	-109.03178	7.32303	60.21158	126.93252	-1.62734	-129.37353	-96.01306	0
8981	-11.39138	-113.10013	-96.82673	56.14323	26.85111	-110.65912	11.39138	63.46626	131.81454	6.50936	-121.23683	-96.82673	0
8982	-20.34175	-118.79582	-96.01306	68.34828	24.4101	-110.65912	17.08707	65.0936	136.69656	20.34175	-96.01306	-87.87636	0
8983	-26.85111	-121.23683	-90.31737	74.85764	24.4101	-109.03178	22.78276	65.0936	138.3239	34.17414	-64.27993	-76.48498	0
8984	-24.4101	-119.60949	-86.24902	74.04397	27.66478	-107.40444	28.47845	63.46626	138.3239	45.56552	-40.6835	-65.90727	0
8985	-12.20505	-113.10013	-90.31737	65.0936	31.73313	-106.59077	36.61515	65.0936	138.3239	50.44754	-31.73313	-55.32956	0
8986	0	-105.7771	-96.82673	53.70222	37.42882	-104.96343	44.75185	70.78929	136.69656	48.8202	-39.05616	-47.19286	0
8987	0	-100.08141	-100.08141	48.8202	38.24249	-102.52242	48.00653	76.48498	134.25555	39.05616	-65.0936	-48.8202	0
8988	-4.88202	-90.31737	-99.26774	46.37919	34.17414	-99.26774	46.37919	77.29865	131.81454	26.85111	-98.45407	-54.51589	0
8989	-7.32303	-76.48498	-92.75838	41.49717	30.91946	-96.01306	43.93818	74.85764	132.62821	17.90074	-122.86417	-57.77057	0
8990	-5.69569	-65.0936	-83.80801	38.24249	28.47845	-90.31737	43.12451	73.2303	138.3239	17.08707	-127.74619	-60.21158	0
8991	-3.25468	-59.39791	-77.29865	37.42882	25.22377	-82.18067	46.37919	74.04397	148.08794	24.4101	-110.65912	-60.21158	0
8992	-2.44101	-59.39791	-71.60296	40.6835	25.22377	-75.67131	51.26121	74.85764	158.66565	32.5468	-79.73966	-56.9569	0
8993	-4.88202	-69.16195	-71.60296	46.37919	30.10579	-77.29865	52.88855	69.16195	161.92033	31.73313	-49.63387	-52.07488	0
8994	-5.69569	-82.99434	-79.73966	47.19286	39.05616	-84.62168	48.8202	59.39791	153.78363	27.66478	-34.98781	-46.37919	0
8995	-4.06835	-91.94471	-91.94471	46.37919	48.00653	-92.75838	40.6835	52.07488	138.3239	22.78276	-38.24249	-47.19286	0
8996	0	-96.01306	-101.70875	45.56552	54.51589	-98.45407	34.98781	47.19286	122.86417	17.08707	-57.77057	-53.70222	0
8997	1.62734	-98.45407	-107.40444	45.56552	57.77057	-101.70875	34.98781	48.8202	116.35481	12.20505	-88.69003	-63.46626	0
8998	-3.25468	-108.21811	-109.84545	48.00653	55.32956	-107.40444	39.05616	53.70222	117.98215	6.50936	-123.67784	-70.78929	0
8999	-19.52808	-126.93252	-110.65912	51.26121	46.37919	-117.16848	42.31084	56.14323	122.0505	2.44101	-148.90161	-72.41663	0
9000	-30.10579	-143.20592	-111.47279	56.14323	39.05616	-126.93252	43.93818	59.39791	127.74619	5.69569	-151.34262	-71.60296	0
9001	-29.29212	-148.90161	-112.28646	61.83892	38.24249	-131.00087	45.56552	67.53461	133.44188	16.2734	-131.00087	-69.97562	0
9002	-27.66478	-147.27427	-109.84545	65.0936	38.24249	-128.55986	45.56552	75.67131	137.51023	30.10579	-95.19939	-63.46626	0
9003	-25.22377	-144.83326	-109.03178	66.72094	39.86983	-126.11885	42.31084	78.11232	139.95124	40.6835	-57.77057	-53.70222	0
9004	-20.34175	-139.13757	-109.84545	65.0936	43.93818	-123.67784	37.42882	72.41663	139.13757	44.75185	-34.17414	-43.93818	0
9005	-15.45973	-129.37353	-107.40444	61.83892	48.8202	-117.98215	30.91946	56.9569	133.44188	39.05616	-30.91946	-41.49717	0
9006	-10.57771	-119.60949	-107.40444	59.39791	52.07488	-113.10013	21.15542	34.98781	122.0505	24.4101	-49.63387	-48.8202	0
9007	-4.88202	-111.47279	-110.65912	56.14323	56.14323	-113.10013	13.01872	14.64606	112.28646	11.39138	-84.62168	-62.65259	0
9008	-2.44101	-104.96343	-114.72747	53.70222	60.21158	-114.72747	9.76404	3.25468	109.84545	9.76404	-122.0505	-71.60296	0
9009	-10.57771	-100.08141	-114.72747	53.70222	59.39791	-115.54114	13.01872	5.69569	117.98215	13.83239	-143.20592	-72.41663	0
9010	-28.47845	-97.6404	-108.21811	53.70222	49.63387	-113.10013	20.34175	22.78276	133.44188	22.78276	-139.95124	-68.34828	0
9011	-39.05616	-96.01306	-101.70875	52.07488	43.12451	-109.84545	30.10579	47.19286	151.34262	36.61515	-112.28646	-61.83892	0
9012	-36.61515	-94.38572	-100.89508	51.26121	43.93818	-108.21811	38.24249	69.16195	165.17501	50.44754	-72.41663	-52.88855	0
9013	-27.66478	-91.94471	-103.33609	55.32956	45.56552	-109.84545	42.31084	82.99434	172.49804	59.39791	-35.80148	-48.8202	0
9014	-17.90074	-89.5037	-101.70875	56.14323	45.56552	-107.40444	42.31084	89.5037	172.49804	64.27993	-11.39138	-47.19286	0
9015	-14.64606	-87.87636	-91.13104	56.14323	39.05616	-100.89508	41.49717	89.5037	164.36134	64.27993	-7.32303	-43.93818	0
9016	-20.34175	-87.06269	-75.67131	57.77057	26.85111	-96.01306	40.6835	83.80801	151.34262	59.39791	-25.22377	-39.86983	0
9017	-27.66478	-90.31737	-66.72094	60.21158	21.15542	-93.57205	39.05616	69.97562	135.06922	48.8202	-62.65259	-43.12451	0
9018	-30.10579	-96.82673	-69.16195	63.46626	22.78276	-92.75838	34.98781	53.70222	115.54114	38.24249	-108.21811	-59.39791	0
9019	-31.73313	-104.14976	-75.67131	66.72094	24.4101	-95.19939	27.66478	43.93818	100.08141	34.17414	-144.01959	-85.43535	0
9020	-34.98781	-105.7771	-82.99434	65.0936	22.78276	-96.01306	23.59643	37.42882	94.38572	34.98781	-156.22464	-104.96343	0
9021	-39.05616	-99.26774	-82.99434	59.39791	16.2734	-91.94471	26.85111	36.61515	103.33609	38.24249	-138.3239	-104.96343	0
9022	-42.31084	-91.13104	-74.04397	56.14323	8.1367	-82.99434	35.80148	40.6835	117.16848	48.8202	-93.57205	-87.06269	0
9023	-42.31084	-85.43535	-61.83892	56.14323	3.25468	-74.04397	44.75185	43.93818	126.93252	63.46626	-41.49717	-63.46626	0
9024	-42.31084	-86.24902	-54.51589	59.39791	3.25468	-69.97562	52.07488	44.75185	130.1872	72.41663	-4.88202	-48.00653	0
9025	-41.49717	-92.75838	-53.70222	65.0936	7.32303	-74.04397	53.70222	42.31084	126.93252	69.97562	0.81367	-39.05616	0
9026	-39.05616	-101.70875	-58.58424	69.16195	13.83239	-82.99434	46.37919	33.36047	113.10013	57.77057	-23.59643	-37.42882	0
9027	-34.17414	-110.65912	-69.97562	70.78929	22.78276	-93.57205	36.61515	16.2734	96.82673	39.05616	-71.60296	-46.37919	0
9028	-24.4101	-111.47279	-82.18067	66.72094	34.17414	-99.26774	30.10579	-5.69569	86.24902	17.90074	-126.11885	-66.72094	0
9029	-8.95037	-102.52242	-88.69003	55.32956	44.75185	-98.45407	26.03744	-25.22377	82.18067	4.06835	-163.54767	-89.5037	0
9030	-1.62734	-93.57205	-88.69003	48.00653	49.63387	-93.57205	26.03744	-29.29212	84.62168	4.06835	-168.42969	-100.08141	0
9031	0	-87.87636	-81.367	48.00653	51.26121	-86.24902	32.5468	-17.08707	99.26774	13.83239	-144.01959	-96.01306	0
9032	8.95037	-85.43535	-74.04397	49.63387	53.70222	-81.367	40.6835	6.50936	113.9138	31.73313	-98.45407	-79.73966	0
9033	14.64606	-82.99434	-75.67131	47.19286	48.8202	-80.55333	43.93818	34.17414	119.60949	52.07488	-48.00653	-59.39791	0
9034	10.57771	-82.18067	-86.24902	38.24249	39.86983	-84.62168	42.31084	52.07488	116.35481	62.65259	-14.64606	-47.19286	0
9035	8.1367	-80.55333	-91.94471	29.29212	38.24249	-86.24902	39.05616	55.32956	103.33609	60.21158	-9.76404	-41.49717	0
9036	13.83239	-74.85764	-86.24902	23.59643	44.75185	-80.55333	35.80148	46.37919	81.367	49.63387	-32.5468	-40.6835	0
9037	16.2734	-64.27993	-74.85764	17.08707	48.00653	-70.78929	34.17414	26.85111	62.65259	34.17414	-75.67131	-45.56552	0
9038	11.39138	-52.88855	-65.90727	11.39138	43.12451	-64.27993	34.17414	2.44101	55.32956	19.52808	-122.86417	-52.88855	0
9039	8.1367	-43.93818	-60.21158	8.1367	34.17414	-58.58424	34.98781	-15.45973	56.9569	13.83239	-153.78363	-56.14323	0
9040	10.57771	-41.49717	-53.70222	5.69569	24.4101	-52.88855	37.42882	-18.71441	68.34828	21.15542	-153.78363	-56.9569	0
9041	14.64606	-43.12451	-44.75185	2.44101	18.71441	-47.19286	41.49717	-1.62734	91.13104	42.31084	-122.0505	-52.88855	0
9042	17.08707	-44.75185	-36.61515	0	15.45973	-42.31084	48.8202	30.10579	121.23683	69.16195	-66.72094	-40.6835	0
9043	17.08707	-39.86983	-33.36047	0	13.01872	-39.86983	54.51589	61.83892	148.90161	92.75838	-9.76404	-26.03744	0
9044	14.64606	-29.29212	-34.17414	3.25468	13.01872	-38.24249	57.77057	80.55333	163.54767	104.96343	26.85111	-17.08707	0
9045	11.39138	-19.52808	-32.5468	5.69569	13.83239	-34.17414	61.02525	85.43535	163.54767	106.59077	35.80148	-10.57771	0
9046	8.95037	-8.95037	-21.96909	4.88202	8.1367	-21.96909	65.0936	78.11232	153.78363	99.26774	17.08707	-8.1367	0
9047	6.50936	5.69569	-0.81367	0	-0.81367	-0.81367	66.72094	60.21158	138.3239	85.43535	-24.4101	-13.83239	0
9048	4.88202	23.59643	21.15542	-7.32303	-7.32303	20.34175	64.27993	38.24249	124.49151	72.41663	-75.67131	-30.10579	0
9049	3.25468	38.24249	34.98781	-13.83239	-10.57771	35.80148	59.39791	23.59643	117.98215	65.0936	-114.72747	-51.26121	0
9050	4.06835	48.00653	41.49717	-20.34175	-13.01872	43.93818	52.88855	21.96909	116.35481	66.72094	-125.30518	-65.90727	0
9051	7.32303	52.88855	39.05616	-27.66478	-9.76404	44.75185	44.75185	24.4101	117.16848	74.85764	-105.7771	-68.34828	0
9052	10.57771	52.07488	28.47845	-33.36047	-0.81367	39.05616	35.80148	24.4101	118.79582	87.06269	-64.27993	-59.39791	0
9053	13.83239	43.12451	13.83239	-37.42882	7.32303	27.66478	29.29212	19.52808	122.86417	98.45407	-10.57771	-34.98781	0
9054	17.90074	30.91946	1.62734	-40.6835	13.83239	15.45973	25.22377	13.83239	123.67784	104.14976	34.98781	0	0
9055	26.03744	28.47845	-3.25468	-44.75185	17.90074	11.39138	20.34175	8.1367	122.0505	107.40444	54.51589	28.47845	0
9056	34.98781	36.61515	0	-48.8202	16.2734	17.90074	9.76404	2.44101	116.35481	106.59077	39.05616	39.05616	0
9057	43.93818	45.56552	8.1367	-49.63387	10.57771	27.66478	-7.32303	-11.39138	100.08141	94.38572	-8.95037	29.29212	0
9058	47.19286	52.07488	17.90074	-48.00653	5.69569	35.80148	-29.29212	-32.5468	80.55333	75.67131	-69.97562	3.25468	0
9059	44.75185	57.77057	23.59643	-47.19286	3.25468	42.31084	-44.75185	-47.19286	70.78929	63.46626	-113.9138	-24.4101	0
9060	38.24249	56.9569	22.78276	-43.12451	3.25468	40.6835	-49.63387	-48.00653	76.48498	63.46626	-124.49151	-39.86983	0
9061	31.73313	48.00653	19.52808	-34.98781	4.06835	33.36047	-44.75185	-38.24249	91.94471	74.04397	-99.26774	-39.05616	0
9062	26.85111	42.31084	18.71441	-29.29212	4.88202	30.10579	-34.17414	-21.96909	105.7771	90.31737	-44.75185	-23.59643	0
9063	22.78276	43.12451	20.34175	-30.10579	4.88202	30.91946	-17.08707	0	114.72747	110.65912	20.34175	-2.44101	0
9064	21.15542	45.56552	21.15542	-34.17414	5.69569	32.5468	-2.44101	17.08707	117.98215	126.11885	69.97562	10.57771	0
9065	24.4101	47.19286	17.08707	-38.24249	8.1367	32.5468	1.62734	20.34175	113.10013	127.74619	82.99434	17.90074	0
9066	32.5468	46.37919	8.95037	-41.49717	13.01872	27.66478	-3.25468	7.32303	97.6404	114.72747	52.88855	14.64606	0
9067	46.37919	39.86983	-4.88202	-43.12451	22.78276	17.90074	-15.45973	-14.64606	78.11232	90.31737	-8.95037	-0.81367	0
9068	58.58424	27.66478	-27.66478	-42.31084	39.05616	0.81367	-26.03744	-39.86983	58.58424	67.53461	-80.55333	-26.85111	0
9069	62.65259	11.39138	-52.07488	-37.42882	56.14323	-18.71441	-34.17414	-61.83892	45.56552	52.88855	-135.88289	-56.9569	0
9070	57.77057	-8.1367	-70.78929	-26.03744	67.53461	-37.42882	-37.42882	-73.2303	39.05616	43.93818	-157.85198	-78.11232	0
9071	48.00653	-30.91946	-78.11232	-9.76404	69.16195	-48.8202	-34.17414	-69.16195	43.12451	41.49717	-138.3239	-79.73966	0
9072	36.61515	-46.37919	-77.29865	4.06835	64.27993	-54.51589	-25.22377	-46.37919	58.58424	52.88855	-80.55333	-61.83892	0
9073	23.59643	-54.51589	-72.41663	14.64606	53.70222	-57.77057	-16.2734	-13.83239	79.73966	69.97562	-8.1367	-37.42882	0
9074	4.88202	-65.90727	-65.90727	30.10579	42.31084	-61.83892	-10.57771	8.1367	94.38572	82.18067	45.56552	-17.90074	0
9075	-13.01872	-80.55333	-63.46626	47.19286	36.61515	-69.16195	-6.50936	9.76404	93.57205	78.92599	60.21158	-7.32303	0
9076	-20.34175	-92.75838	-71.60296	56.14323	38.24249	-81.367	-2.44101	-4.88202	78.92599	62.65259	30.10579	-5.69569	0
9077	-17.90074	-100.08141	-87.06269	55.32956	43.93818	-92.75838	3.25468	-23.59643	61.02525	38.24249	-31.73313	-17.90074	0
9078	-10.57771	-98.45407	-100.08141	47.19286	49.63387	-98.45407	12.20505	-32.5468	48.8202	15.45973	-103.33609	-34.98781	0
9079	-5.69569	-90.31737	-101.70875	39.86983	52.07488	-96.01306	21.15542	-32.5468	42.31084	2.44101	-152.15629	-46.37919	0
9080	-5.69569	-86.24902	-96.01306	39.05616	52.07488	-91.13104	32.5468	-26.85111	42.31084	4.88202	-161.10666	-52.88855	0
9081	-7.32303	-89.5037	-90.31737	46.37919	46.37919	-90.31737	43.93818	-16.2734	54.51589	21.96909	-127.74619	-51.26121	0
9082	-8.95037	-96.82673	-89.5037	54.51589	37.42882	-93.57205	56.14323	-4.06835	69.97562	40.6835	-65.0936	-37.42882	0
9083	-8.95037	-105.7771	-91.13104	64.27993	30.91946	-99.26774	61.02525	-2.44101	77.29865	49.63387	3.25468	-17.08707	0
9084	-8.1367	-117.16848	-94.38572	74.85764	27.66478	-104.96343	52.07488	-8.95037	74.85764	48.8202	44.75185	-0.81367	0
9085	-6.50936	-126.93252	-100.08141	82.18067	27.66478	-110.65912	34.98781	-17.90074	65.0936	40.6835	43.12451	0	0
9086	-3.25468	-135.88289	-104.96343	86.24902	34.98781	-116.35481	19.52808	-24.4101	50.44754	24.4101	2.44101	-12.20505	0
9087	0	-138.3239	-108.21811	82.99434	45.56552	-116.35481	8.1367	-25.22377	38.24249	1.62734	-65.0936	-37.42882	0
9088	5.69569	-126.93252	-112.28646	69.16195	53.70222	-109.84545	1.62734	-23.59643	34.98781	-22.78276	-141.57858	-65.90727	0
9089	8.95037	-117.16848	-112.28646	61.02525	56.9569	-100.08141	3.25468	-21.96909	38.24249	-39.86983	-196.09447	-83.80801	0
9090	8.95037	-117.98215	-106.59077	63.46626	53.70222	-90.31737	14.64606	-17.08707	50.44754	-35.80148	-203.4175	-91.13104	0
9091	3.25468	-123.67784	-101.70875	69.97562	48.00653	-90.31737	30.91946	-7.32303	69.16195	-15.45973	-164.36134	-87.87636	0
9092	-8.1367	-138.3239	-103.33609	81.367	41.49717	-101.70875	43.93818	0	84.62168	8.95037	-96.01306	-75.67131	0
9093	-24.4101	-160.29299	-104.14976	96.82673	39.05616	-113.9138	49.63387	6.50936	93.57205	32.5468	-21.15542	-62.65259	0
9094	-39.86983	-174.12538	-102.52242	109.84545	39.86983	-122.86417	52.07488	13.01872	98.45407	52.07488	34.98781	-52.07488	0
9095	-53.70222	-179.0074	-102.52242	117.16848	43.12451	-130.1872	48.00653	14.64606	95.19939	56.14323	51.26121	-44.75185	0
9096	-53.70222	-171.68437	-106.59077	112.28646	48.00653	-133.44188	37.42882	4.06835	80.55333	40.6835	40.6835	-45.56552	0
9097	-36.61515	-148.90161	-109.84545	90.31737	54.51589	-132.62821	26.03744	-11.39138	58.58424	18.71441	42.31084	-55.32956	0
9098	-14.64606	-117.98215	-104.96343	63.46626	56.14323	-127.74619	21.96909	-17.08707	43.12451	11.39138	60.21158	-60.21158	0
9099	0	-94.38572	-98.45407	43.93818	54.51589	-118.79582	25.22377	-11.39138	39.05616	21.15542	77.29865	-56.9569	0
9100	11.39138	-85.43535	-101.70875	32.5468	58.58424	-113.10013	31.73313	-4.06835	40.6835	33.36047	72.41663	-49.63387	0
9101	24.4101	-85.43535	-113.9138	26.03744	65.90727	-113.10013	39.05616	0	43.93818	38.24249	32.5468	-47.19286	0
9102	27.66478	-96.82673	-126.93252	30.91946	67.53461	-118.79582	45.56552	-0.81367	44.75185	29.29212	-34.98781	-55.32956	0
9103	12.20505	-118.79582	-138.3239	53.70222	62.65259	-134.25555	44.75185	-8.1367	47.19286	9.76404	-114.72747	-71.60296	0
9104	-6.50936	-138.3239	-149.71528	84.62168	61.02525	-153.78363	39.86983	-17.08707	52.07488	-8.95037	-172.49804	-87.87636	0
9105	-14.64606	-155.41097	-160.29299	104.14976	65.0936	-166.80235	34.17414	-23.59643	57.77057	-16.2734	-185.51676	-98.45407	0
9106	-17.90074	-173.31171	-160.29299	109.03178	65.90727	-166.80235	30.91946	-33.36047	56.9569	-12.20505	-156.22464	-100.89508	0
9107	-22.78276	-179.82107	-150.52895	104.96343	61.02525	-160.29299	29.29212	-53.70222	42.31084	-4.88202	-94.38572	-88.69003	0
9108	-26.85111	-174.12538	-138.3239	98.45407	54.51589	-151.34262	26.03744	-84.62168	12.20505	-0.81367	-24.4101	-68.34828	0
9109	-30.91946	-162.734	-124.49151	93.57205	46.37919	-141.57858	18.71441	-124.49151	-35.80148	-4.88202	21.96909	-46.37919	0
9110	-30.10579	-145.64693	-110.65912	85.43535	40.6835	-128.55986	0	-182.26208	-109.03178	-21.15542	30.10579	-26.85111	0
9111	-24.4101	-117.98215	-91.13104	69.97562	33.36047	-105.7771	-30.91946	-266.88376	-215.62255	-52.07488	0	-9.76404	0
9112	-17.08707	-77.29865	-59.39791	47.19286	21.15542	-69.97562	-71.60296	-373.47453	-353.13278	-95.19939	-48.8202	4.06835	0
9113	-4.88202	-23.59643	-17.90074	14.64606	6.50936	-21.96909	-117.16848	-492.27035	-508.54375	-141.57858	-91.13104	23.59643	0
9114	8.95037	36.61515	27.66478	-21.96909	-8.95037	31.73313	-162.734	-617.57553	-671.27775	-183.07575	-103.33609	57.77057	0
9115	24.4101	104.96343	79.73966	-65.0936	-26.85111	92.75838	-205.85851	-750.20374	-830.75707	-210.74053	-65.0936	110.65912	0
9116	37.42882	187.95777	145.64693	-114.72747	-53.70222	167.61602	-242.47366	-886.08663	-978.03134	-217.24989	31.73313	189.58511	0
9117	48.8202	288.85285	237.59164	-170.8707	-95.19939	263.62908	-271.76578	-1026.03787	-1115.54157	-204.23117	177.38006	296.17588	0
9118	56.14323	409.27601	352.31911	-232.70962	-150.52895	381.61123	-303.49891	-1181.44884	-1260.37483	-176.56639	340.92773	418.22638	0
9119	65.90727	546.78624	481.69264	-305.12625	-209.92686	515.05311	-347.43709	-1359.64257	-1426.36351	-144.83326	484.13365	534.58119	0
9120	84.62168	696.50152	613.50718	-388.93426	-265.25642	655.00435	-404.39399	-1554.92337	-1609.43926	-124.49151	586.65607	637.10361	0
9121	107.40444	834.01175	729.04832	-467.86025	-316.51763	780.30953	-480.0653	-1751.01784	-1777.86895	-110.65912	635.47627	711.14758	0
9122	123.67784	934.09316	816.11101	-524.00348	-363.71049	873.88158	-576.89203	-1928.3979	-1900.73312	-91.94471	633.03526	748.5764	0
9123	130.1872	995.93208	875.50892	-558.17762	-395.44362	935.7205	-673.71876	-2060.21244	-1977.2181	-72.41663	601.30213	756.7131	0
9124	118.79582	986.98171	877.94993	-548.41358	-397.88463	932.46582	-737.99869	-2113.91466	-1991.05049	-67.53461	543.53156	729.86199	0
9125	87.06269	864.11754	783.56421	-472.74227	-360.45581	824.24771	-755.89943	-2069.16281	-1912.1245	-77.29865	457.28254	653.37701	0
9126	39.86983	636.28994	598.86112	-337.67305	-286.41184	618.3892	-731.48933	-1932.46625	-1752.64518	-102.52242	344.18241	532.95385	0
9127	-13.01872	351.50544	363.71049	-170.8707	-191.21245	358.0148	-681.04179	-1742.88114	-1572.82411	-167.61602	198.53548	387.30692	0
9128	-52.07488	67.53461	117.16848	-10.57771	-84.62168	93.57205	-633.03526	-1550.85502	-1436.94122	-299.43056	20.34175	232.70962	0
9129	-62.65259	-172.49804	-112.28646	116.35481	25.22377	-141.57858	-604.55681	-1391.3757	-1361.26991	-504.4754	-180.63474	84.62168	0
9130	-56.9569	-353.13278	-298.61689	204.23117	121.23683	-325.468	-596.42011	-1269.3252	-1337.67348	-742.06704	-370.21985	-39.05616	0
9131	-51.26121	-471.11493	-422.29473	261.18807	186.33043	-447.5185	-603.74314	-1164.36177	-1344.18284	-953.62124	-522.37614	-130.1872	0
9132	-49.63387	-538.64954	-492.27035	293.73487	222.94558	-515.86678	-608.62516	-1055.32999	-1336.85981	-1089.50413	-637.10361	-189.58511	0
9133	-48.8202	-569.569	-525.63082	306.75359	241.65999	-548.41358	-590.72442	-925.95646	-1277.4619	-1129.37396	-705.45189	-226.20026	0
9134	-46.37919	-571.19634	-530.51284	305.12625	246.54201	-550.85459	-545.1589	-773.80017	-1156.22507	-1077.29908	-711.14758	-240.84632	0
9135	-40.6835	-546.78624	-510.17109	291.29386	237.59164	-528.07183	-472.74227	-607.81149	-988.60905	-956.87592	-650.12233	-232.70962	0
9136	-35.80148	-510.98476	-479.25163	270.95211	222.13191	-493.89769	-386.49325	-442.63648	-802.27862	-802.27862	-541.09055	-207.48585	0
9137	-32.5468	-478.43796	-450.77318	252.2377	209.11319	-463.7919	-305.12625	-296.98955	-622.45755	-643.61297	-411.71702	-173.31171	0
9138	-26.85111	-454.84153	-427.17675	240.03265	200.16282	-437.75446	-240.03265	-183.88942	-467.04658	-504.4754	-292.10753	-139.95124	0
9139	-21.15542	-439.3818	-403.58032	233.52329	191.21245	-411.71702	-190.39878	-105.7771	-339.30039	-393.81628	-202.60383	-111.47279	0
9140	-25.22377	-429.61776	-377.54288	231.89595	179.0074	-389.74793	-150.52895	-57.77057	-235.9643	-311.63561	-155.41097	-92.75838	0
9141	-42.31084	-423.1084	-353.94645	235.15063	164.36134	-375.10187	-117.98215	-35.80148	-155.41097	-256.30605	-152.96996	-87.87636	0
9142	-56.9569	-409.27601	-331.97736	234.33696	151.34262	-361.26948	-87.06269	-27.66478	-91.94471	-217.24989	-176.56639	-92.75838	0
9143	-52.07488	-375.91554	-310.82194	213.99521	142.39225	-337.67305	-55.32956	-20.34175	-35.80148	-183.88942	-201.79016	-99.26774	0
9144	-30.10579	-324.65433	-286.41184	178.19373	137.51023	-302.68524	-22.78276	-2.44101	14.64606	-149.71528	-208.29952	-100.89508	0
9145	-8.1367	-266.88376	-254.67871	138.3239	127.74619	-259.56073	6.50936	29.29212	61.83892	-113.9138	-185.51676	-96.82673	0
9146	0	-218.87723	-218.87723	108.21811	109.84545	-221.31824	33.36047	69.16195	100.89508	-76.48498	-135.88289	-85.43535	0
9147	-6.50936	-187.95777	-186.33043	95.19939	87.87636	-194.46713	54.51589	107.40444	131.00087	-36.61515	-69.97562	-65.90727	0
9148	-20.34175	-176.56639	-165.17501	96.01306	67.53461	-179.0074	68.34828	142.39225	153.78363	0	-6.50936	-45.56552	0
9149	-29.29212	-172.49804	-153.78363	99.26774	56.9569	-170.8707	77.29865	169.24336	170.8707	26.85111	34.17414	-29.29212	0
9150	-21.96909	-158.66565	-144.83326	90.31737	56.9569	-160.29299	84.62168	185.51676	188.77144	47.19286	45.56552	-17.90074	0
9151	-4.88202	-135.88289	-138.3239	69.97562	64.27993	-145.64693	92.75838	189.58511	206.67218	58.58424	24.4101	-16.2734	0
9152	13.01872	-116.35481	-137.51023	48.8202	77.29865	-133.44188	96.01306	187.95777	219.6909	57.77057	-23.59643	-27.66478	0
9153	30.10579	-101.70875	-138.3239	32.5468	87.87636	-123.67784	96.01306	185.51676	228.64127	49.63387	-78.11232	-44.75185	0
9154	33.36047	-92.75838	-128.55986	26.85111	84.62168	-111.47279	97.6404	187.1441	235.9643	43.93818	-114.72747	-59.39791	0
9155	14.64606	-91.94471	-107.40444	36.61515	62.65259	-98.45407	101.70875	188.77144	242.47366	43.93818	-118.79582	-65.90727	0
9156	-11.39138	-97.6404	-82.99434	53.70222	35.80148	-89.5037	108.21811	189.58511	247.35568	52.07488	-90.31737	-61.02525	0
9157	-30.10579	-105.7771	-64.27993	69.16195	16.2734	-86.24902	115.54114	190.39878	250.61036	68.34828	-41.49717	-41.49717	0
9158	-43.12451	-112.28646	-54.51589	77.29865	4.88202	-85.43535	121.23683	193.65346	253.86504	87.06269	13.01872	-15.45973	0
9159	-48.8202	-112.28646	-52.07488	79.73966	0.81367	-84.62168	126.11885	201.79016	257.93339	104.14976	58.58424	6.50936	0
9160	-40.6835	-109.03178	-60.21158	80.55333	8.95037	-86.24902	130.1872	210.74053	258.74706	113.9138	75.67131	18.71441	0
9161	-26.85111	-114.72747	-83.80801	82.18067	28.47845	-100.89508	129.37353	213.99521	254.67871	113.9138	59.39791	15.45973	0
9162	-15.45973	-131.00087	-113.9138	84.62168	48.8202	-122.86417	123.67784	212.36787	249.79669	105.7771	20.34175	-0.81367	0
9163	-7.32303	-145.64693	-135.88289	84.62168	64.27993	-140.76491	116.35481	208.29952	248.16935	92.75838	-28.47845	-24.4101	0
9164	-0.81367	-152.96996	-148.90161	78.92599	74.04397	-149.71528	108.21811	205.85851	250.61036	78.92599	-70.78929	-44.75185	0
9165	6.50936	-152.15629	-151.34262	69.97562	75.67131	-150.52895	100.08141	206.67218	254.67871	69.16195	-87.87636	-56.9569	0
9166	13.01872	-139.13757	-142.39225	60.21158	69.97562	-135.88289	97.6404	212.36787	259.56073	68.34828	-69.97562	-56.14323	0
9167	17.90074	-118.79582	-131.00087	52.88855	67.53461	-108.21811	100.89508	221.31824	266.07009	80.55333	-21.96909	-39.05616	0
9168	21.96909	-102.52242	-117.98215	45.56552	69.97562	-81.367	108.21811	229.45494	274.20679	103.33609	35.80148	-13.01872	0
9169	18.71441	-91.94471	-108.21811	39.86983	70.78929	-69.97562	118.79582	234.33696	281.52982	122.0505	76.48498	4.88202	0
9170	9.76404	-91.94471	-102.52242	42.31084	65.90727	-74.85764	128.55986	235.9643	284.7845	126.11885	80.55333	7.32303	0
9171	2.44101	-97.6404	-92.75838	52.07488	56.9569	-84.62168	133.44188	230.26861	279.90248	118.79582	53.70222	-0.81367	0
9172	-0.81367	-100.08141	-82.18067	56.9569	47.19286	-91.13104	136.69656	222.94558	274.20679	106.59077	10.57771	-15.45973	0
9173	-2.44101	-102.52242	-78.92599	56.14323	42.31084	-94.38572	139.95124	216.43622	270.13844	95.19939	-31.73313	-32.5468	0
9174	0.81367	-105.7771	-87.06269	52.88855	45.56552	-100.08141	140.76491	207.48585	261.18807	85.43535	-60.21158	-45.56552	0
9175	5.69569	-108.21811	-100.08141	50.44754	52.88855	-105.7771	139.13757	200.97649	250.61036	82.18067	-62.65259	-49.63387	0
9176	3.25468	-105.7771	-102.52242	48.8202	52.07488	-104.96343	138.3239	205.04484	249.79669	91.94471	-38.24249	-39.86983	0
9177	-1.62734	-94.38572	-91.13104	44.75185	43.12451	-92.75838	139.13757	218.87723	262.81541	113.10013	2.44101	-17.08707	0
9178	-4.88202	-75.67131	-74.04397	36.61515	34.17414	-74.04397	140.76491	237.59164	283.15716	135.88289	49.63387	8.1367	0
9179	-8.1367	-57.77057	-56.9569	28.47845	26.03744	-56.9569	141.57858	255.49238	303.49891	152.96996	85.43535	25.22377	0
9180	-13.83239	-48.00653	-43.12451	26.85111	17.08707	-45.56552	139.13757	266.88376	315.70396	157.85198	91.94471	29.29212	0
9181	-21.15542	-51.26121	-37.42882	31.73313	9.76404	-44.75185	134.25555	269.32477	314.89029	147.27427	66.72094	20.34175	0
9182	-21.15542	-60.21158	-43.12451	37.42882	13.01872	-52.07488	127.74619	266.07009	309.1946	127.74619	22.78276	0.81367	0
9183	-12.20505	-66.72094	-56.9569	41.49717	24.4101	-61.83892	122.0505	263.62908	301.87157	109.03178	-18.71441	-19.52808	0
9184	-3.25468	-72.41663	-74.85764	39.86983	39.86983	-73.2303	117.98215	259.56073	293.73487	92.75838	-48.00653	-36.61515	0
9185	2.44101	-80.55333	-88.69003	31.73313	51.26121	-82.18067	112.28646	255.49238	285.59817	82.18067	-55.32956	-44.75185	0
9186	6.50936	-81.367	-89.5037	21.96909	52.07488	-80.55333	105.7771	255.49238	283.15716	82.99434	-38.24249	-39.05616	0
9187	6.50936	-73.2303	-78.92599	16.2734	47.19286	-69.97562	101.70875	257.93339	287.22551	95.19939	-5.69569	-21.15542	0
9188	-1.62734	-62.65259	-65.0936	20.34175	38.24249	-58.58424	101.70875	262.81541	296.17588	109.84545	33.36047	-0.81367	0
9189	-13.01872	-50.44754	-49.63387	29.29212	26.03744	-48.8202	106.59077	273.39312	306.75359	124.49151	67.53461	14.64606	0
9190	-13.83239	-36.61515	-37.42882	29.29212	17.90074	-39.86983	114.72747	291.29386	318.14497	135.06922	82.18067	25.22377	0
9191	-6.50936	-24.4101	-34.17414	20.34175	19.52808	-32.5468	122.0505	309.1946	327.09534	139.13757	71.60296	27.66478	0
9192	-0.81367	-15.45973	-33.36047	13.01872	25.22377	-26.03744	126.11885	318.95864	334.41837	134.25555	41.49717	21.15542	0
9193	-0.81367	-10.57771	-26.03744	6.50936	23.59643	-18.71441	127.74619	319.77231	339.30039	126.11885	4.88202	8.95037	0
9194	-2.44101	-8.1367	-15.45973	0	14.64606	-10.57771	129.37353	319.77231	340.11406	117.98215	-21.15542	-2.44101	0
9195	-2.44101	-2.44101	-4.06835	-7.32303	4.88202	-1.62734	133.44188	323.02699	338.48672	115.54114	-26.85111	-8.95037	0
9196	0.81367	6.50936	3.25468	-13.83239	0	6.50936	137.51023	327.90901	333.6047	117.98215	-10.57771	-4.88202	0
9197	9.76404	17.08707	4.88202	-22.78276	2.44101	12.20505	140.76491	332.79103	327.09534	126.11885	21.15542	8.95037	0
9198	26.85111	27.66478	2.44101	-31.73313	11.39138	17.08707	142.39225	337.67305	323.02699	138.3239	59.39791	26.85111	0
9199	44.75185	35.80148	0	-37.42882	21.15542	21.96909	141.57858	340.92773	322.21332	150.52895	91.13104	42.31084	0
9200	55.32956	41.49717	0	-39.86983	26.03744	26.03744	138.3239	340.92773	323.02699	159.47932	107.40444	51.26121	0
9201	56.9569	45.56552	5.69569	-40.6835	24.4101	30.10579	132.62821	343.36874	324.65433	161.92033	103.33609	54.51589	0
9202	52.88855	49.63387	12.20505	-42.31084	21.15542	33.36047	130.1872	354.76012	330.35002	155.41097	80.55333	53.70222	0
9203	45.56552	49.63387	16.2734	-41.49717	16.2734	34.98781	133.44188	376.72921	340.92773	145.64693	53.70222	48.00653	0
9204	40.6835	44.75185	17.90074	-36.61515	9.76404	32.5468	139.95124	398.6983	352.31911	138.3239	39.05616	43.93818	0
9205	40.6835	48.00653	20.34175	-33.36047	5.69569	34.98781	144.83326	414.9717	361.26948	136.69656	44.75185	45.56552	0
9206	43.93818	67.53461	31.73313	-35.80148	1.62734	50.44754	146.4606	426.36308	367.77884	140.76491	69.97562	52.88855	0
9207	39.05616	94.38572	57.77057	-44.75185	-12.20505	74.04397	144.01959	432.87244	371.03352	148.90161	104.96343	64.27993	0
9208	19.52808	111.47279	91.94471	-53.70222	-38.24249	93.57205	139.13757	437.75446	370.21985	156.22464	135.06922	75.67131	0
9209	-4.06835	114.72747	118.79582	-60.21158	-62.65259	104.96343	134.25555	441.82281	366.96517	159.47932	151.34262	83.80801	0
9210	-17.08707	112.28646	131.81454	-64.27993	-75.67131	113.10013	130.1872	445.07749	361.26948	158.66565	147.27427	87.06269	0
9211	-14.64606	107.40444	129.37353	-65.0936	-72.41663	119.60949	126.93252	445.89116	353.13278	152.96996	124.49151	82.99434	0
9212	-3.25468	102.52242	117.16848	-65.0936	-60.21158	122.86417	122.0505	441.82281	342.55507	144.01959	91.13104	70.78929	0
9213	8.95037	100.89508	103.33609	-65.0936	-46.37919	121.23683	117.16848	435.31345	334.41837	136.69656	61.02525	56.9569	0
9214	21.15542	108.21811	100.89508	-66.72094	-41.49717	121.23683	112.28646	427.99042	329.53635	130.1872	43.12451	48.8202	0
9215	41.49717	131.00087	109.84545	-70.78929	-40.6835	131.81454	109.03178	422.29473	325.468	126.93252	45.56552	48.00653	0
9216	70.78929	170.05703	119.60949	-75.67131	-34.17414	151.34262	110.65912	423.1084	324.65433	130.1872	65.90727	56.9569	0
9217	83.80801	205.04484	134.25555	-81.367	-32.5468	171.68437	114.72747	430.43143	324.65433	139.13757	96.82673	76.48498	0
9218	67.53461	220.50457	154.5973	-86.24902	-51.26121	190.39878	113.9138	441.82281	321.39965	147.27427	131.81454	100.89508	0
9219	38.24249	227.01393	173.31171	-91.13104	-79.73966	208.29952	106.59077	454.84153	316.51763	152.96996	161.10666	122.86417	0
9220	25.22377	238.40531	189.58511	-109.03178	-96.01306	224.57292	97.6404	464.60557	311.63561	155.41097	177.38006	139.13757	0
9221	31.73313	262.00174	205.04484	-143.20592	-97.6404	239.21898	92.75838	469.48759	306.75359	153.78363	175.75272	148.08794	0
9222	39.86983	286.41184	218.06356	-179.0074	-95.19939	248.16935	89.5037	466.23291	296.17588	144.83326	157.85198	146.4606	0
9223	43.12451	300.24423	225.38659	-194.46713	-93.57205	249.79669	83.80801	455.6552	277.46147	127.74619	131.81454	137.51023	0
9224	39.05616	305.12625	231.89595	-187.1441	-96.82673	250.61036	72.41663	436.12712	251.42403	108.21811	110.65912	126.93252	0
9225	30.91946	305.93992	242.47366	-178.19373	-104.96343	255.49238	56.9569	410.08968	222.94558	90.31737	104.14976	122.86417	0
9226	27.66478	307.56726	255.49238	-175.75272	-113.10013	267.69743	39.05616	383.23857	196.09447	78.11232	114.72747	125.30518	0
9227	29.29212	313.26295	268.5111	-178.19373	-118.79582	283.15716	23.59643	363.71049	174.12538	74.04397	138.3239	131.81454	0
9228	34.98781	323.02699	279.90248	-183.07575	-122.0505	297.80322	14.64606	354.76012	154.5973	76.48498	162.734	143.20592	0
9229	40.6835	333.6047	291.29386	-188.77144	-125.30518	311.63561	13.01872	352.31911	134.25555	78.92599	178.19373	154.5973	0
9230	37.42882	345.80975	304.31258	-187.1441	-131.81454	325.468	13.83239	349.8781	116.35481	75.67131	181.44841	159.47932	0
9231	25.22377	357.20113	319.77231	-176.56639	-140.76491	339.30039	13.01872	344.99608	104.14976	65.90727	172.49804	157.03831	0
9232	17.90074	369.40618	336.04571	-174.12538	-149.71528	353.94645	13.01872	335.23204	92.75838	52.88855	150.52895	152.96996	0
9233	20.34175	384.86591	349.06443	-187.95777	-153.78363	367.77884	14.64606	326.28167	81.367	43.12451	127.74619	154.5973	0
9234	27.66478	401.95298	357.20113	-209.92686	-152.96996	380.79756	13.83239	320.58598	73.2303	37.42882	117.16848	164.36134	0
9235	35.80148	416.59904	363.71049	-229.45494	-152.15629	388.93426	9.76404	310.00827	61.02525	30.10579	116.35481	175.75272	0
9236	39.86983	423.92207	368.59251	-238.40531	-156.22464	389.74793	4.06835	291.29386	34.98781	19.52808	122.86417	183.07575	0
9237	37.42882	422.29473	371.03352	-235.9643	-161.92033	388.12059	-4.06835	266.88376	-0.81367	5.69569	136.69656	189.58511	0
9238	34.17414	420.66739	370.21985	-228.64127	-166.80235	388.93426	-14.64606	242.47366	-34.17414	-5.69569	154.5973	196.09447	0
9239	34.17414	418.22638	371.84719	-224.57292	-169.24336	393.00261	-21.15542	226.20026	-52.07488	-9.76404	171.68437	204.23117	0
9240	36.61515	414.15803	377.54288	-225.38659	-171.68437	399.51197	-23.59643	216.43622	-56.14323	-9.76404	178.19373	211.5542	0
9241	38.24249	412.53069	385.67958	-227.8276	-175.75272	403.58032	-26.85111	205.04484	-61.83892	-15.45973	170.8707	211.5542	0
9242	43.12451	416.59904	394.62995	-229.45494	-179.0074	406.02133	-33.36047	186.33043	-76.48498	-30.10579	152.96996	202.60383	0
9243	48.00653	423.92207	400.32564	-229.45494	-179.0074	409.27601	-39.86983	165.98868	-96.82673	-47.19286	127.74619	191.21245	0
9244	48.00653	429.61776	403.58032	-228.64127	-179.82107	413.34436	-43.93818	144.83326	-116.35481	-61.02525	104.96343	184.70309	0
9245	41.49717	432.87244	406.02133	-228.64127	-183.88942	414.9717	-43.93818	121.23683	-135.88289	-69.97562	92.75838	182.26208	0
9246	28.47845	435.31345	411.71702	-229.45494	-192.02612	411.71702	-40.6835	96.01306	-157.03831	-74.85764	91.94471	181.44841	0
9247	12.20505	429.61776	416.59904	-226.20026	-204.23117	406.835	-35.80148	71.60296	-178.19373	-75.67131	103.33609	184.70309	0
9248	3.25468	417.41271	417.41271	-215.62255	-213.18154	401.95298	-34.17414	49.63387	-198.53548	-76.48498	117.98215	187.95777	0
9249	0.81367	404.39399	412.53069	-204.23117	-213.99521	397.88463	-38.24249	29.29212	-215.62255	-81.367	124.49151	186.33043	0
9250	-4.88202	386.49325	400.32564	-193.65346	-209.92686	387.30692	-44.75185	9.76404	-227.01393	-90.31737	116.35481	178.19373	0
9251	-13.83239	364.52416	382.4249	-184.70309	-203.4175	369.40618	-52.88855	-7.32303	-235.9643	-103.33609	92.75838	163.54767	0
9252	-14.64606	349.06443	358.82847	-176.56639	-188.77144	347.43709	-59.39791	-21.96909	-244.101	-116.35481	64.27993	146.4606	0
9253	-0.81367	340.11406	331.97736	-173.31171	-166.80235	328.72268	-65.90727	-33.36047	-254.67871	-123.67784	39.86983	133.44188	0
9254	16.2734	334.41837	310.82194	-176.56639	-145.64693	317.3313	-69.97562	-42.31084	-265.25642	-127.74619	23.59643	123.67784	0
9255	25.22377	323.84066	294.54854	-174.12538	-133.44188	306.75359	-71.60296	-51.26121	-275.83413	-130.1872	16.2734	117.98215	0
9256	23.59643	297.80322	279.08881	-164.36134	-131.00087	287.22551	-66.72094	-62.65259	-281.52982	-131.00087	17.90074	113.10013	0
9257	20.34175	259.56073	262.81541	-152.96996	-133.44188	261.18807	-55.32956	-72.41663	-276.6478	-127.74619	25.22377	112.28646	0
9258	19.52808	230.26861	244.101	-142.39225	-129.37353	237.59164	-41.49717	-80.55333	-261.18807	-117.98215	36.61515	113.10013	0
9259	22.78276	213.18154	219.6909	-132.62821	-113.9138	216.43622	-30.91946	-84.62168	-240.03265	-106.59077	46.37919	111.47279	0
9260	26.03744	198.53548	192.83979	-122.0505	-94.38572	196.09447	-27.66478	-87.87636	-222.13191	-96.01306	45.56552	105.7771	0
9261	21.96909	184.70309	173.31171	-108.21811	-81.367	179.0074	-29.29212	-90.31737	-211.5542	-90.31737	34.17414	92.75838	0
9262	10.57771	173.31171	165.98868	-94.38572	-76.48498	169.24336	-34.17414	-90.31737	-209.11319	-90.31737	15.45973	77.29865	0
9263	-4.06835	163.54767	163.54767	-83.80801	-74.85764	163.54767	-39.86983	-87.87636	-210.74053	-95.19939	-7.32303	61.02525	0
9264	-13.01872	154.5973	159.47932	-77.29865	-74.04397	157.85198	-39.05616	-85.43535	-208.29952	-96.82673	-27.66478	46.37919	0
9265	-14.64606	147.27427	159.47932	-75.67131	-77.29865	157.03831	-33.36047	-84.62168	-195.2808	-90.31737	-33.36047	34.98781	0
9266	-17.90074	140.76491	166.80235	-74.85764	-86.24902	161.92033	-26.03744	-81.367	-173.31171	-75.67131	-23.59643	30.91946	0
9267	-23.59643	135.06922	173.31171	-70.78929	-95.19939	163.54767	-17.90074	-73.2303	-148.90161	-58.58424	-6.50936	30.91946	0
9268	-26.03744	126.93252	166.80235	-61.83892	-96.01306	154.5973	-11.39138	-62.65259	-124.49151	-41.49717	8.95037	29.29212	0
9269	-24.4101	109.84545	144.83326	-51.26121	-86.24902	131.81454	-8.95037	-51.26121	-104.14976	-30.10579	14.64606	25.22377	0
9270	-21.15542	80.55333	109.03178	-39.86983	-67.53461	96.82673	-8.95037	-41.49717	-88.69003	-24.4101	8.1367	17.08707	0
9271	-18.71441	49.63387	66.72094	-26.03744	-47.19286	59.39791	-7.32303	-34.17414	-75.67131	-18.71441	-6.50936	9.76404	0
9272	-16.2734	25.22377	26.85111	-11.39138	-31.73313	25.22377	-2.44101	-27.66478	-62.65259	-13.01872	-21.96909	6.50936	0
9273	-13.83239	5.69569	0	-3.25468	-18.71441	1.62734	0.81367	-23.59643	-50.44754	-9.76404	-31.73313	4.06835	0
9274	-13.83239	-2.44101	-4.06835	-3.25468	-13.83239	-3.25468	4.06835	-22.78276	-41.49717	-6.50936	-33.36047	2.44101	0
9275	-15.45973	-0.81367	6.50936	-4.88202	-19.52808	3.25468	6.50936	-21.96909	-31.73313	-1.62734	-30.10579	1.62734	0
9276	-13.83239	-0.81367	14.64606	-1.62734	-25.22377	7.32303	4.06835	-17.08707	-21.15542	4.06835	-25.22377	-0.81367	0
9277	-11.39138	-4.06835	16.2734	4.06835	-27.66478	5.69569	0	-10.57771	-12.20505	8.1367	-17.90074	-4.06835	0
9278	-9.76404	-11.39138	10.57771	11.39138	-22.78276	-0.81367	-0.81367	-2.44101	0	13.01872	-8.1367	-5.69569	0
9279	-11.39138	-21.96909	0	19.52808	-14.64606	-11.39138	4.88202	5.69569	17.08707	21.15542	0.81367	-4.06835	0
9280	-14.64606	-33.36047	-10.57771	27.66478	-7.32303	-21.96909	13.83239	12.20505	37.42882	30.91946	7.32303	-2.44101	0
9281	-17.90074	-39.86983	-22.78276	30.91946	-0.81367	-30.91946	23.59643	14.64606	51.26121	34.98781	7.32303	-3.25468	0
9282	-21.96909	-42.31084	-34.98781	27.66478	1.62734	-35.80148	28.47845	12.20505	57.77057	30.91946	3.25468	-7.32303	0
9283	-20.34175	-43.93818	-45.56552	24.4101	4.88202	-40.6835	29.29212	7.32303	54.51589	23.59643	-5.69569	-12.20505	0
9284	-13.83239	-46.37919	-51.26121	20.34175	5.69569	-49.63387	27.66478	2.44101	43.93818	16.2734	-17.08707	-16.2734	0
9285	-15.45973	-48.8202	-51.26121	17.90074	4.88202	-56.14323	22.78276	-2.44101	33.36047	11.39138	-23.59643	-19.52808	0
9286	-20.34175	-51.26121	-52.07488	14.64606	10.57771	-57.77057	12.20505	-6.50936	25.22377	9.76404	-22.78276	-23.59643	0
9287	-20.34175	-51.26121	-56.14323	14.64606	20.34175	-57.77057	0.81367	-6.50936	22.78276	10.57771	-18.71441	-28.47845	0
9288	-17.08707	-51.26121	-58.58424	18.71441	27.66478	-54.51589	-3.25468	-0.81367	26.85111	13.83239	-13.83239	-32.5468	0
9289	-13.83239	-50.44754	-56.14323	23.59643	28.47845	-49.63387	-1.62734	8.95037	37.42882	20.34175	-11.39138	-35.80148	0
9290	-13.01872	-50.44754	-52.07488	26.85111	26.03744	-47.19286	4.88202	19.52808	54.51589	28.47845	-9.76404	-36.61515	0
9291	-17.08707	-56.14323	-52.88855	30.91946	25.22377	-51.26121	15.45973	23.59643	71.60296	36.61515	-9.76404	-36.61515	0
9292	-22.78276	-64.27993	-55.32956	39.86983	23.59643	-59.39791	22.78276	14.64606	78.11232	40.6835	-14.64606	-38.24249	0
9293	-26.85111	-69.97562	-56.14323	51.26121	20.34175	-66.72094	23.59643	-1.62734	74.85764	36.61515	-26.03744	-39.86983	0
9294	-29.29212	-75.67131	-53.70222	56.9569	15.45973	-69.16195	22.78276	-12.20505	71.60296	31.73313	-39.05616	-42.31084	0
9295	-30.91946	-83.80801	-51.26121	58.58424	11.39138	-66.72094	21.15542	-11.39138	75.67131	28.47845	-40.6835	-42.31084	0
9296	-31.73313	-92.75838	-54.51589	59.39791	11.39138	-68.34828	18.71441	-2.44101	84.62168	26.85111	-31.73313	-37.42882	0
9297	-31.73313	-101.70875	-62.65259	61.83892	14.64606	-74.85764	14.64606	8.95037	94.38572	26.85111	-17.90074	-29.29212	0
9298	-26.03744	-107.40444	-71.60296	60.21158	21.15542	-82.18067	10.57771	18.71441	102.52242	28.47845	-4.88202	-21.15542	0
9299	-12.20505	-109.84545	-79.73966	52.07488	31.73313	-85.43535	8.1367	25.22377	107.40444	26.03744	0	-18.71441	0
9300	0	-108.21811	-87.87636	43.93818	39.05616	-87.87636	6.50936	27.66478	106.59077	20.34175	-3.25468	-23.59643	0
9301	8.95037	-101.70875	-94.38572	38.24249	42.31084	-90.31737	9.76404	29.29212	104.14976	14.64606	-12.20505	-30.91946	0
9302	13.01872	-92.75838	-93.57205	33.36047	41.49717	-88.69003	17.08707	30.10579	104.96343	10.57771	-20.34175	-37.42882	0
9303	1.62734	-87.06269	-82.99434	36.61515	33.36047	-85.43535	23.59643	30.91946	106.59077	7.32303	-30.10579	-45.56552	0
9304	-18.71441	-81.367	-68.34828	50.44754	19.52808	-80.55333	26.03744	29.29212	107.40444	4.06835	-39.86983	-53.70222	0
9305	-33.36047	-75.67131	-56.9569	61.83892	8.1367	-74.04397	25.22377	27.66478	104.96343	4.06835	-44.75185	-56.14323	0
9306	-37.42882	-74.04397	-55.32956	65.0936	5.69569	-69.97562	23.59643	28.47845	102.52242	8.1367	-40.6835	-53.70222	0
9307	-35.80148	-78.11232	-60.21158	62.65259	8.95037	-71.60296	21.96909	30.10579	103.33609	14.64606	-30.10579	-49.63387	0
9308	-23.59643	-83.80801	-71.60296	56.9569	21.15542	-78.92599	20.34175	32.5468	104.14976	17.90074	-22.78276	-48.00653	0
9309	-4.06835	-89.5037	-90.31737	48.00653	40.6835	-89.5037	17.90074	37.42882	104.14976	16.2734	-22.78276	-50.44754	0
9310	13.01872	-91.94471	-106.59077	39.05616	57.77057	-97.6404	15.45973	43.12451	103.33609	13.01872	-25.22377	-54.51589	0
9311	25.22377	-86.24902	-111.47279	30.10579	65.90727	-96.01306	17.08707	48.8202	107.40444	13.01872	-25.22377	-56.9569	0
9312	32.5468	-74.85764	-106.59077	21.15542	67.53461	-87.06269	22.78276	56.14323	117.98215	17.08707	-24.4101	-56.14323	0
9313	32.5468	-67.53461	-97.6404	17.90074	64.27993	-77.29865	30.10579	61.83892	128.55986	21.96909	-26.03744	-54.51589	0
9314	18.71441	-69.97562	-90.31737	22.78276	54.51589	-74.04397	36.61515	61.83892	135.88289	24.4101	-28.47845	-53.70222	0
9315	-1.62734	-79.73966	-84.62168	33.36047	42.31084	-79.73966	39.86983	60.21158	138.3239	24.4101	-30.10579	-52.07488	0
9316	-12.20505	-94.38572	-82.99434	46.37919	40.6835	-91.13104	41.49717	61.02525	139.13757	22.78276	-29.29212	-52.07488	0
9317	-7.32303	-104.14976	-87.87636	52.88855	48.00653	-100.89508	38.24249	65.90727	138.3239	22.78276	-27.66478	-53.70222	0
9318	1.62734	-103.33609	-91.94471	50.44754	54.51589	-107.40444	33.36047	70.78929	136.69656	24.4101	-28.47845	-54.51589	0
9319	6.50936	-96.01306	-87.87636	45.56552	52.88855	-106.59077	30.91946	71.60296	135.88289	26.85111	-29.29212	-55.32956	0
9320	0	-90.31737	-78.11232	45.56552	42.31084	-99.26774	31.73313	69.97562	135.88289	27.66478	-32.5468	-58.58424	0
9321	-14.64606	-91.94471	-68.34828	52.07488	27.66478	-91.13104	34.98781	67.53461	133.44188	24.4101	-40.6835	-65.90727	0
9322	-31.73313	-97.6404	-58.58424	58.58424	13.83239	-84.62168	38.24249	63.46626	129.37353	17.90074	-52.88855	-76.48498	0
9323	-41.49717	-101.70875	-53.70222	63.46626	6.50936	-80.55333	40.6835	59.39791	126.11885	12.20505	-62.65259	-83.80801	0
9324	-39.05616	-104.14976	-55.32956	64.27993	8.1367	-81.367	38.24249	58.58424	128.55986	10.57771	-64.27993	-87.06269	0
9325	-25.22377	-105.7771	-65.90727	60.21158	19.52808	-90.31737	34.98781	57.77057	135.06922	13.01872	-60.21158	-84.62168	0
9326	-4.88202	-104.14976	-84.62168	50.44754	38.24249	-100.08141	32.5468	58.58424	145.64693	17.90074	-52.07488	-82.18067	0
9327	4.88202	-103.33609	-103.33609	44.75185	56.9569	-105.7771	30.91946	61.83892	155.41097	22.78276	-44.75185	-80.55333	0
9328	0	-109.03178	-117.16848	53.70222	66.72094	-108.21811	31.73313	68.34828	161.10666	29.29212	-42.31084	-79.73966	0
9329	-5.69569	-118.79582	-120.42316	69.16195	65.0936	-109.84545	34.17414	73.2303	158.66565	35.80148	-45.56552	-78.92599	0
9330	-8.95037	-125.30518	-121.23683	82.99434	58.58424	-115.54114	37.42882	74.85764	149.71528	41.49717	-49.63387	-78.11232	0
9331	-13.83239	-130.1872	-123.67784	92.75838	54.51589	-124.49151	39.86983	74.04397	139.95124	43.12451	-52.88855	-78.92599	0
9332	-18.71441	-133.44188	-122.0505	96.82673	48.8202	-130.1872	42.31084	69.97562	134.25555	41.49717	-54.51589	-79.73966	0
9333	-18.71441	-127.74619	-112.28646	92.75838	42.31084	-123.67784	43.12451	62.65259	132.62821	39.86983	-53.70222	-78.92599	0
9334	-17.08707	-113.10013	-94.38572	79.73966	35.80148	-106.59077	41.49717	53.70222	130.1872	37.42882	-53.70222	-77.29865	0
9335	-20.34175	-99.26774	-75.67131	65.0936	25.22377	-91.13104	39.05616	47.19286	126.11885	34.17414	-56.14323	-77.29865	0
9336	-26.85111	-91.94471	-62.65259	56.9569	17.08707	-82.99434	37.42882	43.93818	122.86417	32.5468	-61.02525	-79.73966	0
9337	-28.47845	-89.5037	-60.21158	52.88855	15.45973	-82.18067	38.24249	44.75185	124.49151	31.73313	-65.90727	-84.62168	0
9338	-27.66478	-96.01306	-66.72094	52.88855	19.52808	-87.87636	42.31084	48.00653	131.81454	28.47845	-69.16195	-89.5037	0
9339	-26.85111	-107.40444	-78.92599	53.70222	25.22377	-97.6404	48.8202	55.32956	143.20592	26.03744	-66.72094	-91.13104	0
9340	-26.03744	-114.72747	-89.5037	56.9569	31.73313	-103.33609	55.32956	68.34828	153.78363	26.85111	-60.21158	-90.31737	0
9341	-30.10579	-114.72747	-92.75838	66.72094	35.80148	-104.14976	58.58424	79.73966	161.10666	31.73313	-53.70222	-88.69003	0
9342	-33.36047	-117.16848	-91.94471	78.92599	34.98781	-104.14976	56.14323	85.43535	161.92033	35.80148	-51.26121	-87.06269	0
9343	-34.17414	-126.11885	-90.31737	88.69003	30.10579	-107.40444	50.44754	87.06269	159.47932	35.80148	-51.26121	-84.62168	0
9344	-35.80148	-132.62821	-90.31737	93.57205	27.66478	-110.65912	45.56552	87.06269	154.5973	31.73313	-50.44754	-82.18067	0
9345	-34.98781	-134.25555	-97.6404	88.69003	33.36047	-115.54114	37.42882	80.55333	144.83326	26.03744	-50.44754	-83.80801	0
9346	-28.47845	-132.62821	-107.40444	78.11232	42.31084	-119.60949	26.85111	65.90727	129.37353	19.52808	-53.70222	-88.69003	0
9347	-26.03744	-129.37353	-108.21811	69.97562	43.93818	-119.60949	21.96909	50.44754	115.54114	16.2734	-56.14323	-94.38572	0
9348	-35.80148	-126.11885	-93.57205	67.53461	30.10579	-113.9138	25.22377	41.49717	112.28646	18.71441	-54.51589	-97.6404	0
9349	-49.63387	-118.79582	-70.78929	69.97562	9.76404	-104.14976	34.17414	41.49717	119.60949	24.4101	-48.8202	-96.01306	0
9350	-56.14323	-109.84545	-52.07488	71.60296	-2.44101	-91.94471	42.31084	46.37919	131.00087	30.10579	-44.75185	-92.75838	0
9351	-48.8202	-101.70875	-49.63387	68.34828	0	-83.80801	45.56552	50.44754	139.13757	31.73313	-42.31084	-92.75838	0
9352	-32.5468	-99.26774	-61.83892	61.83892	13.83239	-85.43535	43.93818	51.26121	139.13757	31.73313	-38.24249	-95.19939	0
9353	-18.71441	-100.89508	-75.67131	56.14323	29.29212	-91.13104	38.24249	48.00653	131.81454	28.47845	-34.98781	-99.26774	0
9354	-8.95037	-103.33609	-87.06269	52.88855	39.86983	-96.01306	30.91946	43.12451	120.42316	23.59643	-36.61515	-101.70875	0
9355	-0.81367	-105.7771	-99.26774	50.44754	49.63387	-101.70875	24.4101	37.42882	108.21811	19.52808	-39.86983	-102.52242	0
9356	1.62734	-109.84545	-112.28646	50.44754	56.9569	-109.03178	22.78276	37.42882	100.08141	17.90074	-41.49717	-103.33609	0
9357	0	-116.35481	-123.67784	54.51589	61.02525	-116.35481	26.03744	43.12451	97.6404	21.15542	-41.49717	-104.14976	0
9358	-7.32303	-126.11885	-128.55986	64.27993	61.02525	-120.42316	33.36047	48.8202	100.89508	25.22377	-39.86983	-104.14976	0
9359	-20.34175	-138.3239	-130.1872	79.73966	57.77057	-124.49151	40.6835	46.37919	107.40444	26.85111	-40.6835	-102.52242	0
9360	-29.29212	-141.57858	-129.37353	91.94471	52.07488	-128.55986	46.37919	37.42882	113.10013	28.47845	-39.05616	-99.26774	0
9361	-27.66478	-131.81454	-122.86417	89.5037	48.8202	-125.30518	48.8202	30.91946	118.79582	32.5468	-34.17414	-92.75838	0
9362	-21.96909	-117.98215	-110.65912	78.11232	44.75185	-116.35481	45.56552	25.22377	123.67784	34.98781	-33.36047	-86.24902	0
9363	-20.34175	-104.96343	-98.45407	65.90727	39.86983	-108.21811	38.24249	19.52808	122.0505	32.5468	-38.24249	-82.99434	0
9364	-19.52808	-97.6404	-89.5037	56.9569	35.80148	-100.89508	32.5468	17.08707	115.54114	26.85111	-45.56552	-85.43535	0
9365	-18.71441	-92.75838	-81.367	50.44754	31.73313	-92.75838	27.66478	21.15542	109.03178	26.85111	-47.19286	-87.87636	0
9366	-18.71441	-87.87636	-73.2303	46.37919	29.29212	-84.62168	27.66478	32.5468	109.03178	33.36047	-39.86983	-85.43535	0
9367	-14.64606	-81.367	-68.34828	41.49717	34.17414	-78.11232	29.29212	44.75185	113.10013	43.12451	-28.47845	-81.367	0
9368	-4.06835	-74.85764	-69.16195	34.17414	41.49717	-75.67131	34.17414	56.9569	121.23683	52.07488	-16.2734	-75.67131	0
9369	5.69569	-69.16195	-71.60296	27.66478	44.75185	-72.41663	43.12451	65.90727	130.1872	58.58424	-4.88202	-67.53461	0
9370	10.57771	-65.90727	-70.78929	24.4101	42.31084	-68.34828	55.32956	69.16195	138.3239	61.02525	2.44101	-59.39791	0
9371	8.1367	-68.34828	-70.78929	27.66478	34.17414	-68.34828	61.02525	64.27993	139.95124	56.9569	3.25468	-58.58424	0
9372	-5.69569	-76.48498	-70.78929	38.24249	23.59643	-70.78929	55.32956	53.70222	134.25555	45.56552	-4.06835	-66.72094	0
9373	-27.66478	-85.43535	-74.04397	50.44754	14.64606	-74.04397	43.12451	41.49717	124.49151	34.17414	-13.83239	-77.29865	0
9374	-40.6835	-94.38572	-77.29865	59.39791	10.57771	-79.73966	29.29212	27.66478	112.28646	26.03744	-21.96909	-86.24902	0
9375	-35.80148	-91.94471	-76.48498	56.14323	14.64606	-78.92599	19.52808	17.90074	102.52242	22.78276	-26.03744	-91.13104	0
9376	-16.2734	-69.97562	-70.78929	39.05616	24.4101	-66.72094	15.45973	13.83239	100.08141	26.03744	-25.22377	-91.13104	0
9377	4.06835	-39.86983	-61.83892	19.52808	36.61515	-49.63387	19.52808	16.2734	104.14976	31.73313	-17.90074	-88.69003	0
9378	19.52808	-17.08707	-52.88855	4.88202	42.31084	-35.80148	32.5468	24.4101	112.28646	39.05616	-5.69569	-85.43535	0
9379	26.85111	-11.39138	-45.56552	0	39.86983	-29.29212	48.8202	35.80148	116.35481	48.8202	2.44101	-81.367	0
9380	24.4101	-21.96909	-42.31084	6.50936	31.73313	-32.5468	62.65259	48.8202	114.72747	59.39791	6.50936	-74.85764	0
9381	13.83239	-39.05616	-41.49717	19.52808	23.59643	-39.86983	73.2303	60.21158	109.03178	66.72094	8.95037	-67.53461	0
9382	4.06835	-52.07488	-43.93818	29.29212	20.34175	-47.19286	80.55333	65.0936	99.26774	69.16195	8.95037	-60.21158	0
9383	-1.62734	-61.83892	-48.00653	33.36047	21.15542	-54.51589	82.18067	52.07488	87.87636	64.27993	4.88202	-55.32956	0
9384	-3.25468	-65.90727	-52.88855	30.10579	24.4101	-59.39791	79.73966	23.59643	78.92599	57.77057	-0.81367	-56.14323	0
9385	-2.44101	-58.58424	-49.63387	21.15542	24.4101	-53.70222	74.85764	-0.81367	75.67131	56.9569	-2.44101	-56.9569	0
9386	-2.44101	-38.24249	-39.86983	10.57771	21.96909	-36.61515	72.41663	-7.32303	79.73966	61.02525	0	-56.9569	0
9387	-1.62734	-13.83239	-32.5468	0	22.78276	-15.45973	69.97562	3.25468	91.94471	66.72094	1.62734	-56.9569	0
9388	0	5.69569	-26.85111	-11.39138	25.22377	-1.62734	61.83892	21.15542	108.21811	72.41663	4.88202	-56.14323	0
9389	2.44101	21.15542	-22.78276	-23.59643	28.47845	4.06835	44.75185	33.36047	125.30518	77.29865	8.1367	-54.51589	0
9390	5.69569	30.91946	-16.2734	-34.98781	26.85111	8.95037	22.78276	34.98781	139.13757	80.55333	11.39138	-54.51589	0
9391	11.39138	35.80148	-4.88202	-39.05616	15.45973	11.39138	1.62734	29.29212	144.83326	83.80801	13.01872	-54.51589	0
9392	15.45973	35.80148	6.50936	-35.80148	0.81367	14.64606	-12.20505	21.15542	139.95124	84.62168	17.08707	-52.88855	0
9393	18.71441	44.75185	17.08707	-32.5468	-8.1367	24.4101	-18.71441	13.83239	129.37353	87.06269	26.85111	-44.75185	0
9394	21.15542	69.16195	28.47845	-35.80148	-8.1367	44.75185	-18.71441	7.32303	118.79582	94.38572	44.75185	-27.66478	0
9395	25.22377	96.82673	40.6835	-44.75185	-4.88202	64.27993	-14.64606	4.06835	112.28646	100.89508	58.58424	-13.01872	0
9396	23.59643	109.84545	50.44754	-50.44754	-8.1367	73.2303	-12.20505	-1.62734	109.03178	100.89508	61.83892	-8.1367	0
9397	16.2734	108.21811	57.77057	-50.44754	-13.83239	74.04397	-19.52808	-16.2734	104.96343	96.01306	56.14323	-13.83239	0
9398	9.76404	99.26774	61.02525	-50.44754	-17.90074	72.41663	-29.29212	-31.73313	104.14976	89.5037	47.19286	-22.78276	0
9399	4.88202	84.62168	58.58424	-45.56552	-20.34175	65.90727	-37.42882	-38.24249	105.7771	81.367	35.80148	-32.5468	0
9400	-3.25468	56.9569	50.44754	-35.80148	-23.59643	52.07488	-43.12451	-37.42882	107.40444	69.97562	21.15542	-43.93818	0
9401	-18.71441	26.85111	39.86983	-25.22377	-29.29212	33.36047	-48.8202	-33.36047	108.21811	59.39791	7.32303	-52.07488	0
9402	-33.36047	12.20505	30.10579	-17.90074	-36.61515	21.96909	-52.07488	-26.85111	105.7771	52.88855	1.62734	-53.70222	0
9403	-38.24249	13.01872	24.4101	-17.08707	-40.6835	19.52808	-48.00653	-21.96909	96.82673	50.44754	5.69569	-51.26121	0
9404	-32.5468	16.2734	20.34175	-19.52808	-33.36047	21.15542	-40.6835	-20.34175	86.24902	51.26121	13.01872	-45.56552	0
9405	-19.52808	14.64606	11.39138	-20.34175	-13.83239	21.15542	-33.36047	-19.52808	76.48498	55.32956	23.59643	-35.80148	0
9406	-0.81367	8.1367	-4.06835	-20.34175	8.95037	14.64606	-27.66478	-21.15542	71.60296	61.83892	33.36047	-25.22377	0
9407	21.96909	-0.81367	-27.66478	-18.71441	33.36047	-1.62734	-21.96909	-23.59643	70.78929	67.53461	39.05616	-18.71441	0
9408	43.12451	-15.45973	-57.77057	-14.64606	56.14323	-28.47845	-17.90074	-24.4101	73.2303	68.34828	34.98781	-20.34175	0
9409	51.26121	-38.24249	-87.87636	-4.88202	73.2303	-58.58424	-16.2734	-23.59643	76.48498	62.65259	24.4101	-27.66478	0
9410	45.56552	-64.27993	-108.21811	10.57771	78.11232	-83.80801	-14.64606	-17.90074	80.55333	56.14323	13.01872	-36.61515	0
9411	34.17414	-84.62168	-116.35481	25.22377	75.67131	-99.26774	-9.76404	-9.76404	87.87636	51.26121	8.1367	-42.31084	0
9412	21.15542	-94.38572	-112.28646	34.98781	66.72094	-102.52242	-4.06835	-3.25468	94.38572	46.37919	7.32303	-48.00653	0
9413	3.25468	-96.01306	-98.45407	41.49717	49.63387	-98.45407	2.44101	-3.25468	96.82673	39.86983	4.88202	-56.14323	0
9414	-13.01872	-90.31737	-86.24902	45.56552	30.10579	-91.94471	8.1367	-8.1367	97.6404	30.10579	0.81367	-65.0936	0
9415	-21.15542	-83.80801	-81.367	48.8202	21.96909	-86.24902	9.76404	-14.64606	96.01306	18.71441	-1.62734	-74.85764	0
9416	-21.96909	-87.06269	-90.31737	55.32956	26.85111	-88.69003	11.39138	-17.90074	87.87636	10.57771	-8.95037	-84.62168	0
9417	-21.15542	-104.96343	-106.59077	65.90727	39.05616	-104.14976	12.20505	-16.2734	72.41663	4.06835	-18.71441	-93.57205	0
9418	-19.52808	-126.93252	-117.98215	75.67131	50.44754	-123.67784	14.64606	-12.20505	56.14323	2.44101	-26.85111	-97.6404	0
9419	-15.45973	-144.83326	-120.42316	80.55333	54.51589	-137.51023	17.08707	-13.83239	43.12451	1.62734	-34.17414	-100.08141	0
9420	-12.20505	-151.34262	-117.98215	82.99434	51.26121	-141.57858	17.90074	-21.15542	36.61515	-0.81367	-42.31084	-104.14976	0
9421	-12.20505	-148.08794	-115.54114	83.80801	48.00653	-135.06922	18.71441	-29.29212	33.36047	-5.69569	-49.63387	-109.03178	0
9422	-15.45973	-139.95124	-113.10013	83.80801	44.75185	-122.86417	21.15542	-37.42882	30.91946	-9.76404	-52.88855	-110.65912	0
9423	-17.08707	-129.37353	-107.40444	82.18067	41.49717	-107.40444	19.52808	-43.93818	31.73313	-12.20505	-52.07488	-110.65912	0
9424	-13.01872	-121.23683	-100.89508	78.92599	41.49717	-96.82673	16.2734	-47.19286	34.98781	-13.83239	-49.63387	-109.84545	0
9425	-9.76404	-117.16848	-100.08141	75.67131	43.12451	-96.01306	8.95037	-49.63387	39.05616	-13.83239	-48.00653	-108.21811	0
9426	-10.57771	-116.35481	-105.7771	71.60296	47.19286	-105.7771	0.81367	-47.19286	45.56552	-12.20505	-46.37919	-108.21811	0
9427	-12.20505	-120.42316	-113.9138	68.34828	50.44754	-117.98215	-2.44101	-37.42882	55.32956	-4.88202	-41.49717	-109.03178	0
9428	-13.01872	-123.67784	-117.98215	65.90727	52.88855	-124.49151	2.44101	-21.96909	69.16195	4.88202	-34.17414	-110.65912	0
9429	-15.45973	-129.37353	-117.98215	68.34828	50.44754	-127.74619	15.45973	-5.69569	82.99434	12.20505	-29.29212	-110.65912	0
9430	-21.96909	-144.83326	-122.86417	77.29865	48.8202	-135.88289	30.10579	4.88202	91.94471	15.45973	-27.66478	-107.40444	0
9431	-30.91946	-163.54767	-133.44188	84.62168	47.19286	-148.90161	39.86983	9.76404	91.13104	14.64606	-28.47845	-104.96343	0
9432	-39.86983	-173.31171	-141.57858	88.69003	44.75185	-157.03831	43.12451	8.95037	82.99434	12.20505	-30.91946	-102.52242	0
9433	-43.12451	-170.05703	-139.13757	89.5037	42.31084	-154.5973	41.49717	3.25468	69.97562	8.1367	-31.73313	-99.26774	0
9434	-39.05616	-157.03831	-126.11885	86.24902	39.05616	-141.57858	35.80148	-4.06835	56.9569	0.81367	-30.91946	-97.6404	0
9435	-29.29212	-143.20592	-115.54114	82.18067	38.24249	-129.37353	28.47845	-11.39138	51.26121	-4.06835	-28.47845	-99.26774	0
9436	-17.90074	-134.25555	-114.72747	78.11232	45.56552	-125.30518	21.96909	-14.64606	52.88855	-4.88202	-24.4101	-101.70875	0
9437	-13.01872	-130.1872	-120.42316	76.48498	53.70222	-122.86417	20.34175	-11.39138	61.02525	-2.44101	-17.08707	-103.33609	0
9438	-19.52808	-131.81454	-128.55986	76.48498	57.77057	-122.0505	25.22377	-1.62734	74.04397	2.44101	-8.95037	-104.14976	0
9439	-34.17414	-140.76491	-134.25555	82.18067	53.70222	-129.37353	34.17414	8.1367	87.06269	12.20505	-3.25468	-103.33609	0
9440	-42.31084	-148.08794	-141.57858	90.31737	52.07488	-144.01959	41.49717	12.20505	93.57205	19.52808	-4.88202	-102.52242	0
9441	-33.36047	-157.85198	-152.96996	97.6404	61.02525	-157.03831	43.93818	8.95037	91.94471	19.52808	-14.64606	-105.7771	0
9442	-11.39138	-168.42969	-160.29299	100.08141	75.67131	-161.10666	45.56552	0	82.99434	15.45973	-24.4101	-108.21811	0
9443	7.32303	-174.93905	-165.17501	97.6404	90.31737	-164.36134	46.37919	-13.83239	63.46626	8.95037	-29.29212	-110.65912	0
9444	16.2734	-181.44841	-174.93905	94.38572	99.26774	-173.31171	40.6835	-41.49717	30.10579	-1.62734	-34.17414	-113.9138	0
9445	8.1367	-188.77144	-179.0074	96.82673	96.82673	-180.63474	29.29212	-78.92599	-13.01872	-14.64606	-39.86983	-115.54114	0
9446	-6.50936	-188.77144	-162.734	102.52242	76.48498	-174.12538	17.08707	-123.67784	-65.90727	-29.29212	-43.93818	-111.47279	0
9447	-13.83239	-172.49804	-129.37353	102.52242	47.19286	-151.34262	0	-182.26208	-138.3239	-49.63387	-48.8202	-100.89508	0
9448	-11.39138	-139.13757	-94.38572	87.87636	26.85111	-117.98215	-30.10579	-265.25642	-236.77797	-78.92599	-52.88855	-85.43535	0
9449	-5.69569	-91.94471	-65.0936	56.9569	17.90074	-79.73966	-73.2303	-367.77884	-362.89682	-117.98215	-51.26121	-65.0936	0
9450	-2.44101	-36.61515	-32.5468	17.90074	13.01872	-34.98781	-121.23683	-478.43796	-506.91641	-162.734	-39.86983	-34.98781	0
9451	-3.25468	18.71441	10.57771	-16.2734	-1.62734	15.45973	-166.80235	-584.21506	-656.63169	-206.67218	-16.2734	7.32303	0
9452	-7.32303	79.73966	69.16195	-47.19286	-27.66478	74.85764	-204.23117	-685.92381	-799.02394	-239.21898	21.96909	63.46626	0
9453	-4.88202	155.41097	135.88289	-89.5037	-54.51589	145.64693	-231.89595	-790.07357	-925.95646	-251.42403	83.80801	135.06922	0
9454	11.39138	247.35568	214.80888	-140.76491	-87.06269	231.08228	-253.05137	-906.42838	-1044.75228	-246.54201	168.42969	222.13191	0
9455	39.86983	353.94645	313.26295	-197.72181	-134.25555	333.6047	-278.27514	-1046.37962	-1171.6848	-234.33696	264.44275	317.3313	0
9456	68.34828	483.31998	432.87244	-268.5111	-189.58511	458.09621	-313.26295	-1209.92729	-1317.33173	-219.6909	362.89682	414.15803	0
9457	91.13104	633.84893	565.50065	-353.13278	-246.54201	598.86112	-363.71049	-1393.00304	-1483.32041	-205.04484	458.09621	506.10274	0
9458	105.7771	787.63256	685.11014	-439.3818	-296.98955	729.04832	-434.49978	-1582.58815	-1655.00478	-186.33043	542.71789	586.65607	0
9459	112.28646	925.14279	774.61384	-515.86678	-331.97736	829.9434	-525.63082	-1760.78188	-1803.90639	-163.54767	611.06617	651.74967	0
9460	113.9138	1017.90117	835.63909	-571.19634	-352.31911	900.73269	-617.57553	-1894.22376	-1902.36046	-143.20592	648.49499	689.17849	0
9461	116.35481	1026.85154	845.40313	-581.77405	-353.13278	916.19242	-681.04179	-1950.36699	-1925.14322	-127.74619	631.40792	681.04179	0
9462	106.59077	921.07444	768.10448	-523.18981	-319.77231	831.57074	-702.19721	-1912.93817	-1860.04962	-122.0505	548.41358	614.32085	0
9463	80.55333	703.82455	599.67479	-397.88463	-250.61036	645.24031	-687.55115	-1798.2107	-1722.53939	-138.3239	404.39399	492.27035	0
9464	39.05616	416.59904	368.59251	-230.26861	-158.66565	389.74793	-654.19068	-1645.24074	-1565.50108	-198.53548	205.85851	333.6047	0
9465	-8.1367	109.84545	118.79582	-52.07488	-60.21158	113.9138	-623.27122	-1492.27078	-1446.70526	-325.468	-25.22377	161.10666	0
9466	-51.26121	-162.734	-100.08141	108.21811	21.96909	-131.00087	-607.81149	-1356.38789	-1367.77927	-515.05311	-255.49238	4.06835	0
9467	-79.73966	-362.89682	-257.11972	230.26861	78.11232	-309.1946	-607.81149	-1232.71005	-1314.89072	-729.04832	-438.56813	-113.10013	0
9468	-96.01306	-486.57466	-357.20113	304.31258	115.54114	-422.29473	-611.06617	-1108.21854	-1281.53025	-913.75141	-554.92294	-187.1441	0
9469	-100.08141	-547.59991	-419.85372	335.23204	145.64693	-484.13365	-602.92947	-975.59033	-1248.98345	-1031.73356	-607.81149	-227.8276	0
9470	-91.94471	-565.50065	-454.84153	335.23204	171.68437	-510.17109	-575.26469	-831.57074	-1186.33086	-1064.28036	-607.81149	-241.65999	0
9471	-76.48498	-558.17762	-467.04658	319.77231	191.21245	-513.42577	-522.37614	-674.53243	-1077.29908	-1017.0875	-567.94166	-237.59164	0
9472	-59.39791	-541.90422	-466.23291	300.24423	202.60383	-508.54375	-449.95951	-514.23944	-930.02481	-917.00609	-507.73008	-224.57292	0
9473	-41.49717	-519.93513	-461.35089	279.90248	206.67218	-497.15237	-369.40618	-369.40618	-765.66347	-793.32825	-442.63648	-209.11319	0
9474	-21.15542	-485.76099	-450.77318	258.74706	207.48585	-474.36961	-291.29386	-248.16935	-602.92947	-664.76839	-378.35655	-196.09447	0
9475	-7.32303	-445.07749	-430.43143	242.47366	204.23117	-441.82281	-223.75925	-155.41097	-460.53722	-545.97257	-322.21332	-190.39878	0
9476	-8.1367	-414.9717	-408.46234	232.70962	192.83979	-414.15803	-172.49804	-95.19939	-349.06443	-446.70483	-279.08881	-192.02612	0
9477	-18.71441	-396.25729	-393.00261	224.57292	176.56639	-395.44362	-134.25555	-61.02525	-264.44275	-362.89682	-241.65999	-192.83979	0
9478	-24.4101	-383.23857	-377.54288	213.99521	165.98868	-382.4249	-102.52242	-40.6835	-195.2808	-292.10753	-207.48585	-189.58511	0
9479	-21.15542	-376.72921	-358.0148	204.23117	165.98868	-375.91554	-75.67131	-30.91946	-136.69656	-235.15063	-177.38006	-185.51676	0
9480	-9.76404	-366.1515	-338.48672	187.95777	171.68437	-366.1515	-52.07488	-26.03744	-82.99434	-188.77144	-149.71528	-179.82107	0
9481	2.44101	-340.92773	-318.14497	165.98868	171.68437	-343.36874	-31.73313	-16.2734	-30.91946	-148.90161	-122.86417	-166.80235	0
9482	9.76404	-308.38093	-296.17588	146.4606	163.54767	-313.26295	-13.83239	5.69569	19.52808	-114.72747	-99.26774	-150.52895	0
9483	8.1367	-276.6478	-268.5111	132.62821	146.4606	-279.08881	1.62734	45.56552	69.16195	-82.18067	-74.04397	-132.62821	0
9484	0.81367	-237.59164	-229.45494	122.86417	120.42316	-236.77797	20.34175	97.6404	117.16848	-48.8202	-48.00653	-113.10013	0
9485	-1.62734	-188.77144	-183.88942	114.72747	93.57205	-187.95777	39.05616	148.90161	156.22464	-13.83239	-21.96909	-91.94471	0
9486	-3.25468	-144.01959	-140.76491	108.21811	69.16195	-142.39225	52.88855	187.95777	182.26208	16.2734	-1.62734	-75.67131	0
9487	-12.20505	-122.86417	-111.47279	104.14976	49.63387	-117.16848	62.65259	208.29952	198.53548	38.24249	6.50936	-70.78929	0
9488	-26.03744	-122.86417	-97.6404	101.70875	34.98781	-111.47279	69.16195	213.99521	212.36787	51.26121	8.1367	-73.2303	0
9489	-40.6835	-131.81454	-91.13104	101.70875	23.59643	-112.28646	74.85764	211.5542	223.75925	61.02525	7.32303	-78.92599	0
9490	-55.32956	-141.57858	-89.5037	106.59077	15.45973	-117.98215	78.92599	207.48585	229.45494	65.90727	5.69569	-84.62168	0
9491	-56.14323	-143.20592	-101.70875	107.40444	21.15542	-126.11885	82.18067	200.97649	230.26861	63.46626	0.81367	-87.87636	0
9492	-30.10579	-135.88289	-118.79582	90.31737	39.86983	-129.37353	87.06269	193.65346	225.38659	58.58424	-2.44101	-85.43535	0
9493	7.32303	-122.86417	-126.11885	62.65259	56.14323	-126.93252	96.82673	185.51676	218.87723	56.14323	0	-78.92599	0
9494	36.61515	-109.84545	-126.11885	37.42882	67.53461	-120.42316	106.59077	182.26208	213.99521	56.9569	4.88202	-71.60296	0
9495	43.93818	-102.52242	-123.67784	25.22377	71.60296	-113.9138	113.9138	183.07575	209.92686	58.58424	9.76404	-66.72094	0
9496	31.73313	-101.70875	-120.42316	29.29212	66.72094	-112.28646	119.60949	186.33043	209.11319	59.39791	12.20505	-66.72094	0
9497	16.2734	-104.96343	-120.42316	37.42882	58.58424	-114.72747	124.49151	192.02612	212.36787	61.83892	14.64606	-68.34828	0
9498	5.69569	-113.10013	-120.42316	43.93818	53.70222	-116.35481	127.74619	196.09447	218.06356	68.34828	19.52808	-66.72094	0
9499	-0.81367	-124.49151	-121.23683	52.88855	52.07488	-120.42316	130.1872	196.90814	223.75925	73.2303	22.78276	-67.53461	0
9500	-8.95037	-134.25555	-122.0505	61.83892	51.26121	-124.49151	131.81454	196.09447	228.64127	74.85764	20.34175	-72.41663	0
9501	-21.15542	-142.39225	-115.54114	70.78929	44.75185	-124.49151	131.81454	195.2808	238.40531	73.2303	13.83239	-78.92599	0
9502	-32.5468	-144.01959	-104.96343	78.11232	36.61515	-119.60949	128.55986	195.2808	249.79669	72.41663	8.1367	-82.99434	0
9503	-37.42882	-139.95124	-95.19939	82.18067	30.91946	-110.65912	123.67784	197.72181	260.3744	74.04397	8.95037	-83.80801	0
9504	-36.61515	-133.44188	-87.06269	84.62168	26.03744	-104.96343	114.72747	200.16282	262.00174	74.85764	13.83239	-82.18067	0
9505	-30.91946	-128.55986	-80.55333	84.62168	19.52808	-100.89508	110.65912	202.60383	258.74706	78.11232	20.34175	-78.11232	0
9506	-21.96909	-116.35481	-74.04397	76.48498	17.90074	-93.57205	112.28646	206.67218	256.30605	88.69003	27.66478	-69.97562	0
9507	-9.76404	-100.08141	-69.97562	59.39791	23.59643	-83.80801	118.79582	210.74053	258.74706	104.14976	33.36047	-59.39791	0
9508	0.81367	-85.43535	-72.41663	43.12451	34.98781	-74.85764	126.11885	215.62255	263.62908	117.16848	39.05616	-51.26121	0
9509	9.76404	-73.2303	-84.62168	31.73313	54.51589	-73.2303	131.81454	221.31824	268.5111	121.23683	41.49717	-50.44754	0
9510	22.78276	-68.34828	-98.45407	26.03744	69.16195	-78.11232	135.88289	227.8276	274.20679	117.98215	39.86983	-56.14323	0
9511	34.98781	-70.78929	-102.52242	26.03744	69.97562	-82.99434	132.62821	231.08228	276.6478	113.9138	37.42882	-63.46626	0
9512	43.12451	-71.60296	-95.19939	25.22377	61.83892	-80.55333	122.0505	230.26861	274.20679	108.21811	33.36047	-67.53461	0
9513	46.37919	-70.78929	-87.06269	20.34175	54.51589	-78.11232	106.59077	224.57292	262.81541	96.01306	26.03744	-71.60296	0
9514	46.37919	-74.04397	-88.69003	15.45973	53.70222	-81.367	92.75838	215.62255	244.91467	82.18067	19.52808	-77.29865	0
9515	40.6835	-72.41663	-89.5037	11.39138	55.32956	-82.18067	87.06269	206.67218	235.15063	78.92599	21.96909	-79.73966	0
9516	32.5468	-65.0936	-79.73966	6.50936	50.44754	-70.78929	92.75838	203.4175	242.47366	89.5037	30.10579	-72.41663	0
9517	22.78276	-60.21158	-62.65259	3.25468	39.05616	-52.88855	107.40444	204.23117	260.3744	106.59077	37.42882	-60.21158	0
9518	10.57771	-57.77057	-51.26121	8.95037	24.4101	-39.86983	122.0505	207.48585	278.27514	122.0505	40.6835	-50.44754	0
9519	-1.62734	-61.02525	-45.56552	22.78276	10.57771	-38.24249	133.44188	216.43622	292.10753	131.00087	42.31084	-45.56552	0
9520	-16.2734	-70.78929	-43.12451	39.86983	2.44101	-44.75185	139.13757	231.89595	301.87157	135.88289	44.75185	-43.12451	0
9521	-22.78276	-80.55333	-46.37919	48.8202	3.25468	-54.51589	143.20592	248.98302	304.31258	139.95124	52.07488	-38.24249	0
9522	-19.52808	-82.99434	-50.44754	45.56552	10.57771	-61.02525	147.27427	258.74706	299.43056	144.01959	60.21158	-33.36047	0
9523	-13.83239	-79.73966	-51.26121	34.98781	17.90074	-65.90727	147.27427	262.81541	289.66652	144.83326	63.46626	-34.17414	0
9524	-8.1367	-73.2303	-52.88855	22.78276	23.59643	-67.53461	143.20592	265.25642	279.90248	141.57858	63.46626	-38.24249	0
9525	-1.62734	-61.02525	-52.07488	13.01872	26.85111	-61.83892	139.13757	268.5111	277.46147	133.44188	62.65259	-41.49717	0
9526	1.62734	-42.31084	-40.6835	4.88202	22.78276	-45.56552	138.3239	272.57945	284.7845	126.11885	64.27993	-40.6835	0
9527	-0.81367	-24.4101	-21.96909	3.25468	12.20505	-26.03744	136.69656	278.27514	296.17588	122.86417	64.27993	-37.42882	0
9528	-4.88202	-9.76404	-4.88202	6.50936	0.81367	-9.76404	131.81454	287.22551	309.1946	124.49151	65.90727	-33.36047	0
9529	0.81367	3.25468	1.62734	10.57771	0	0.81367	126.11885	296.98955	322.21332	127.74619	67.53461	-30.91946	0
9530	12.20505	9.76404	-2.44101	11.39138	6.50936	3.25468	119.60949	303.49891	330.35002	129.37353	69.16195	-29.29212	0
9531	16.2734	2.44101	-13.01872	5.69569	13.83239	0.81367	113.9138	304.31258	331.16369	126.93252	68.34828	-27.66478	0
9532	13.01872	-8.1367	-21.15542	0.81367	17.08707	0.81367	114.72747	304.31258	324.65433	122.0505	65.90727	-21.96909	0
9533	7.32303	-13.01872	-21.96909	-4.06835	20.34175	4.06835	126.11885	311.63561	313.26295	119.60949	70.78929	-13.83239	0
9534	3.25468	-9.76404	-18.71441	-8.95037	28.47845	10.57771	144.01959	323.84066	301.87157	122.86417	82.99434	-6.50936	0
9535	5.69569	-5.69569	-17.90074	-11.39138	34.17414	14.64606	157.03831	333.6047	295.36221	126.11885	93.57205	-3.25468	0
9536	8.1367	-2.44101	-16.2734	-12.20505	30.91946	15.45973	156.22464	335.23204	293.73487	126.93252	98.45407	-4.88202	0
9537	8.1367	-0.81367	-7.32303	-9.76404	17.08707	15.45973	144.83326	334.41837	296.98955	126.11885	97.6404	-8.95037	0
9538	0.81367	-4.88202	7.32303	-2.44101	-4.06835	13.83239	130.1872	332.79103	303.49891	126.11885	93.57205	-13.01872	0
9539	-12.20505	-8.95037	22.78276	6.50936	-26.03744	14.64606	122.0505	337.67305	315.70396	128.55986	91.13104	-13.83239	0
9540	-23.59643	-4.88202	35.80148	10.57771	-39.05616	18.71441	121.23683	350.69177	333.6047	134.25555	93.57205	-8.95037	0
9541	-22.78276	8.95037	43.93818	2.44101	-40.6835	25.22377	122.86417	362.08315	344.99608	135.88289	100.08141	-1.62734	0
9542	-11.39138	34.17414	45.56552	-17.08707	-36.61515	34.98781	122.0505	364.52416	342.55507	130.1872	107.40444	1.62734	0
9543	0.81367	64.27993	41.49717	-44.75185	-32.5468	48.00653	122.0505	363.71049	331.16369	120.42316	110.65912	3.25468	0
9544	14.64606	91.94471	43.93818	-65.0936	-28.47845	64.27993	123.67784	366.1515	319.77231	113.9138	113.9138	8.95037	0
9545	23.59643	113.9138	61.02525	-77.29865	-29.29212	84.62168	124.49151	375.91554	317.3313	115.54114	120.42316	18.71441	0
9546	25.22377	127.74619	82.18067	-81.367	-34.98781	103.33609	125.30518	390.5616	322.21332	122.0505	128.55986	26.85111	0
9547	26.85111	131.81454	94.38572	-82.18067	-36.61515	113.10013	125.30518	407.64867	331.16369	127.74619	134.25555	30.91946	0
9548	31.73313	132.62821	96.82673	-82.99434	-32.5468	117.16848	124.49151	427.99042	342.55507	132.62821	134.25555	33.36047	0
9549	39.05616	136.69656	96.82673	-87.87636	-28.47845	120.42316	126.11885	443.45015	353.94645	136.69656	131.00087	33.36047	0
9550	44.75185	144.01959	100.08141	-95.19939	-27.66478	126.11885	128.55986	445.07749	357.20113	139.95124	126.11885	32.5468	0
9551	45.56552	153.78363	109.84545	-101.70875	-31.73313	134.25555	131.00087	430.43143	349.06443	140.76491	123.67784	33.36047	0
9552	43.12451	165.98868	124.49151	-106.59077	-40.6835	146.4606	130.1872	407.64867	331.97736	139.13757	121.23683	37.42882	0
9553	39.86983	180.63474	142.39225	-111.47279	-50.44754	161.10666	126.11885	391.37527	314.89029	135.06922	122.0505	42.31084	0
9554	36.61515	198.53548	161.92033	-117.98215	-61.02525	179.0074	120.42316	391.37527	301.0579	133.44188	127.74619	50.44754	0
9555	34.98781	215.62255	179.0074	-126.11885	-70.78929	195.2808	116.35481	401.13931	292.10753	136.69656	139.13757	63.46626	0
9556	35.80148	227.01393	189.58511	-133.44188	-75.67131	206.67218	112.28646	410.08968	289.66652	142.39225	150.52895	78.11232	0
9557	41.49717	237.59164	194.46713	-141.57858	-74.04397	214.80888	106.59077	414.15803	291.29386	148.08794	157.85198	90.31737	0
9558	54.51589	255.49238	200.16282	-156.22464	-69.16195	226.20026	104.14976	415.78537	294.54854	150.52895	162.734	97.6404	0
9559	69.97562	276.6478	205.85851	-174.93905	-63.46626	240.03265	103.33609	417.41271	294.54854	148.90161	167.61602	102.52242	0
9560	81.367	294.54854	213.99521	-190.39878	-63.46626	250.61036	100.89508	419.04005	285.59817	140.76491	168.42969	105.7771	0
9561	85.43535	306.75359	221.31824	-199.34915	-66.72094	253.05137	95.19939	417.41271	265.25642	128.55986	165.17501	105.7771	0
9562	87.06269	314.89029	228.64127	-196.90814	-69.97562	257.11972	88.69003	410.08968	239.21898	112.28646	160.29299	104.14976	0
9563	78.92599	319.77231	241.65999	-179.0074	-80.55333	267.69743	78.92599	397.88463	211.5542	96.82673	156.22464	103.33609	0
9564	52.07488	318.95864	266.88376	-163.54767	-106.59077	283.97083	65.0936	381.61123	185.51676	82.99434	153.78363	103.33609	0
9565	14.64606	317.3313	301.87157	-163.54767	-142.39225	304.31258	52.07488	366.96517	162.734	73.2303	155.41097	109.03178	0
9566	-6.50936	325.468	331.16369	-172.49804	-168.42969	326.28167	43.12451	356.38746	143.20592	66.72094	160.29299	119.60949	0
9567	-8.1367	336.85938	344.99608	-180.63474	-175.75272	342.55507	34.98781	348.25076	124.49151	64.27993	161.92033	130.1872	0
9568	0.81367	343.36874	343.36874	-184.70309	-170.05703	351.50544	27.66478	336.85938	105.7771	62.65259	160.29299	136.69656	0
9569	20.34175	352.31911	336.85938	-185.51676	-157.85198	357.20113	21.15542	323.84066	89.5037	58.58424	160.29299	140.76491	0
9570	42.31084	366.1515	333.6047	-184.70309	-147.27427	362.08315	16.2734	309.1946	74.85764	52.07488	160.29299	143.20592	0
9571	52.07488	379.98389	339.30039	-187.95777	-144.83326	369.40618	11.39138	292.10753	62.65259	39.05616	162.734	145.64693	0
9572	48.8202	391.37527	350.69177	-197.72181	-148.90161	375.91554	0.81367	272.57945	52.07488	21.96909	167.61602	150.52895	0
9573	42.31084	400.32564	359.64214	-208.29952	-157.03831	381.61123	-6.50936	255.49238	43.12451	9.76404	171.68437	154.5973	0
9574	40.6835	412.53069	370.21985	-216.43622	-165.98868	390.5616	-7.32303	240.03265	32.5468	2.44101	173.31171	158.66565	0
9575	46.37919	427.99042	379.17022	-225.38659	-168.42969	402.76665	-4.88202	227.01393	16.2734	-6.50936	172.49804	162.734	0
9576	52.07488	435.31345	386.49325	-233.52329	-168.42969	410.90335	0	216.43622	-7.32303	-17.90074	170.05703	165.17501	0
9577	52.07488	436.94079	393.00261	-238.40531	-170.8707	412.53069	7.32303	205.85851	-34.98781	-26.85111	168.42969	165.98868	0
9578	52.07488	437.75446	392.18894	-242.47366	-170.05703	410.08968	13.01872	194.46713	-64.27993	-32.5468	167.61602	164.36134	0
9579	52.88855	434.49978	388.12059	-245.72834	-166.80235	407.64867	12.20505	179.82107	-94.38572	-38.24249	163.54767	164.36134	0
9580	51.26121	427.17675	386.49325	-246.54201	-166.80235	408.46234	4.88202	160.29299	-126.93252	-48.00653	152.96996	165.17501	0
9581	45.56552	420.66739	387.30692	-242.47366	-170.8707	409.27601	-4.06835	131.00087	-158.66565	-63.46626	136.69656	161.10666	0
9582	38.24249	416.59904	392.18894	-235.9643	-174.93905	406.835	-16.2734	96.01306	-183.88942	-79.73966	119.60949	152.96996	0
9583	32.5468	411.71702	395.44362	-227.01393	-175.75272	404.39399	-28.47845	61.02525	-203.4175	-94.38572	109.03178	144.83326	0
9584	24.4101	401.95298	393.81628	-216.43622	-175.75272	401.13931	-39.86983	31.73313	-218.06356	-108.21811	100.89508	138.3239	0
9585	15.45973	390.5616	387.30692	-205.04484	-179.0074	396.25729	-48.8202	9.76404	-229.45494	-119.60949	93.57205	134.25555	0
9586	8.95037	378.35655	378.35655	-196.90814	-180.63474	387.30692	-54.51589	-5.69569	-235.9643	-127.74619	86.24902	131.00087	0
9587	6.50936	367.77884	366.1515	-190.39878	-178.19373	375.10187	-54.51589	-21.15542	-239.21898	-133.44188	78.11232	126.93252	0
9588	5.69569	360.45581	355.57379	-185.51676	-175.75272	363.71049	-48.8202	-34.98781	-239.21898	-136.69656	73.2303	124.49151	0
9589	4.06835	354.76012	348.25076	-181.44841	-173.31171	354.76012	-40.6835	-43.93818	-240.03265	-135.06922	71.60296	122.0505	0
9590	3.25468	344.18241	338.48672	-176.56639	-168.42969	342.55507	-35.80148	-48.8202	-248.98302	-133.44188	69.16195	115.54114	0
9591	1.62734	330.35002	323.84066	-170.8707	-161.10666	327.90901	-34.98781	-53.70222	-266.88376	-135.06922	61.02525	104.14976	0
9592	0	314.07662	303.49891	-164.36134	-147.27427	308.38093	-39.86983	-58.58424	-283.97083	-139.13757	48.8202	94.38572	0
9593	0	287.22551	279.08881	-151.34262	-129.37353	279.08881	-48.8202	-66.72094	-293.73487	-143.20592	37.42882	87.06269	0
9594	0	256.30605	260.3744	-135.06922	-114.72747	248.98302	-54.51589	-76.48498	-288.85285	-143.20592	33.36047	82.18067	0
9595	3.25468	236.77797	242.47366	-124.49151	-105.7771	223.75925	-50.44754	-82.18067	-268.5111	-133.44188	38.24249	75.67131	0
9596	5.69569	222.13191	217.24989	-116.35481	-100.08141	199.34915	-40.6835	-78.11232	-240.84632	-119.60949	45.56552	65.0936	0
9597	4.88202	197.72181	190.39878	-100.08141	-95.19939	174.93905	-31.73313	-71.60296	-218.87723	-109.03178	46.37919	51.26121	0
9598	1.62734	165.98868	170.05703	-77.29865	-94.38572	153.78363	-25.22377	-68.34828	-206.67218	-102.52242	39.05616	37.42882	0
9599	-4.88202	139.95124	157.03831	-54.51589	-94.38572	139.95124	-18.71441	-69.97562	-200.16282	-98.45407	28.47845	24.4101	0
9600	-6.50936	131.00087	148.90161	-38.24249	-88.69003	135.88289	-14.64606	-73.2303	-191.21245	-92.75838	18.71441	14.64606	0
9601	-1.62734	131.00087	143.20592	-28.47845	-80.55333	136.69656	-10.57771	-77.29865	-178.19373	-86.24902	14.64606	8.1367	0
9602	-2.44101	127.74619	142.39225	-22.78276	-78.11232	135.88289	-7.32303	-82.99434	-164.36134	-82.18067	16.2734	4.06835	0
9603	-10.57771	118.79582	140.76491	-21.96909	-78.11232	130.1872	-4.88202	-85.43535	-150.52895	-78.92599	20.34175	0.81367	0
9604	-17.90074	107.40444	132.62821	-24.4101	-79.73966	119.60949	-6.50936	-82.18067	-136.69656	-74.85764	20.34175	0	0
9605	-21.96909	91.13104	114.72747	-25.22377	-78.11232	102.52242	-10.57771	-75.67131	-123.67784	-70.78929	17.08707	-0.81367	0
9606	-21.15542	70.78929	91.13104	-26.03744	-69.16195	81.367	-15.45973	-68.34828	-109.84545	-61.02525	11.39138	-4.88202	0
9607	-13.83239	52.07488	67.53461	-29.29212	-53.70222	61.02525	-16.2734	-59.39791	-94.38572	-48.00653	6.50936	-8.95037	0
9608	-6.50936	36.61515	49.63387	-27.66478	-39.86983	43.93818	-12.20505	-50.44754	-79.73966	-38.24249	6.50936	-12.20505	0
9609	-2.44101	26.03744	40.6835	-19.52808	-32.5468	33.36047	-5.69569	-39.05616	-65.90727	-31.73313	8.95037	-14.64606	0
9610	-4.88202	21.15542	39.05616	-11.39138	-31.73313	30.10579	0	-26.03744	-49.63387	-23.59643	10.57771	-17.90074	0
9611	-12.20505	21.15542	40.6835	-7.32303	-30.91946	30.91946	5.69569	-14.64606	-30.91946	-15.45973	11.39138	-19.52808	0
9612	-20.34175	22.78276	40.6835	-7.32303	-30.10579	31.73313	11.39138	-9.76404	-13.83239	-8.95037	11.39138	-20.34175	0
9613	-25.22377	21.15542	36.61515	-4.88202	-30.91946	28.47845	15.45973	-9.76404	-4.88202	-6.50936	10.57771	-22.78276	0
9614	-28.47845	12.20505	30.10579	1.62734	-30.10579	20.34175	16.2734	-10.57771	-5.69569	-6.50936	7.32303	-27.66478	0
9615	-31.73313	0	21.96909	11.39138	-28.47845	9.76404	17.08707	-12.20505	-10.57771	-4.88202	6.50936	-31.73313	0
9616	-33.36047	-14.64606	16.2734	23.59643	-24.4101	0	17.08707	-13.83239	-15.45973	0	8.95037	-32.5468	0
9617	-36.61515	-30.91946	9.76404	41.49717	-18.71441	-13.83239	12.20505	-14.64606	-17.08707	3.25468	12.20505	-34.98781	0
9618	-43.93818	-43.12451	0	59.39791	-14.64606	-30.91946	0	-14.64606	-12.20505	6.50936	9.76404	-40.6835	0
9619	-44.75185	-53.70222	-17.08707	65.90727	-7.32303	-47.19286	-13.83239	-13.83239	-4.06835	9.76404	3.25468	-47.19286	0
9620	-29.29212	-63.46626	-35.80148	57.77057	6.50936	-54.51589	-25.22377	-11.39138	5.69569	13.01872	-1.62734	-51.26121	0
9621	-7.32303	-68.34828	-48.8202	47.19286	24.4101	-60.21158	-30.91946	-10.57771	17.90074	13.83239	-4.88202	-55.32956	0
9622	8.95037	-67.53461	-55.32956	40.6835	40.6835	-64.27993	-28.47845	-11.39138	29.29212	13.01872	-4.88202	-56.9569	0
9623	8.95037	-66.72094	-59.39791	37.42882	45.56552	-62.65259	-19.52808	-15.45973	33.36047	8.95037	-6.50936	-56.9569	0
9624	-2.44101	-68.34828	-56.9569	35.80148	34.98781	-59.39791	-10.57771	-20.34175	34.17414	6.50936	-8.1367	-57.77057	0
9625	-14.64606	-69.97562	-49.63387	35.80148	19.52808	-56.9569	-6.50936	-25.22377	33.36047	8.1367	-7.32303	-59.39791	0
9626	-21.96909	-69.97562	-46.37919	35.80148	14.64606	-56.14323	-5.69569	-28.47845	33.36047	11.39138	-4.88202	-58.58424	0
9627	-26.03744	-68.34828	-47.19286	37.42882	17.90074	-56.14323	-4.88202	-29.29212	34.98781	14.64606	0	-54.51589	0
9628	-29.29212	-65.90727	-52.88855	39.86983	23.59643	-53.70222	-1.62734	-26.85111	41.49717	20.34175	5.69569	-48.8202	0
9629	-30.91946	-66.72094	-58.58424	43.93818	25.22377	-54.51589	0	-21.96909	50.44754	24.4101	6.50936	-47.19286	0
9630	-32.5468	-71.60296	-61.02525	49.63387	21.96909	-61.02525	4.06835	-13.83239	59.39791	26.85111	2.44101	-51.26121	0
9631	-33.36047	-74.85764	-62.65259	56.14323	18.71441	-66.72094	12.20505	-3.25468	65.0936	27.66478	-1.62734	-56.14323	0
9632	-26.03744	-74.85764	-65.90727	54.51589	16.2734	-69.16195	21.96909	4.88202	70.78929	30.91946	-5.69569	-56.9569	0
9633	-9.76404	-68.34828	-69.97562	45.56552	15.45973	-67.53461	30.10579	12.20505	80.55333	33.36047	-4.06835	-55.32956	0
9634	4.06835	-59.39791	-69.97562	36.61515	17.90074	-62.65259	34.17414	17.90074	91.13104	34.98781	0.81367	-50.44754	0
9635	9.76404	-52.88855	-62.65259	29.29212	20.34175	-55.32956	30.10579	21.96909	96.82673	37.42882	9.76404	-43.93818	0
9636	8.1367	-51.26121	-55.32956	25.22377	21.15542	-48.00653	21.96909	23.59643	99.26774	39.86983	19.52808	-38.24249	0
9637	4.88202	-55.32956	-52.88855	24.4101	23.59643	-43.93818	15.45973	24.4101	97.6404	40.6835	26.85111	-36.61515	0
9638	0	-61.83892	-53.70222	25.22377	24.4101	-46.37919	13.83239	24.4101	93.57205	39.86983	27.66478	-37.42882	0
9639	-3.25468	-68.34828	-60.21158	26.03744	28.47845	-55.32956	17.08707	23.59643	91.94471	40.6835	22.78276	-38.24249	0
9640	0	-72.41663	-72.41663	27.66478	36.61515	-67.53461	22.78276	25.22377	93.57205	43.12451	16.2734	-38.24249	0
9641	5.69569	-77.29865	-87.87636	30.91946	48.00653	-82.18067	24.4101	27.66478	96.82673	41.49717	6.50936	-40.6835	0
9642	14.64606	-82.99434	-104.14976	32.5468	59.39791	-96.01306	20.34175	26.85111	98.45407	35.80148	-8.1367	-50.44754	0
9643	27.66478	-85.43535	-113.9138	26.85111	71.60296	-101.70875	11.39138	22.78276	96.01306	29.29212	-23.59643	-65.0936	0
9644	39.05616	-89.5037	-118.79582	18.71441	79.73966	-100.08141	3.25468	15.45973	89.5037	22.78276	-34.98781	-76.48498	0
9645	35.80148	-91.94471	-117.16848	21.15542	76.48498	-100.08141	-2.44101	4.88202	78.92599	15.45973	-41.49717	-82.99434	0
9646	15.45973	-90.31737	-108.21811	34.98781	61.83892	-101.70875	-4.88202	-5.69569	69.16195	9.76404	-43.93818	-84.62168	0
9647	-7.32303	-89.5037	-94.38572	44.75185	43.93818	-98.45407	-2.44101	-7.32303	69.16195	10.57771	-43.12451	-79.73966	0
9648	-21.15542	-88.69003	-74.85764	47.19286	29.29212	-87.06269	3.25468	5.69569	84.62168	20.34175	-39.86983	-66.72094	0
9649	-28.47845	-89.5037	-57.77057	46.37919	17.90074	-72.41663	12.20505	28.47845	108.21811	34.17414	-31.73313	-52.07488	0
9650	-34.17414	-93.57205	-49.63387	47.19286	12.20505	-65.0936	19.52808	50.44754	129.37353	45.56552	-19.52808	-43.12451	0
9651	-38.24249	-96.82673	-54.51589	53.70222	13.01872	-70.78929	20.34175	68.34828	142.39225	52.07488	-8.1367	-42.31084	0
9652	-42.31084	-98.45407	-65.90727	64.27993	15.45973	-83.80801	14.64606	78.11232	145.64693	56.9569	0	-47.19286	0
9653	-41.49717	-99.26774	-73.2303	71.60296	18.71441	-91.94471	10.57771	80.55333	145.64693	57.77057	4.06835	-50.44754	0
9654	-35.80148	-100.08141	-81.367	71.60296	28.47845	-96.82673	11.39138	78.11232	146.4606	54.51589	3.25468	-52.07488	0
9655	-26.85111	-102.52242	-91.13104	68.34828	43.12451	-100.08141	16.2734	75.67131	148.90161	48.8202	0	-55.32956	0
9656	-18.71441	-100.08141	-100.08141	58.58424	54.51589	-104.14976	21.96909	70.78929	146.4606	37.42882	-5.69569	-60.21158	0
9657	-10.57771	-94.38572	-106.59077	44.75185	59.39791	-108.21811	23.59643	61.02525	135.88289	25.22377	-13.83239	-65.0936	0
9658	-2.44101	-91.13104	-108.21811	32.5468	59.39791	-105.7771	20.34175	48.8202	122.0505	16.2734	-21.96909	-68.34828	0
9659	-1.62734	-88.69003	-101.70875	30.10579	52.07488	-96.01306	17.90074	39.86983	114.72747	14.64606	-25.22377	-69.16195	0
9660	-13.83239	-89.5037	-90.31737	39.05616	34.17414	-84.62168	17.08707	38.24249	117.16848	20.34175	-26.03744	-65.90727	0
9661	-33.36047	-95.19939	-74.04397	55.32956	13.01872	-76.48498	20.34175	47.19286	126.93252	29.29212	-26.85111	-63.46626	0
9662	-52.07488	-101.70875	-52.88855	69.97562	-7.32303	-70.78929	24.4101	60.21158	137.51023	37.42882	-31.73313	-60.21158	0
9663	-66.72094	-109.84545	-35.80148	82.99434	-25.22377	-69.16195	29.29212	71.60296	143.20592	41.49717	-37.42882	-57.77057	0
9664	-74.04397	-117.98215	-27.66478	91.94471	-30.91946	-73.2303	35.80148	75.67131	145.64693	43.12451	-39.86983	-57.77057	0
9665	-65.90727	-117.98215	-32.5468	88.69003	-18.71441	-80.55333	45.56552	74.04397	147.27427	42.31084	-36.61515	-56.9569	0
9666	-38.24249	-105.7771	-50.44754	70.78929	6.50936	-87.87636	52.88855	71.60296	146.4606	39.05616	-28.47845	-53.70222	0
9667	-3.25468	-87.87636	-77.29865	45.56552	35.80148	-95.19939	53.70222	64.27993	145.64693	34.98781	-24.4101	-52.88855	0
9668	25.22377	-74.85764	-100.08141	25.22377	61.83892	-99.26774	48.00653	54.51589	139.13757	26.03744	-31.73313	-60.21158	0
9669	35.80148	-74.85764	-110.65912	18.71441	74.85764	-97.6404	43.12451	48.00653	126.93252	14.64606	-45.56552	-72.41663	0
9670	26.03744	-82.18067	-109.03178	26.03744	69.97562	-91.13104	41.49717	47.19286	117.98215	8.1367	-51.26121	-78.92599	0
9671	8.95037	-87.06269	-100.89508	35.80148	53.70222	-82.18067	43.12451	53.70222	120.42316	10.57771	-48.8202	-77.29865	0
9672	-8.1367	-92.75838	-87.87636	44.75185	33.36047	-77.29865	47.19286	64.27993	132.62821	17.08707	-43.12451	-69.97562	0
9673	-17.08707	-104.96343	-79.73966	49.63387	19.52808	-83.80801	48.8202	72.41663	147.27427	23.59643	-39.05616	-63.46626	0
9674	-16.2734	-112.28646	-82.99434	53.70222	21.15542	-92.75838	48.00653	76.48498	159.47932	28.47845	-35.80148	-61.02525	0
9675	-13.83239	-112.28646	-87.06269	64.27993	26.85111	-98.45407	46.37919	77.29865	165.98868	33.36047	-33.36047	-61.02525	0
9676	-21.15542	-112.28646	-82.99434	73.2303	24.4101	-98.45407	44.75185	74.85764	163.54767	37.42882	-32.5468	-61.83892	0
9677	-34.98781	-114.72747	-75.67131	76.48498	15.45973	-98.45407	42.31084	71.60296	152.96996	38.24249	-34.17414	-65.90727	0
9678	-43.93818	-117.98215	-74.04397	75.67131	8.95037	-102.52242	39.05616	65.90727	138.3239	37.42882	-35.80148	-69.97562	0
9679	-45.56552	-120.42316	-74.85764	74.04397	8.95037	-104.14976	36.61515	61.83892	126.11885	35.80148	-34.17414	-72.41663	0
9680	-48.00653	-122.0505	-73.2303	75.67131	8.1367	-101.70875	36.61515	61.83892	121.23683	34.17414	-32.5468	-73.2303	0
9681	-48.00653	-117.98215	-69.16195	80.55333	7.32303	-96.01306	37.42882	62.65259	122.86417	35.80148	-30.91946	-72.41663	0
9682	-40.6835	-109.84545	-68.34828	87.06269	11.39138	-90.31737	38.24249	62.65259	126.11885	37.42882	-29.29212	-72.41663	0
9683	-30.10579	-100.08141	-73.2303	86.24902	21.15542	-89.5037	36.61515	61.83892	131.00087	34.98781	-31.73313	-74.04397	0
9684	-17.08707	-92.75838	-82.18067	75.67131	32.5468	-91.94471	33.36047	59.39791	135.88289	28.47845	-39.86983	-74.85764	0
9685	-3.25468	-91.94471	-97.6404	60.21158	44.75185	-98.45407	33.36047	54.51589	135.06922	23.59643	-47.19286	-77.29865	0
9686	7.32303	-89.5037	-111.47279	43.12451	58.58424	-103.33609	36.61515	48.8202	126.93252	26.85111	-47.19286	-78.92599	0
9687	17.90074	-82.18067	-114.72747	28.47845	67.53461	-102.52242	38.24249	45.56552	117.98215	33.36047	-41.49717	-78.11232	0
9688	24.4101	-74.85764	-102.52242	17.90074	62.65259	-96.82673	34.17414	43.93818	113.10013	36.61515	-39.05616	-77.29865	0
9689	28.47845	-69.16195	-83.80801	13.01872	48.8202	-87.06269	26.85111	44.75185	115.54114	39.05616	-34.98781	-74.85764	0
9690	30.10579	-65.90727	-74.04397	12.20505	41.49717	-78.11232	23.59643	43.93818	124.49151	43.12451	-27.66478	-69.16195	0
9691	28.47845	-68.34828	-77.29865	15.45973	43.12451	-78.11232	22.78276	44.75185	134.25555	41.49717	-20.34175	-69.16195	0
9692	23.59643	-78.11232	-87.06269	23.59643	48.00653	-85.43535	20.34175	51.26121	141.57858	30.91946	-17.90074	-73.2303	0
9693	12.20505	-91.13104	-96.01306	37.42882	50.44754	-95.19939	18.71441	56.9569	140.76491	17.90074	-22.78276	-75.67131	0
9694	0	-102.52242	-100.08141	50.44754	48.8202	-102.52242	19.52808	55.32956	131.00087	12.20505	-30.10579	-75.67131	0
9695	-13.83239	-111.47279	-98.45407	58.58424	42.31084	-105.7771	22.78276	51.26121	117.16848	9.76404	-36.61515	-78.11232	0
9696	-24.4101	-113.9138	-91.13104	62.65259	33.36047	-103.33609	25.22377	48.8202	103.33609	4.88202	-44.75185	-83.80801	0
9697	-27.66478	-107.40444	-77.29865	65.90727	25.22377	-90.31737	26.85111	48.00653	93.57205	-0.81367	-49.63387	-91.94471	0
9698	-31.73313	-97.6404	-58.58424	66.72094	13.83239	-72.41663	29.29212	47.19286	87.06269	-5.69569	-46.37919	-98.45407	0
9699	-41.49717	-87.87636	-41.49717	61.83892	1.62734	-58.58424	30.10579	39.86983	82.99434	-3.25468	-40.6835	-99.26774	0
9700	-47.19286	-78.92599	-31.73313	55.32956	-5.69569	-52.88855	33.36047	30.91946	83.80801	4.06835	-38.24249	-93.57205	0
9701	-39.86983	-71.60296	-33.36047	47.19286	-2.44101	-51.26121	36.61515	25.22377	87.87636	16.2734	-34.17414	-83.80801	0
9702	-26.03744	-68.34828	-48.00653	38.24249	8.1367	-58.58424	40.6835	23.59643	96.82673	28.47845	-30.10579	-73.2303	0
9703	-13.01872	-68.34828	-73.2303	30.10579	21.96909	-73.2303	43.12451	21.15542	107.40444	35.80148	-26.03744	-66.72094	0
9704	-1.62734	-74.04397	-98.45407	29.29212	37.42882	-91.13104	43.12451	18.71441	112.28646	35.80148	-26.85111	-65.0936	0
9705	4.06835	-84.62168	-114.72747	34.17414	50.44754	-104.96343	40.6835	17.08707	110.65912	29.29212	-31.73313	-68.34828	0
9706	0.81367	-96.01306	-114.72747	44.75185	52.07488	-109.03178	37.42882	17.90074	101.70875	23.59643	-32.5468	-71.60296	0
9707	-15.45973	-106.59077	-104.14976	61.02525	42.31084	-104.96343	36.61515	20.34175	89.5037	21.96909	-29.29212	-72.41663	0
9708	-39.05616	-115.54114	-96.01306	78.11232	31.73313	-99.26774	38.24249	23.59643	79.73966	24.4101	-25.22377	-72.41663	0
9709	-58.58424	-126.11885	-90.31737	92.75838	21.96909	-99.26774	39.86983	27.66478	75.67131	26.85111	-22.78276	-70.78929	0
9710	-65.90727	-137.51023	-90.31737	101.70875	17.90074	-106.59077	38.24249	32.5468	78.92599	27.66478	-21.96909	-67.53461	0
9711	-57.77057	-144.83326	-98.45407	100.08141	24.4101	-114.72747	34.17414	35.80148	84.62168	25.22377	-21.96909	-66.72094	0
9712	-35.80148	-142.39225	-110.65912	87.87636	39.05616	-117.16848	32.5468	33.36047	88.69003	21.15542	-21.96909	-69.16195	0
9713	-8.1367	-128.55986	-117.98215	66.72094	56.14323	-114.72747	33.36047	30.10579	92.75838	20.34175	-22.78276	-71.60296	0
9714	17.90074	-109.84545	-123.67784	43.93818	72.41663	-111.47279	34.17414	28.47845	96.82673	24.4101	-26.03744	-70.78929	0
9715	34.98781	-97.6404	-126.11885	28.47845	81.367	-108.21811	31.73313	28.47845	100.08141	29.29212	-27.66478	-68.34828	0
9716	27.66478	-94.38572	-115.54114	24.4101	71.60296	-101.70875	29.29212	26.03744	100.89508	33.36047	-30.91946	-65.90727	0
9717	4.06835	-91.13104	-90.31737	23.59643	46.37919	-89.5037	27.66478	23.59643	100.08141	39.86983	-34.17414	-61.02525	0
9718	-12.20505	-82.18067	-66.72094	22.78276	25.22377	-74.04397	28.47845	23.59643	99.26774	48.00653	-34.98781	-56.14323	0
9719	-9.76404	-67.53461	-54.51589	20.34175	21.15542	-61.83892	31.73313	26.03744	100.89508	56.14323	-26.85111	-50.44754	0
9720	4.06835	-53.70222	-44.75185	18.71441	24.4101	-50.44754	37.42882	32.5468	106.59077	67.53461	-12.20505	-43.93818	0
9721	15.45973	-41.49717	-30.91946	17.08707	22.78276	-39.86983	43.93818	43.12451	113.9138	78.92599	1.62734	-37.42882	0
9722	14.64606	-32.5468	-18.71441	16.2734	16.2734	-30.10579	48.8202	48.8202	121.23683	85.43535	7.32303	-34.17414	0
9723	8.1367	-26.85111	-13.83239	16.2734	10.57771	-24.4101	49.63387	48.00653	126.93252	86.24902	5.69569	-35.80148	0
9724	-0.81367	-29.29212	-16.2734	20.34175	5.69569	-25.22377	46.37919	41.49717	127.74619	79.73966	0	-39.86983	0
9725	-12.20505	-43.12451	-26.03744	30.10579	4.06835	-33.36047	41.49717	31.73313	122.0505	68.34828	-8.1367	-46.37919	0
9726	-20.34175	-61.02525	-39.86983	41.49717	7.32303	-47.19286	36.61515	21.15542	111.47279	55.32956	-14.64606	-53.70222	0
9727	-19.52808	-66.72094	-48.00653	49.63387	11.39138	-54.51589	34.17414	13.01872	100.89508	46.37919	-17.08707	-61.02525	0
9728	-13.01872	-52.07488	-46.37919	48.8202	15.45973	-48.8202	34.98781	13.01872	93.57205	44.75185	-14.64606	-63.46626	0
9729	-7.32303	-27.66478	-35.80148	38.24249	11.39138	-37.42882	39.86983	22.78276	96.01306	50.44754	-7.32303	-61.02525	0
9730	-3.25468	-8.1367	-14.64606	21.96909	-1.62734	-21.15542	45.56552	39.05616	112.28646	62.65259	0	-53.70222	0
9731	-1.62734	3.25468	8.95037	10.57771	-13.01872	-4.06835	51.26121	55.32956	139.13757	78.92599	8.95037	-46.37919	0
9732	-2.44101	8.1367	30.91946	4.06835	-16.2734	11.39138	52.07488	66.72094	165.17501	93.57205	17.90074	-39.86983	0
9733	-8.1367	11.39138	47.19286	1.62734	-19.52808	24.4101	46.37919	68.34828	177.38006	102.52242	23.59643	-35.80148	0
9734	-13.01872	17.08707	53.70222	0	-23.59643	32.5468	34.17414	57.77057	172.49804	104.14976	25.22377	-33.36047	0
9735	-5.69569	30.10579	51.26121	-12.20505	-23.59643	39.05616	18.71441	37.42882	157.03831	101.70875	24.4101	-26.03744	0
9736	13.83239	52.88855	42.31084	-33.36047	-18.71441	48.8202	4.88202	16.2734	137.51023	97.6404	26.85111	-17.08707	0
9737	34.98781	74.04397	33.36047	-52.07488	-10.57771	59.39791	-7.32303	-1.62734	119.60949	92.75838	29.29212	-10.57771	0
9738	51.26121	85.43535	28.47845	-62.65259	-3.25468	64.27993	-20.34175	-14.64606	107.40444	85.43535	25.22377	-13.83239	0
9739	60.21158	86.24902	22.78276	-65.90727	4.06835	60.21158	-31.73313	-19.52808	101.70875	79.73966	16.2734	-21.96909	0
9740	61.83892	83.80801	13.83239	-65.0936	17.08707	52.07488	-34.98781	-18.71441	98.45407	81.367	14.64606	-26.03744	0
9741	56.9569	85.43535	5.69569	-59.39791	30.10579	46.37919	-27.66478	-17.08707	97.6404	91.13104	21.96909	-23.59643	0
9742	50.44754	82.99434	1.62734	-52.07488	34.17414	39.05616	-18.71441	-13.83239	100.08141	97.6404	32.5468	-26.03744	0
9743	43.93818	69.16195	-2.44101	-43.93818	33.36047	27.66478	-15.45973	-13.01872	102.52242	95.19939	39.86983	-34.17414	0
9744	34.17414	51.26121	-2.44101	-37.42882	26.03744	18.71441	-16.2734	-15.45973	104.14976	88.69003	38.24249	-40.6835	0
9745	14.64606	33.36047	6.50936	-29.29212	8.1367	16.2734	-20.34175	-23.59643	101.70875	79.73966	26.85111	-43.12451	0
9746	-5.69569	18.71441	20.34175	-17.08707	-13.83239	17.08707	-26.03744	-32.5468	96.01306	69.16195	13.01872	-42.31084	0
9747	-18.71441	8.1367	28.47845	-3.25468	-30.10579	17.08707	-31.73313	-38.24249	88.69003	58.58424	1.62734	-36.61515	0
9748	-24.4101	3.25468	30.10579	4.06835	-37.42882	16.2734	-37.42882	-41.49717	81.367	52.07488	-1.62734	-31.73313	0
9749	-20.34175	2.44101	22.78276	4.88202	-30.10579	12.20505	-39.86983	-39.86983	78.11232	51.26121	0.81367	-29.29212	0
9750	-4.06835	-0.81367	0	0.81367	-7.32303	-0.81367	-39.05616	-34.17414	80.55333	56.9569	8.95037	-28.47845	0
9751	13.83239	-13.01872	-30.10579	-1.62734	17.08707	-21.96909	-32.5468	-23.59643	86.24902	65.90727	17.90074	-26.03744	0
9752	27.66478	-26.85111	-55.32956	-0.81367	32.5468	-42.31084	-16.2734	-8.95037	93.57205	74.04397	26.03744	-21.15542	0
9753	30.91946	-37.42882	-67.53461	2.44101	38.24249	-54.51589	0	2.44101	98.45407	78.92599	30.10579	-18.71441	0
9754	24.4101	-45.56552	-70.78929	8.95037	39.05616	-60.21158	6.50936	5.69569	97.6404	77.29865	28.47845	-20.34175	0
9755	16.2734	-55.32956	-72.41663	16.2734	39.05616	-65.90727	5.69569	2.44101	91.94471	68.34828	23.59643	-26.03744	0
9756	13.01872	-65.90727	-79.73966	21.96909	43.12451	-74.04397	0.81367	-6.50936	82.99434	54.51589	15.45973	-34.17414	0
9757	16.2734	-73.2303	-86.24902	23.59643	49.63387	-82.18067	0	-17.08707	74.04397	42.31084	10.57771	-39.86983	0
9758	21.15542	-79.73966	-88.69003	23.59643	51.26121	-91.13104	3.25468	-24.4101	66.72094	35.80148	8.95037	-40.6835	0
9759	25.22377	-86.24902	-90.31737	26.85111	51.26121	-97.6404	6.50936	-27.66478	59.39791	29.29212	3.25468	-42.31084	0
9760	25.22377	-90.31737	-93.57205	31.73313	52.07488	-100.08141	4.06835	-26.03744	51.26121	23.59643	-6.50936	-48.8202	0
9761	17.08707	-91.13104	-96.82673	34.98781	50.44754	-100.89508	1.62734	-17.90074	47.19286	20.34175	-15.45973	-56.9569	0
9762	2.44101	-91.94471	-96.01306	37.42882	45.56552	-103.33609	3.25468	-11.39138	45.56552	18.71441	-21.15542	-63.46626	0
9763	-4.06835	-93.57205	-96.01306	44.75185	45.56552	-104.14976	8.95037	-10.57771	45.56552	16.2734	-24.4101	-69.97562	0
9764	-0.81367	-96.01306	-101.70875	56.9569	52.88855	-105.7771	13.83239	-17.08707	43.12451	11.39138	-28.47845	-74.04397	0
9765	0	-100.89508	-105.7771	66.72094	55.32956	-107.40444	14.64606	-27.66478	38.24249	4.06835	-34.98781	-78.11232	0
9766	-11.39138	-111.47279	-106.59077	77.29865	51.26121	-108.21811	13.01872	-38.24249	31.73313	-2.44101	-44.75185	-83.80801	0
9767	-28.47845	-123.67784	-109.84545	87.87636	48.00653	-110.65912	13.01872	-46.37919	27.66478	-7.32303	-53.70222	-88.69003	0
9768	-38.24249	-135.06922	-116.35481	93.57205	48.00653	-116.35481	12.20505	-48.8202	27.66478	-7.32303	-56.14323	-88.69003	0
9769	-36.61515	-143.20592	-125.30518	91.94471	51.26121	-126.11885	9.76404	-47.19286	31.73313	-4.88202	-53.70222	-88.69003	0
9770	-30.91946	-147.27427	-132.62821	88.69003	55.32956	-133.44188	8.1367	-40.6835	41.49717	0.81367	-49.63387	-88.69003	0
9771	-27.66478	-148.90161	-135.88289	86.24902	56.9569	-132.62821	11.39138	-32.5468	56.14323	9.76404	-45.56552	-86.24902	0
9772	-28.47845	-147.27427	-133.44188	85.43535	57.77057	-125.30518	18.71441	-22.78276	70.78929	17.90074	-42.31084	-80.55333	0
9773	-32.5468	-144.01959	-125.30518	86.24902	54.51589	-117.98215	27.66478	-11.39138	79.73966	21.15542	-40.6835	-74.85764	0
9774	-35.80148	-141.57858	-114.72747	87.87636	46.37919	-113.9138	34.98781	0	78.11232	18.71441	-40.6835	-72.41663	0
9775	-34.17414	-140.76491	-108.21811	88.69003	40.6835	-115.54114	39.86983	5.69569	67.53461	13.01872	-42.31084	-73.2303	0
9776	-28.47845	-142.39225	-107.40444	89.5037	41.49717	-119.60949	42.31084	4.06835	54.51589	7.32303	-43.93818	-74.04397	0
9777	-21.96909	-141.57858	-111.47279	86.24902	45.56552	-124.49151	44.75185	-3.25468	39.86983	5.69569	-39.86983	-69.16195	0
9778	-18.71441	-137.51023	-117.16848	78.92599	51.26121	-127.74619	46.37919	-10.57771	28.47845	9.76404	-30.91946	-59.39791	0
9779	-17.90074	-135.06922	-122.86417	74.85764	55.32956	-130.1872	43.12451	-17.08707	26.03744	16.2734	-25.22377	-54.51589	0
9780	-21.96909	-137.51023	-124.49151	76.48498	53.70222	-132.62821	37.42882	-23.59643	32.5468	18.71441	-26.03744	-59.39791	0
9781	-28.47845	-139.95124	-117.98215	81.367	45.56552	-131.00087	32.5468	-28.47845	43.12451	16.2734	-31.73313	-71.60296	0
9782	-34.98781	-145.64693	-112.28646	86.24902	35.80148	-131.00087	29.29212	-23.59643	52.88855	16.2734	-34.17414	-82.18067	0
9783	-40.6835	-156.22464	-113.10013	88.69003	28.47845	-136.69656	30.10579	-9.76404	65.90727	18.71441	-34.17414	-90.31737	0
9784	-44.75185	-166.80235	-114.72747	93.57205	26.85111	-140.76491	34.17414	0.81367	80.55333	17.90074	-37.42882	-96.01306	0
9785	-45.56552	-177.38006	-117.16848	101.70875	33.36047	-142.39225	32.5468	-0.81367	84.62168	10.57771	-45.56552	-100.89508	0
9786	-43.12451	-186.33043	-125.30518	108.21811	46.37919	-148.08794	24.4101	-16.2734	74.04397	0	-56.14323	-104.14976	0
9787	-38.24249	-184.70309	-131.00087	109.03178	60.21158	-151.34262	15.45973	-36.61515	52.88855	-6.50936	-65.0936	-104.96343	0
9788	-34.17414	-173.31171	-131.00087	103.33609	67.53461	-148.08794	6.50936	-60.21158	21.15542	-12.20505	-67.53461	-104.14976	0
9789	-32.5468	-159.47932	-128.55986	96.82673	66.72094	-143.20592	-2.44101	-96.01306	-22.78276	-21.96909	-65.90727	-100.08141	0
9790	-33.36047	-146.4606	-122.0505	87.06269	57.77057	-136.69656	-13.01872	-150.52895	-87.06269	-37.42882	-64.27993	-91.13104	0
9791	-38.24249	-136.69656	-109.84545	74.04397	43.12451	-127.74619	-27.66478	-225.38659	-174.93905	-61.83892	-63.46626	-76.48498	0
9792	-40.6835	-122.0505	-87.87636	61.83892	25.22377	-109.03178	-48.8202	-316.51763	-284.7845	-93.57205	-61.83892	-56.14323	0
9793	-39.05616	-87.06269	-51.26121	46.37919	5.69569	-73.2303	-74.04397	-414.15803	-410.90335	-125.30518	-54.51589	-26.85111	0
9794	-34.17414	-32.5468	0	21.96909	-17.90074	-19.52808	-105.7771	-515.05311	-545.97257	-152.96996	-34.98781	13.83239	0
9795	-26.03744	34.98781	60.21158	-10.57771	-44.75185	45.56552	-144.01959	-622.45755	-689.17849	-175.75272	3.25468	69.16195	0
9796	-8.1367	119.60949	127.74619	-57.77057	-69.16195	122.86417	-183.88942	-737.18502	-832.38441	-191.21245	61.02525	136.69656	0
9797	20.34175	221.31824	200.16282	-119.60949	-91.94471	210.74053	-222.13191	-860.86286	-972.33565	-196.90814	135.88289	215.62255	0
9798	47.19286	335.23204	286.41184	-190.39878	-122.0505	310.82194	-262.00174	-1008.13713	-1115.54157	-197.72181	223.75925	305.12625	0
9799	67.53461	466.23291	393.81628	-266.07009	-165.17501	430.43143	-309.1946	-1188.77187	-1275.02089	-192.83979	317.3313	398.6983	0
9800	82.18067	615.94819	520.7488	-352.31911	-216.43622	567.94166	-365.33783	-1397.07139	-1454.02829	-183.07575	410.08968	491.45668	0
9801	87.06269	765.66347	652.56334	-437.75446	-271.76578	707.8929	-439.3818	-1613.50761	-1645.24074	-169.24336	495.52503	578.51937	0
9802	85.43535	890.15498	774.61384	-502.03439	-323.02699	830.75707	-538.64954	-1817.73878	-1820.99346	-144.83326	561.4323	655.81802	0
9803	81.367	976.404	870.6269	-541.09055	-359.64214	921.88811	-651.74967	-1986.16847	-1948.73965	-101.70875	605.37048	719.28428	0
9804	79.73966	1010.57814	915.37875	-553.2956	-378.35655	960.94427	-749.39007	-2093.57291	-2006.51022	-58.58424	627.33957	750.20374	0
9805	82.18067	964.19895	873.88158	-528.07183	-365.33783	917.00609	-809.60165	-2117.16934	-1976.40443	-35.80148	605.37048	728.23465	0
9806	91.13104	820.17936	726.60731	-457.28254	-299.43056	772.17283	-826.68872	-2043.93904	-1852.72659	-33.36047	524.81715	649.30866	0
9807	96.82673	593.9791	497.15237	-344.99608	-192.83979	545.1589	-806.34697	-1888.52807	-1664.76882	-59.39791	384.86591	524.00348	0
9808	78.11232	316.51763	236.77797	-196.90814	-78.92599	276.6478	-762.40879	-1686.73791	-1470.30169	-142.39225	187.95777	365.33783	0
9809	33.36047	26.85111	-8.95037	-30.10579	17.90074	8.95037	-717.65694	-1484.13408	-1327.90944	-302.68524	-41.49717	196.09447	0
9810	-17.08707	-225.38659	-213.18154	120.42316	95.19939	-219.6909	-686.73748	-1313.26338	-1251.42446	-523.18981	-266.07009	45.56552	0
9811	-51.26121	-414.15803	-366.1515	231.89595	154.5973	-391.37527	-671.27775	-1179.00783	-1219.69133	-741.25337	-439.3818	-67.53461	0
9812	-61.83892	-535.39486	-473.55594	297.80322	203.4175	-502.03439	-659.0727	-1063.46669	-1212.3683	-895.037	-542.71789	-145.64693	0
9813	-55.32956	-592.35176	-538.64954	321.39965	240.84632	-556.55028	-635.47627	-944.67087	-1196.0949	-981.28602	-589.91075	-193.65346	0
9814	-41.49717	-602.1158	-567.94166	317.3313	266.07009	-572.01001	-592.35176	-804.71963	-1135.88332	-999.18676	-595.60644	-216.43622	0
9815	-25.22377	-586.65607	-572.01001	300.24423	277.46147	-567.94166	-527.25816	-644.42664	-1026.03787	-950.36656	-567.94166	-221.31824	0
9816	-16.2734	-566.31432	-558.99129	282.34349	274.20679	-554.92294	-447.5185	-481.69264	-881.20461	-854.3535	-519.93513	-217.24989	0
9817	-18.71441	-548.41358	-535.39486	267.69743	258.74706	-537.83587	-365.33783	-338.48672	-724.97997	-738.81236	-462.97823	-210.74053	0
9818	-24.4101	-527.25816	-507.73008	256.30605	240.03265	-515.86678	-288.85285	-229.45494	-572.82368	-622.45755	-404.39399	-200.16282	0
9819	-26.85111	-497.96604	-476.81062	246.54201	222.94558	-488.202	-225.38659	-153.78363	-434.49978	-514.23944	-349.06443	-187.1441	0
9820	-28.47845	-466.23291	-443.45015	236.77797	206.67218	-456.46887	-173.31171	-103.33609	-314.07662	-417.41271	-295.36221	-171.68437	0
9821	-26.03744	-433.68611	-411.71702	224.57292	188.77144	-424.73574	-129.37353	-67.53461	-215.62255	-333.6047	-246.54201	-153.78363	0
9822	-18.71441	-401.13931	-383.23857	208.29952	172.49804	-394.62995	-90.31737	-42.31084	-136.69656	-264.44275	-206.67218	-136.69656	0
9823	-11.39138	-366.96517	-354.76012	189.58511	159.47932	-363.71049	-55.32956	-17.90074	-70.78929	-205.85851	-170.8707	-119.60949	0
9824	-6.50936	-331.16369	-323.84066	170.05703	148.08794	-329.53635	-23.59643	13.83239	-12.20505	-152.96996	-134.25555	-101.70875	0
9825	-7.32303	-295.36221	-287.22551	152.15629	132.62821	-292.9212	3.25468	51.26121	39.05616	-108.21811	-102.52242	-87.87636	0
9826	-10.57771	-258.74706	-247.35568	135.06922	113.9138	-253.86504	22.78276	87.06269	80.55333	-73.2303	-79.73966	-80.55333	0
9827	-11.39138	-224.57292	-212.36787	118.79582	96.82673	-218.87723	34.98781	115.54114	110.65912	-48.00653	-65.90727	-74.85764	0
9828	-8.95037	-192.83979	-185.51676	100.89508	85.43535	-189.58511	45.56552	138.3239	134.25555	-27.66478	-55.32956	-65.90727	0
9829	0.81367	-161.10666	-167.61602	78.92599	82.99434	-166.80235	61.02525	153.78363	158.66565	-9.76404	-42.31084	-55.32956	0
9830	15.45973	-125.30518	-152.15629	56.14323	83.80801	-148.90161	79.73966	168.42969	183.07575	9.76404	-29.29212	-45.56552	0
9831	23.59643	-96.01306	-137.51023	43.12451	81.367	-131.00087	95.19939	182.26208	203.4175	30.91946	-20.34175	-43.12451	0
9832	23.59643	-85.43535	-123.67784	39.86983	77.29865	-116.35481	106.59077	192.02612	218.06356	47.19286	-13.01872	-48.00653	0
9833	18.71441	-89.5037	-114.72747	43.12451	71.60296	-109.03178	113.9138	200.16282	227.01393	56.9569	-9.76404	-55.32956	0
9834	11.39138	-99.26774	-111.47279	49.63387	65.0936	-109.03178	117.98215	206.67218	229.45494	61.02525	-8.95037	-58.58424	0
9835	5.69569	-111.47279	-111.47279	56.9569	58.58424	-112.28646	117.98215	206.67218	227.01393	62.65259	-7.32303	-56.14323	0
9836	0.81367	-119.60949	-113.10013	62.65259	54.51589	-115.54114	116.35481	200.97649	222.13191	62.65259	-5.69569	-50.44754	0
9837	-1.62734	-119.60949	-113.9138	64.27993	51.26121	-117.16848	114.72747	192.83979	217.24989	61.83892	-2.44101	-46.37919	0
9838	-5.69569	-115.54114	-113.10013	65.0936	48.8202	-117.16848	112.28646	187.95777	218.06356	63.46626	0.81367	-42.31084	0
9839	-6.50936	-107.40444	-112.28646	60.21158	49.63387	-113.9138	109.84545	187.95777	227.01393	69.97562	6.50936	-36.61515	0
9840	-0.81367	-98.45407	-109.84545	52.07488	52.88855	-108.21811	109.84545	194.46713	235.15063	76.48498	9.76404	-31.73313	0
9841	4.06835	-88.69003	-106.59077	41.49717	56.14323	-100.89508	110.65912	203.4175	239.21898	78.11232	8.1367	-32.5468	0
9842	10.57771	-84.62168	-110.65912	31.73313	65.0936	-96.01306	112.28646	210.74053	240.03265	76.48498	3.25468	-34.98781	0
9843	17.08707	-90.31737	-123.67784	25.22377	76.48498	-95.19939	112.28646	215.62255	235.9643	72.41663	-0.81367	-38.24249	0
9844	26.03744	-100.08141	-137.51023	21.96909	87.06269	-101.70875	110.65912	214.80888	231.89595	69.16195	-5.69569	-43.12451	0
9845	38.24249	-99.26774	-144.83326	20.34175	95.19939	-106.59077	109.03178	208.29952	228.64127	67.53461	-9.76404	-47.19286	0
9846	48.00653	-90.31737	-141.57858	19.52808	96.01306	-105.7771	108.21811	197.72181	226.20026	66.72094	-12.20505	-48.8202	0
9847	42.31084	-79.73966	-123.67784	21.15542	82.18067	-100.08141	109.84545	188.77144	225.38659	67.53461	-8.95037	-48.8202	0
9848	26.85111	-66.72094	-96.82673	21.96909	59.39791	-90.31737	116.35481	187.95777	229.45494	70.78929	-0.81367	-46.37919	0
9849	6.50936	-56.9569	-68.34828	22.78276	34.98781	-76.48498	125.30518	193.65346	240.03265	78.92599	8.1367	-39.86983	0
9850	-21.15542	-65.0936	-49.63387	24.4101	12.20505	-69.97562	131.81454	203.4175	254.67871	91.13104	14.64606	-33.36047	0
9851	-45.56552	-90.31737	-49.63387	29.29212	0.81367	-79.73966	135.88289	212.36787	272.57945	100.89508	15.45973	-30.91946	0
9852	-44.75185	-109.84545	-66.72094	38.24249	3.25468	-94.38572	138.3239	218.87723	287.22551	109.03178	13.01872	-30.10579	0
9853	-29.29212	-115.54114	-86.24902	46.37919	7.32303	-104.96343	138.3239	223.75925	296.98955	112.28646	13.83239	-30.10579	0
9854	-21.15542	-117.16848	-95.19939	52.07488	8.1367	-108.21811	137.51023	231.89595	303.49891	113.9138	19.52808	-28.47845	0
9855	-23.59643	-113.9138	-92.75838	52.07488	12.20505	-104.14976	135.88289	245.72834	307.56726	116.35481	28.47845	-22.78276	0
9856	-25.22377	-100.89508	-83.80801	44.75185	17.90074	-91.94471	133.44188	259.56073	305.93992	119.60949	37.42882	-14.64606	0
9857	-23.59643	-82.99434	-72.41663	37.42882	21.15542	-77.29865	131.00087	266.07009	301.0579	119.60949	43.93818	-8.95037	0
9858	-21.96909	-68.34828	-60.21158	34.98781	18.71441	-65.0936	131.00087	266.88376	296.98955	119.60949	48.00653	-5.69569	0
9859	-24.4101	-56.9569	-48.8202	35.80148	13.83239	-54.51589	131.81454	266.88376	295.36221	122.0505	52.07488	-4.88202	0
9860	-26.03744	-48.8202	-37.42882	39.05616	7.32303	-45.56552	131.81454	267.69743	294.54854	123.67784	52.88855	-6.50936	0
9861	-24.4101	-45.56552	-30.91946	43.12451	4.06835	-41.49717	131.00087	270.13844	289.66652	121.23683	46.37919	-10.57771	0
9862	-20.34175	-50.44754	-31.73313	45.56552	6.50936	-42.31084	131.00087	270.95211	281.52982	113.10013	31.73313	-16.2734	0
9863	-18.71441	-61.02525	-34.17414	48.00653	11.39138	-44.75185	131.81454	267.69743	270.13844	102.52242	16.2734	-21.15542	0
9864	-16.2734	-67.53461	-39.05616	47.19286	16.2734	-48.8202	134.25555	262.81541	264.44275	95.19939	8.1367	-25.22377	0
9865	-8.1367	-64.27993	-45.56552	38.24249	23.59643	-50.44754	139.13757	262.81541	271.76578	97.6404	11.39138	-26.03744	0
9866	4.06835	-50.44754	-50.44754	21.96909	31.73313	-47.19286	144.83326	267.69743	288.85285	106.59077	21.96909	-20.34175	0
9867	22.78276	-31.73313	-52.88855	1.62734	42.31084	-40.6835	148.90161	274.20679	308.38093	116.35481	34.98781	-12.20505	0
9868	43.93818	-16.2734	-52.07488	-12.20505	53.70222	-34.98781	148.08794	282.34349	323.02699	122.86417	46.37919	-5.69569	0
9869	59.39791	-6.50936	-46.37919	-24.4101	57.77057	-29.29212	144.83326	292.9212	331.16369	125.30518	52.07488	-4.06835	0
9870	65.90727	-5.69569	-39.86983	-34.98781	50.44754	-26.03744	139.95124	305.93992	334.41837	122.86417	48.00653	-11.39138	0
9871	64.27993	-11.39138	-36.61515	-40.6835	39.86983	-26.85111	132.62821	318.14497	339.30039	117.98215	39.05616	-19.52808	0
9872	58.58424	-9.76404	-35.80148	-40.6835	34.17414	-24.4101	131.00087	327.90901	345.80975	114.72747	32.5468	-21.15542	0
9873	51.26121	-4.88202	-39.05616	-37.42882	32.5468	-21.96909	135.06922	332.79103	350.69177	113.9138	30.10579	-21.15542	0
9874	49.63387	-1.62734	-46.37919	-33.36047	38.24249	-22.78276	134.25555	333.6047	351.50544	113.10013	29.29212	-22.78276	0
9875	54.51589	1.62734	-54.51589	-29.29212	48.00653	-23.59643	130.1872	335.23204	349.06443	113.9138	30.10579	-20.34175	0
9876	56.14323	7.32303	-52.07488	-26.85111	50.44754	-20.34175	124.49151	340.11406	345.80975	115.54114	34.98781	-13.01872	0
9877	50.44754	13.83239	-42.31084	-25.22377	43.93818	-13.01872	118.79582	346.62342	342.55507	117.98215	43.12451	-3.25468	0
9878	43.93818	20.34175	-32.5468	-26.85111	35.80148	-6.50936	116.35481	354.76012	339.30039	122.0505	51.26121	4.88202	0
9879	37.42882	25.22377	-22.78276	-28.47845	29.29212	-0.81367	117.98215	362.89682	336.85938	124.49151	56.14323	9.76404	0
9880	35.80148	32.5468	-13.83239	-32.5468	24.4101	6.50936	125.30518	371.03352	335.23204	125.30518	56.9569	9.76404	0
9881	41.49717	44.75185	-4.06835	-42.31084	22.78276	17.90074	135.88289	377.54288	336.85938	125.30518	56.14323	6.50936	0
9882	45.56552	58.58424	8.95037	-52.07488	17.90074	30.91946	145.64693	384.05224	342.55507	124.49151	56.9569	3.25468	0
9883	47.19286	69.16195	21.96909	-59.39791	12.20505	43.12451	151.34262	388.93426	344.99608	120.42316	56.14323	0	0
9884	48.00653	77.29865	30.10579	-63.46626	8.1367	51.26121	151.34262	389.74793	340.11406	112.28646	50.44754	-6.50936	0
9885	44.75185	84.62168	40.6835	-65.0936	0.81367	61.83892	149.71528	390.5616	335.23204	108.21811	43.93818	-10.57771	0
9886	38.24249	94.38572	59.39791	-66.72094	-11.39138	77.29865	150.52895	398.6983	333.6047	109.03178	40.6835	-5.69569	0
9887	30.91946	100.89508	77.29865	-69.16195	-24.4101	92.75838	151.34262	410.90335	331.16369	110.65912	38.24249	4.88202	0
9888	21.15542	106.59077	92.75838	-69.16195	-37.42882	104.14976	151.34262	421.48106	329.53635	113.9138	40.6835	15.45973	0
9889	7.32303	112.28646	101.70875	-62.65259	-48.8202	108.21811	150.52895	429.61776	327.09534	117.16848	44.75185	20.34175	0
9890	1.62734	119.60949	99.26774	-56.14323	-49.63387	108.21811	149.71528	438.56813	324.65433	119.60949	48.8202	21.96909	0
9891	8.95037	126.93252	87.06269	-62.65259	-41.49717	112.28646	148.90161	446.70483	325.468	122.0505	52.07488	24.4101	0
9892	17.08707	138.3239	82.18067	-78.11232	-38.24249	121.23683	147.27427	453.21419	327.90901	125.30518	57.77057	30.10579	0
9893	22.78276	152.96996	91.94471	-92.75838	-42.31084	131.81454	147.27427	454.84153	326.28167	127.74619	67.53461	37.42882	0
9894	27.66478	162.734	111.47279	-101.70875	-50.44754	143.20592	150.52895	452.40052	320.58598	126.93252	79.73966	47.19286	0
9895	33.36047	168.42969	131.00087	-105.7771	-58.58424	152.96996	156.22464	449.14584	315.70396	124.49151	91.94471	56.14323	0
9896	41.49717	177.38006	144.01959	-110.65912	-61.02525	162.734	160.29299	449.95951	312.44928	125.30518	105.7771	65.90727	0
9897	52.88855	189.58511	152.96996	-124.49151	-58.58424	174.93905	161.92033	451.58685	309.1946	131.00087	121.23683	74.85764	0
9898	63.46626	203.4175	160.29299	-144.01959	-56.9569	194.46713	162.734	456.46887	305.12625	139.13757	135.06922	82.18067	0
9899	66.72094	217.24989	167.61602	-153.78363	-65.0936	213.18154	160.29299	457.28254	298.61689	143.20592	143.20592	90.31737	0
9900	61.83892	224.57292	180.63474	-145.64693	-81.367	222.94558	150.52895	451.58685	284.7845	139.13757	142.39225	96.01306	0
9901	51.26121	224.57292	193.65346	-131.81454	-94.38572	223.75925	135.06922	447.5185	267.69743	129.37353	136.69656	96.01306	0
9902	40.6835	225.38659	201.79016	-125.30518	-97.6404	220.50457	118.79582	443.45015	254.67871	117.98215	131.81454	91.94471	0
9903	33.36047	228.64127	206.67218	-125.30518	-96.82673	218.87723	104.96343	442.63648	246.54201	107.40444	127.74619	87.06269	0
9904	30.10579	238.40531	214.80888	-129.37353	-96.82673	225.38659	93.57205	444.26382	241.65999	98.45407	122.86417	86.24902	0
9905	27.66478	255.49238	230.26861	-132.62821	-103.33609	241.65999	87.87636	445.07749	238.40531	92.75838	122.0505	93.57205	0
9906	21.15542	276.6478	255.49238	-136.69656	-112.28646	264.44275	87.87636	445.89116	235.9643	88.69003	127.74619	107.40444	0
9907	10.57771	292.10753	279.90248	-139.95124	-121.23683	284.7845	91.13104	446.70483	228.64127	83.80801	139.13757	126.11885	0
9908	6.50936	302.68524	296.98955	-150.52895	-127.74619	302.68524	96.01306	441.82281	210.74053	81.367	149.71528	142.39225	0
9909	21.15542	310.00827	309.1946	-169.24336	-129.37353	323.02699	97.6404	429.61776	184.70309	78.92599	154.5973	152.96996	0
9910	43.12451	317.3313	319.77231	-183.07575	-126.11885	340.92773	89.5037	408.46234	154.5973	70.78929	152.15629	154.5973	0
9911	53.70222	331.97736	331.97736	-192.83979	-127.74619	353.13278	74.04397	385.67958	128.55986	60.21158	145.64693	153.78363	0
9912	49.63387	354.76012	342.55507	-203.4175	-138.3239	362.89682	60.21158	369.40618	110.65912	52.07488	139.13757	155.41097	0
9913	43.12451	374.2882	351.50544	-208.29952	-153.78363	371.03352	55.32956	363.71049	103.33609	51.26121	139.95124	159.47932	0
9914	37.42882	390.5616	361.26948	-213.99521	-163.54767	379.98389	58.58424	362.08315	101.70875	53.70222	146.4606	165.98868	0
9915	32.5468	407.64867	366.96517	-224.57292	-165.98868	388.12059	62.65259	357.20113	96.82673	50.44754	149.71528	171.68437	0
9916	31.73313	417.41271	368.59251	-231.89595	-164.36134	393.00261	61.83892	340.11406	80.55333	40.6835	144.01959	171.68437	0
9917	34.17414	418.22638	372.66086	-230.26861	-164.36134	394.62995	51.26121	313.26295	53.70222	26.85111	135.88289	168.42969	0
9918	39.86983	417.41271	384.86591	-228.64127	-165.17501	397.88463	36.61515	283.97083	23.59643	13.01872	129.37353	163.54767	0
9919	46.37919	421.48106	401.95298	-230.26861	-168.42969	402.76665	25.22377	263.62908	-1.62734	4.88202	129.37353	163.54767	0
9920	51.26121	432.87244	412.53069	-231.08228	-173.31171	410.90335	20.34175	246.54201	-23.59643	1.62734	135.88289	171.68437	0
9921	51.26121	440.19547	414.15803	-230.26861	-176.56639	416.59904	20.34175	226.20026	-48.8202	-4.88202	139.95124	180.63474	0
9922	39.86983	432.05877	408.46234	-222.94558	-182.26208	412.53069	20.34175	201.79016	-77.29865	-19.52808	134.25555	182.26208	0
9923	17.90074	414.15803	404.39399	-208.29952	-192.83979	404.39399	17.90074	178.19373	-102.52242	-35.80148	125.30518	178.19373	0
9924	-4.88202	395.44362	404.39399	-191.21245	-205.85851	397.07096	13.01872	156.22464	-122.86417	-49.63387	117.98215	171.68437	0
9925	-23.59643	381.61123	406.02133	-178.19373	-215.62255	392.18894	4.88202	131.81454	-141.57858	-62.65259	111.47279	165.98868	0
9926	-31.73313	378.35655	409.27601	-174.12538	-222.13191	393.81628	-5.69569	104.14976	-161.10666	-76.48498	106.59077	160.29299	0
9927	-21.96909	384.05224	411.71702	-180.63474	-218.87723	402.76665	-16.2734	75.67131	-181.44841	-88.69003	104.96343	155.41097	0
9928	1.62734	393.00261	406.02133	-194.46713	-201.79016	413.34436	-24.4101	48.00653	-205.04484	-98.45407	102.52242	152.96996	0
9929	18.71441	401.95298	390.5616	-210.74053	-178.19373	414.15803	-29.29212	22.78276	-232.70962	-109.03178	94.38572	150.52895	0
9930	21.15542	401.95298	375.10187	-216.43622	-163.54767	402.76665	-30.10579	0	-257.93339	-121.23683	79.73966	144.01959	0
9931	13.83239	388.93426	370.21985	-204.23117	-161.10666	387.30692	-29.29212	-15.45973	-270.95211	-131.00087	68.34828	139.13757	0
9932	2.44101	371.84719	371.03352	-185.51676	-166.80235	373.47453	-28.47845	-21.15542	-273.39312	-133.44188	63.46626	136.69656	0
9933	-8.95037	358.0148	368.59251	-168.42969	-174.12538	359.64214	-29.29212	-26.85111	-271.76578	-132.62821	62.65259	131.00087	0
9934	-17.90074	345.80975	358.82847	-160.29299	-175.75272	345.80975	-31.73313	-39.86983	-271.76578	-132.62821	58.58424	121.23683	0
9935	-17.90074	332.79103	343.36874	-157.03831	-170.05703	331.16369	-34.98781	-56.9569	-274.20679	-135.88289	48.8202	110.65912	0
9936	-10.57771	315.70396	323.84066	-153.78363	-164.36134	310.82194	-38.24249	-76.48498	-279.08881	-139.95124	35.80148	97.6404	0
9937	-3.25468	297.80322	302.68524	-152.15629	-163.54767	287.22551	-39.05616	-97.6404	-283.97083	-143.20592	26.03744	84.62168	0
9938	0.81367	282.34349	283.15716	-146.4606	-159.47932	266.88376	-39.05616	-116.35481	-286.41184	-143.20592	21.96909	76.48498	0
9939	8.95037	270.95211	260.3744	-131.81454	-142.39225	253.05137	-39.05616	-124.49151	-282.34349	-137.51023	21.96909	74.04397	0
9940	16.2734	254.67871	234.33696	-117.16848	-119.60949	235.9643	-39.86983	-122.86417	-275.02046	-127.74619	21.96909	69.16195	0
9941	13.83239	227.01393	209.11319	-103.33609	-103.33609	213.18154	-40.6835	-117.16848	-266.88376	-115.54114	15.45973	58.58424	0
9942	6.50936	198.53548	190.39878	-90.31737	-94.38572	191.21245	-42.31084	-108.21811	-253.05137	-104.96343	6.50936	46.37919	0
9943	0	175.75272	174.93905	-82.18067	-90.31737	171.68437	-43.12451	-98.45407	-231.89595	-95.19939	1.62734	38.24249	0
9944	-4.06835	159.47932	160.29299	-73.2303	-88.69003	150.52895	-41.49717	-87.06269	-207.48585	-83.80801	0	32.5468	0
9945	-7.32303	146.4606	140.76491	-61.83892	-82.18067	127.74619	-39.05616	-75.67131	-185.51676	-75.67131	0.81367	27.66478	0
9946	-8.95037	135.06922	125.30518	-54.51589	-74.04397	107.40444	-35.80148	-63.46626	-170.05703	-76.48498	4.06835	20.34175	0
9947	-11.39138	117.98215	122.86417	-42.31084	-70.78929	87.87636	-30.91946	-57.77057	-158.66565	-82.18067	5.69569	13.83239	0
9948	-17.90074	87.06269	123.67784	-21.96909	-68.34828	71.60296	-22.78276	-65.0936	-152.15629	-88.69003	0.81367	6.50936	0
9949	-30.91946	52.88855	117.98215	-8.95037	-67.53461	61.02525	-13.83239	-77.29865	-144.01959	-91.13104	-4.06835	-0.81367	0
9950	-39.05616	28.47845	104.96343	-6.50936	-65.0936	56.9569	-5.69569	-82.99434	-130.1872	-84.62168	-5.69569	-4.88202	0
9951	-36.61515	18.71441	89.5037	-8.95037	-57.77057	54.51589	0	-79.73966	-113.9138	-72.41663	-0.81367	-8.95037	0
9952	-30.91946	18.71441	75.67131	-13.83239	-51.26121	51.26121	3.25468	-69.97562	-98.45407	-57.77057	6.50936	-13.83239	0
9953	-21.96909	22.78276	64.27993	-17.08707	-41.49717	46.37919	4.06835	-56.9569	-80.55333	-40.6835	14.64606	-17.08707	0
9954	-9.76404	22.78276	52.07488	-17.90074	-26.03744	34.98781	1.62734	-44.75185	-60.21158	-23.59643	16.2734	-20.34175	0
9955	-4.88202	11.39138	34.98781	-9.76404	-13.01872	17.08707	-3.25468	-36.61515	-41.49717	-13.83239	8.1367	-25.22377	0
9956	-21.15542	-13.01872	14.64606	13.83239	-8.1367	-1.62734	-11.39138	-37.42882	-31.73313	-13.83239	-6.50936	-32.5468	0
9957	-53.70222	-45.56552	-2.44101	47.19286	-8.1367	-19.52808	-19.52808	-43.93818	-28.47845	-18.71441	-22.78276	-41.49717	0
9958	-78.92599	-69.97562	-13.83239	71.60296	-13.01872	-32.5468	-21.96909	-48.8202	-24.4101	-22.78276	-34.17414	-48.8202	0
9959	-78.92599	-79.73966	-18.71441	74.04397	-14.64606	-36.61515	-19.52808	-48.8202	-17.08707	-21.96909	-36.61515	-49.63387	0
9960	-61.83892	-80.55333	-19.52808	59.39791	-10.57771	-34.17414	-13.83239	-43.12451	-8.95037	-16.2734	-30.91946	-44.75185	0
9961	-45.56552	-75.67131	-17.90074	47.19286	-8.95037	-30.91946	-6.50936	-34.17414	-3.25468	-6.50936	-24.4101	-37.42882	0
9962	-40.6835	-74.04397	-15.45973	45.56552	-10.57771	-32.5468	-2.44101	-26.03744	0	0.81367	-22.78276	-32.5468	0
9963	-43.93818	-82.99434	-13.01872	57.77057	-15.45973	-37.42882	-2.44101	-21.15542	2.44101	4.06835	-24.4101	-29.29212	0
9964	-46.37919	-96.01306	-14.64606	74.85764	-21.96909	-46.37919	-7.32303	-20.34175	4.06835	4.06835	-25.22377	-29.29212	0
9965	-45.56552	-100.08141	-18.71441	81.367	-21.96909	-52.88855	-8.95037	-20.34175	11.39138	7.32303	-20.34175	-29.29212	0
9966	-41.49717	-91.94471	-20.34175	72.41663	-18.71441	-50.44754	-5.69569	-18.71441	24.4101	14.64606	-13.83239	-26.03744	0
9967	-38.24249	-82.18067	-17.90074	57.77057	-14.64606	-42.31084	-1.62734	-16.2734	38.24249	23.59643	-12.20505	-21.96909	0
9968	-42.31084	-72.41663	-11.39138	48.8202	-12.20505	-33.36047	0.81367	-12.20505	48.8202	27.66478	-13.83239	-21.15542	0
9969	-55.32956	-71.60296	-8.1367	48.8202	-15.45973	-33.36047	4.06835	-5.69569	54.51589	28.47845	-15.45973	-25.22377	0
9970	-66.72094	-81.367	-14.64606	50.44754	-18.71441	-43.93818	8.1367	0	55.32956	27.66478	-15.45973	-31.73313	0
9971	-65.90727	-92.75838	-25.22377	55.32956	-14.64606	-55.32956	10.57771	4.88202	57.77057	26.03744	-16.2734	-35.80148	0
9972	-53.70222	-97.6404	-34.98781	63.46626	-8.1367	-61.02525	12.20505	9.76404	63.46626	25.22377	-19.52808	-39.05616	0
9973	-45.56552	-92.75838	-45.56552	66.72094	-4.88202	-64.27993	8.95037	13.01872	65.90727	23.59643	-25.22377	-43.93818	0
9974	-43.93818	-82.18067	-52.07488	61.83892	-3.25468	-69.16195	3.25468	13.01872	63.46626	17.08707	-32.5468	-49.63387	0
9975	-42.31084	-75.67131	-53.70222	57.77057	0	-70.78929	-1.62734	11.39138	58.58424	8.95037	-39.05616	-54.51589	0
9976	-37.42882	-75.67131	-56.14323	56.9569	4.06835	-71.60296	-4.88202	8.95037	53.70222	2.44101	-42.31084	-57.77057	0
9977	-30.10579	-78.11232	-58.58424	60.21158	8.95037	-72.41663	-5.69569	7.32303	51.26121	-0.81367	-39.86983	-56.9569	0
9978	-22.78276	-79.73966	-58.58424	61.02525	10.57771	-70.78929	-3.25468	4.88202	55.32956	-3.25468	-33.36047	-53.70222	0
9979	-17.90074	-80.55333	-61.02525	58.58424	14.64606	-72.41663	-1.62734	0.81367	66.72094	-2.44101	-27.66478	-52.88855	0
9980	-13.83239	-86.24902	-70.78929	56.9569	22.78276	-78.92599	-2.44101	-0.81367	81.367	0.81367	-26.03744	-55.32956	0
9981	-7.32303	-91.94471	-78.11232	53.70222	34.17414	-85.43535	-5.69569	-0.81367	91.13104	4.06835	-30.91946	-61.02525	0
9982	-1.62734	-94.38572	-77.29865	50.44754	42.31084	-86.24902	-13.01872	0	92.75838	7.32303	-40.6835	-66.72094	0
9983	-4.06835	-95.19939	-71.60296	49.63387	40.6835	-83.80801	-17.08707	2.44101	88.69003	6.50936	-50.44754	-69.97562	0
9984	-17.90074	-96.01306	-61.83892	52.88855	27.66478	-79.73966	-14.64606	5.69569	83.80801	6.50936	-55.32956	-72.41663	0
9985	-38.24249	-97.6404	-48.00653	56.14323	8.1367	-73.2303	-5.69569	6.50936	79.73966	11.39138	-55.32956	-73.2303	0
9986	-54.51589	-99.26774	-38.24249	61.02525	-6.50936	-68.34828	4.06835	8.1367	76.48498	17.90074	-53.70222	-69.97562	0
9987	-63.46626	-103.33609	-37.42882	69.97562	-13.83239	-69.97562	10.57771	8.95037	75.67131	18.71441	-54.51589	-65.0936	0
9988	-65.90727	-108.21811	-43.12451	78.11232	-14.64606	-75.67131	9.76404	6.50936	76.48498	16.2734	-57.77057	-62.65259	0
9989	-65.90727	-112.28646	-49.63387	83.80801	-12.20505	-80.55333	6.50936	0.81367	78.11232	12.20505	-58.58424	-63.46626	0
9990	-63.46626	-115.54114	-56.9569	87.06269	-6.50936	-86.24902	4.88202	-4.06835	80.55333	6.50936	-56.9569	-65.0936	0
9991	-55.32956	-116.35481	-71.60296	88.69003	4.88202	-98.45407	4.88202	-7.32303	85.43535	0.81367	-56.14323	-62.65259	0
9992	-46.37919	-115.54114	-92.75838	91.13104	19.52808	-117.16848	8.1367	0	95.19939	-0.81367	-56.9569	-56.9569	0
9993	-33.36047	-115.54114	-110.65912	87.87636	30.91946	-130.1872	16.2734	19.52808	107.40444	3.25468	-51.26121	-51.26121	0
9994	-17.08707	-111.47279	-117.98215	74.85764	41.49717	-128.55986	27.66478	46.37919	118.79582	13.01872	-39.05616	-45.56552	0
9995	-0.81367	-104.96343	-117.16848	55.32956	52.88855	-117.98215	35.80148	67.53461	126.93252	24.4101	-26.03744	-39.86983	0
9996	13.01872	-100.08141	-112.28646	35.80148	60.21158	-103.33609	39.05616	74.85764	128.55986	31.73313	-15.45973	-37.42882	0
9997	16.2734	-94.38572	-101.70875	26.85111	57.77057	-90.31737	38.24249	71.60296	125.30518	32.5468	-11.39138	-38.24249	0
9998	4.88202	-100.89508	-91.94471	39.05616	47.19286	-88.69003	33.36047	62.65259	121.23683	27.66478	-16.2734	-43.93818	0
9999	-11.39138	-119.60949	-83.80801	67.53461	34.17414	-96.82673	26.03744	52.07488	121.23683	22.78276	-26.85111	-52.07488	0
10000	-29.29212	-129.37353	-72.41663	89.5037	19.52808	-98.45407	19.52808	44.75185	122.86417	19.52808	-34.98781	-57.77057	0
10001	-43.93818	-122.86417	-56.9569	93.57205	4.88202	-90.31737	16.2734	43.12451	124.49151	19.52808	-38.24249	-61.02525	0
10002	-51.26121	-109.03178	-43.12451	87.87636	-4.06835	-78.11232	15.45973	48.00653	125.30518	21.15542	-37.42882	-61.02525	0
10003	-52.88855	-95.19939	-34.17414	77.29865	-7.32303	-67.53461	17.08707	53.70222	126.11885	21.96909	-34.98781	-57.77057	0
10004	-49.63387	-86.24902	-32.5468	69.16195	-5.69569	-61.83892	17.90074	56.9569	129.37353	22.78276	-34.17414	-54.51589	0
10005	-47.19286	-85.43535	-36.61515	65.0936	-2.44101	-61.83892	18.71441	57.77057	134.25555	25.22377	-33.36047	-53.70222	0
10006	-47.19286	-89.5037	-39.05616	67.53461	0	-64.27993	17.08707	56.14323	139.13757	25.22377	-33.36047	-56.9569	0
10007	-45.56552	-95.19939	-42.31084	72.41663	5.69569	-68.34828	12.20505	54.51589	141.57858	22.78276	-35.80148	-64.27993	0
10008	-42.31084	-103.33609	-53.70222	74.85764	14.64606	-78.11232	5.69569	56.9569	143.20592	20.34175	-41.49717	-72.41663	0
10009	-38.24249	-117.16848	-74.85764	77.29865	25.22377	-96.01306	3.25468	61.02525	141.57858	17.90074	-49.63387	-78.92599	0
10010	-34.98781	-132.62821	-99.26774	78.92599	36.61515	-116.35481	4.06835	64.27993	139.13757	13.83239	-60.21158	-84.62168	0
10011	-32.5468	-144.01959	-115.54114	80.55333	44.75185	-131.00087	7.32303	65.90727	136.69656	10.57771	-67.53461	-87.87636	0
10012	-32.5468	-144.83326	-120.42316	81.367	47.19286	-134.25555	13.83239	63.46626	135.88289	10.57771	-67.53461	-89.5037	0
10013	-33.36047	-139.95124	-114.72747	81.367	43.93818	-130.1872	21.96909	61.02525	139.13757	16.2734	-63.46626	-87.87636	0
10014	-37.42882	-135.88289	-104.14976	82.99434	34.98781	-122.0505	28.47845	61.02525	144.01959	25.22377	-61.83892	-85.43535	0
10015	-44.75185	-133.44188	-91.13104	87.06269	23.59643	-113.10013	33.36047	64.27993	149.71528	34.17414	-62.65259	-82.99434	0
10016	-52.07488	-129.37353	-82.18067	89.5037	16.2734	-103.33609	38.24249	69.97562	157.03831	40.6835	-65.90727	-78.92599	0
10017	-63.46626	-125.30518	-78.11232	92.75838	9.76404	-94.38572	44.75185	76.48498	163.54767	42.31084	-72.41663	-74.04397	0
10018	-74.85764	-124.49151	-74.04397	96.82673	3.25468	-88.69003	47.19286	80.55333	165.17501	42.31084	-80.55333	-73.2303	0
10019	-69.16195	-119.60949	-75.67131	91.13104	5.69569	-89.5037	41.49717	79.73966	159.47932	37.42882	-85.43535	-76.48498	0
10020	-45.56552	-107.40444	-82.18067	77.29865	20.34175	-91.13104	33.36047	75.67131	148.90161	31.73313	-85.43535	-81.367	0
10021	-23.59643	-97.6404	-87.06269	68.34828	32.5468	-91.94471	27.66478	69.16195	138.3239	26.03744	-79.73966	-84.62168	0
10022	-13.83239	-99.26774	-90.31737	66.72094	37.42882	-96.82673	24.4101	58.58424	128.55986	21.96909	-72.41663	-83.80801	0
10023	-15.45973	-110.65912	-95.19939	70.78929	38.24249	-105.7771	20.34175	48.00653	121.23683	21.15542	-67.53461	-81.367	0
10024	-19.52808	-125.30518	-96.01306	79.73966	33.36047	-113.10013	21.15542	39.86983	116.35481	20.34175	-66.72094	-79.73966	0
10025	-23.59643	-139.95124	-92.75838	93.57205	22.78276	-117.98215	25.22377	35.80148	116.35481	21.15542	-64.27993	-78.11232	0
10026	-31.73313	-141.57858	-86.24902	103.33609	13.83239	-113.9138	32.5468	38.24249	121.23683	22.78276	-62.65259	-76.48498	0
10027	-43.12451	-126.93252	-81.367	105.7771	8.95037	-105.7771	41.49717	44.75185	131.00087	21.15542	-67.53461	-79.73966	0
10028	-45.56552	-113.10013	-79.73966	101.70875	8.95037	-101.70875	46.37919	53.70222	135.88289	17.90074	-75.67131	-83.80801	0
10029	-35.80148	-109.84545	-79.73966	93.57205	11.39138	-102.52242	41.49717	61.02525	133.44188	14.64606	-80.55333	-88.69003	0
10030	-25.22377	-108.21811	-80.55333	84.62168	16.2734	-101.70875	34.17414	63.46626	129.37353	12.20505	-79.73966	-91.13104	0
10031	-20.34175	-106.59077	-82.99434	72.41663	23.59643	-99.26774	29.29212	60.21158	123.67784	9.76404	-74.04397	-93.57205	0
10032	-21.15542	-104.96343	-85.43535	62.65259	30.91946	-97.6404	25.22377	52.07488	113.10013	3.25468	-69.16195	-96.82673	0
10033	-24.4101	-105.7771	-87.06269	56.9569	33.36047	-95.19939	23.59643	39.86983	98.45407	0	-68.34828	-95.19939	0
10034	-28.47845	-109.84545	-85.43535	55.32956	30.91946	-94.38572	23.59643	28.47845	86.24902	1.62734	-68.34828	-90.31737	0
10035	-33.36047	-116.35481	-85.43535	57.77057	28.47845	-96.82673	22.78276	21.96909	78.11232	9.76404	-66.72094	-87.06269	0
10036	-32.5468	-122.86417	-91.13104	61.02525	30.91946	-103.33609	22.78276	20.34175	74.85764	18.71441	-65.90727	-86.24902	0
10037	-26.03744	-126.93252	-102.52242	63.46626	38.24249	-112.28646	24.4101	21.15542	75.67131	26.85111	-64.27993	-88.69003	0
10038	-17.08707	-129.37353	-116.35481	63.46626	48.8202	-119.60949	29.29212	22.78276	82.99434	34.17414	-62.65259	-91.13104	0
10039	-13.83239	-129.37353	-122.0505	65.0936	52.07488	-122.86417	34.17414	26.85111	96.01306	40.6835	-59.39791	-88.69003	0
10040	-21.15542	-126.11885	-111.47279	69.97562	43.93818	-117.16848	37.42882	31.73313	110.65912	48.00653	-56.14323	-82.18067	0
10041	-32.5468	-120.42316	-91.94471	74.85764	28.47845	-105.7771	38.24249	37.42882	122.0505	55.32956	-50.44754	-74.04397	0
10042	-43.93818	-113.10013	-69.97562	77.29865	11.39138	-92.75838	37.42882	41.49717	126.11885	56.9569	-43.12451	-66.72094	0
10043	-53.70222	-109.03178	-52.88855	78.92599	-0.81367	-83.80801	36.61515	43.93818	123.67784	52.07488	-36.61515	-63.46626	0
10044	-59.39791	-110.65912	-47.19286	82.99434	-6.50936	-82.18067	35.80148	41.49717	117.98215	42.31084	-33.36047	-63.46626	0
10045	-55.32956	-112.28646	-52.88855	82.99434	-0.81367	-84.62168	35.80148	35.80148	114.72747	33.36047	-31.73313	-64.27993	0
10046	-39.86983	-111.47279	-66.72094	74.85764	13.01872	-89.5037	36.61515	30.91946	116.35481	29.29212	-33.36047	-65.90727	0
10047	-17.90074	-111.47279	-88.69003	65.0936	31.73313	-100.08141	36.61515	28.47845	116.35481	30.10579	-41.49717	-66.72094	0
10048	0	-112.28646	-113.9138	56.14323	48.8202	-112.28646	29.29212	24.4101	110.65912	30.10579	-52.88855	-70.78929	0
10049	8.95037	-110.65912	-130.1872	49.63387	59.39791	-118.79582	17.90074	19.52808	104.14976	29.29212	-58.58424	-74.85764	0
10050	7.32303	-106.59077	-131.00087	47.19286	59.39791	-115.54114	8.1367	17.08707	100.89508	30.91946	-58.58424	-75.67131	0
10051	-1.62734	-106.59077	-115.54114	49.63387	45.56552	-107.40444	1.62734	13.01872	99.26774	32.5468	-52.88855	-76.48498	0
10052	-13.83239	-113.10013	-92.75838	52.88855	27.66478	-100.89508	0	6.50936	97.6404	37.42882	-45.56552	-77.29865	0
10053	-27.66478	-115.54114	-72.41663	61.83892	16.2734	-93.57205	5.69569	2.44101	98.45407	42.31084	-39.86983	-74.04397	0
10054	-45.56552	-113.9138	-62.65259	75.67131	13.01872	-88.69003	15.45973	5.69569	102.52242	48.00653	-36.61515	-66.72094	0
10055	-59.39791	-116.35481	-60.21158	88.69003	10.57771	-88.69003	23.59643	13.01872	107.40444	52.88855	-36.61515	-63.46626	0
10056	-68.34828	-124.49151	-62.65259	98.45407	6.50936	-93.57205	26.85111	21.15542	109.84545	52.07488	-41.49717	-67.53461	0
10057	-69.16195	-129.37353	-68.34828	99.26774	5.69569	-101.70875	30.91946	28.47845	112.28646	48.00653	-48.00653	-73.2303	0
10058	-58.58424	-119.60949	-69.16195	92.75838	8.1367	-104.14976	33.36047	34.98781	118.79582	46.37919	-52.88855	-74.85764	0
10059	-44.75185	-100.89508	-65.0936	84.62168	10.57771	-96.01306	34.98781	39.86983	126.93252	49.63387	-48.8202	-68.34828	0
10060	-37.42882	-81.367	-64.27993	78.92599	12.20505	-79.73966	36.61515	39.05616	132.62821	53.70222	-39.05616	-59.39791	0
10061	-35.80148	-60.21158	-69.16195	75.67131	15.45973	-61.83892	37.42882	32.5468	133.44188	52.88855	-31.73313	-52.88855	0
10062	-23.59643	-39.86983	-69.16195	60.21158	21.15542	-45.56552	39.86983	28.47845	130.1872	52.07488	-23.59643	-48.00653	0
10063	-1.62734	-13.83239	-61.83892	30.91946	31.73313	-29.29212	48.8202	32.5468	128.55986	55.32956	-14.64606	-42.31084	0
10064	12.20505	13.83239	-50.44754	8.1367	42.31084	-13.83239	59.39791	42.31084	131.00087	61.02525	-8.95037	-36.61515	0
10065	13.83239	27.66478	-39.05616	-4.88202	42.31084	-6.50936	65.90727	48.8202	134.25555	65.90727	-8.1367	-32.5468	0
10066	10.57771	20.34175	-29.29212	-19.52808	33.36047	-6.50936	66.72094	49.63387	137.51023	66.72094	-10.57771	-34.17414	0
10067	5.69569	0	-22.78276	-23.59643	23.59643	-12.20505	66.72094	48.00653	137.51023	65.0936	-15.45973	-38.24249	0
10068	0	-19.52808	-21.15542	-14.64606	17.08707	-21.15542	65.0936	43.12451	134.25555	62.65259	-19.52808	-40.6835	0
10069	-7.32303	-34.98781	-21.96909	0	10.57771	-28.47845	61.02525	36.61515	126.93252	57.77057	-22.78276	-44.75185	0
10070	-17.90074	-44.75185	-20.34175	15.45973	3.25468	-33.36047	56.9569	31.73313	117.16848	52.88855	-26.03744	-49.63387	0
10071	-27.66478	-51.26121	-17.90074	24.4101	-4.06835	-32.5468	52.88855	30.10579	109.03178	50.44754	-25.22377	-50.44754	0
10072	-30.10579	-52.88855	-14.64606	27.66478	-6.50936	-27.66478	49.63387	27.66478	105.7771	50.44754	-19.52808	-45.56552	0
10073	-20.34175	-44.75185	-8.95037	21.96909	-0.81367	-21.96909	44.75185	24.4101	105.7771	53.70222	-15.45973	-39.05616	0
10074	1.62734	-22.78276	-6.50936	3.25468	9.76404	-13.01872	36.61515	24.4101	109.03178	61.83892	-11.39138	-34.17414	0
10075	30.10579	7.32303	-6.50936	-18.71441	23.59643	0	28.47845	27.66478	113.10013	71.60296	-8.95037	-33.36047	0
10076	48.8202	35.80148	-3.25468	-33.36047	30.10579	14.64606	24.4101	31.73313	116.35481	79.73966	-5.69569	-34.98781	0
10077	47.19286	51.26121	3.25468	-37.42882	25.22377	26.85111	21.96909	34.17414	120.42316	83.80801	-1.62734	-33.36047	0
10078	33.36047	56.14323	5.69569	-36.61515	21.15542	31.73313	20.34175	31.73313	124.49151	85.43535	1.62734	-29.29212	0
10079	24.4101	56.9569	8.1367	-37.42882	17.08707	33.36047	17.08707	25.22377	124.49151	85.43535	5.69569	-23.59643	0
10080	22.78276	58.58424	13.83239	-39.86983	11.39138	37.42882	10.57771	13.83239	116.35481	85.43535	11.39138	-16.2734	0
10081	23.59643	63.46626	22.78276	-45.56552	5.69569	43.12451	1.62734	-2.44101	101.70875	81.367	13.83239	-8.95037	0
10082	22.78276	67.53461	34.17414	-49.63387	-1.62734	49.63387	-10.57771	-21.15542	84.62168	76.48498	12.20505	-7.32303	0
10083	18.71441	69.97562	42.31084	-49.63387	-8.95037	52.88855	-26.85111	-34.98781	73.2303	73.2303	7.32303	-13.01872	0
10084	15.45973	68.34828	44.75185	-43.12451	-13.01872	50.44754	-41.49717	-43.12451	75.67131	71.60296	4.88202	-18.71441	0
10085	12.20505	61.83892	40.6835	-35.80148	-12.20505	44.75185	-49.63387	-40.6835	87.87636	69.97562	3.25468	-21.96909	0
10086	15.45973	58.58424	35.80148	-29.29212	-7.32303	42.31084	-49.63387	-29.29212	99.26774	68.34828	3.25468	-23.59643	0
10087	26.85111	61.83892	31.73313	-28.47845	-0.81367	46.37919	-41.49717	-16.2734	104.96343	66.72094	7.32303	-24.4101	0
10088	34.17414	64.27993	33.36047	-32.5468	0	52.88855	-29.29212	-6.50936	104.96343	64.27993	13.01872	-25.22377	0
10089	33.36047	63.46626	35.80148	-39.05616	-0.81367	56.14323	-16.2734	-1.62734	99.26774	61.83892	14.64606	-24.4101	0
10090	40.6835	62.65259	26.03744	-43.93818	6.50936	49.63387	-10.57771	-4.88202	88.69003	60.21158	13.83239	-21.15542	0
10091	56.9569	56.9569	2.44101	-46.37919	21.15542	32.5468	-16.2734	-14.64606	81.367	59.39791	13.01872	-18.71441	0
10092	70.78929	43.93818	-22.78276	-46.37919	31.73313	13.83239	-30.10579	-27.66478	83.80801	57.77057	13.83239	-17.90074	0
10093	71.60296	27.66478	-39.86983	-42.31084	34.98781	2.44101	-39.86983	-35.80148	94.38572	57.77057	16.2734	-14.64606	0
10094	57.77057	13.83239	-40.6835	-34.17414	31.73313	0	-36.61515	-33.36047	112.28646	66.72094	22.78276	-8.95037	0
10095	39.86983	1.62734	-34.17414	-25.22377	26.03744	-4.88202	-24.4101	-22.78276	130.1872	78.11232	28.47845	-3.25468	0
10096	27.66478	-8.1367	-35.80148	-17.08707	26.85111	-15.45973	-9.76404	-8.95037	140.76491	85.43535	30.91946	-4.06835	0
10097	25.22377	-17.90074	-47.19286	-8.95037	34.17414	-25.22377	0	0	139.95124	86.24902	28.47845	-9.76404	0
10098	26.85111	-27.66478	-56.9569	4.06835	38.24249	-30.10579	0.81367	3.25468	131.81454	82.18067	20.34175	-17.08707	0
10099	28.47845	-38.24249	-56.9569	21.96909	31.73313	-32.5468	-3.25468	0.81367	117.98215	73.2303	6.50936	-26.03744	0
10100	26.03744	-48.8202	-56.9569	34.98781	26.85111	-41.49717	-10.57771	-5.69569	97.6404	57.77057	-9.76404	-36.61515	0
10101	21.96909	-56.9569	-67.53461	39.86983	32.5468	-57.77057	-14.64606	-16.2734	75.67131	41.49717	-22.78276	-44.75185	0
10102	22.78276	-61.83892	-79.73966	39.05616	45.56552	-74.85764	-13.01872	-26.85111	58.58424	29.29212	-26.85111	-48.00653	0
10103	30.91946	-68.34828	-87.87636	30.91946	62.65259	-84.62168	-8.95037	-33.36047	48.8202	23.59643	-26.03744	-47.19286	0
10104	38.24249	-80.55333	-92.75838	21.96909	74.04397	-87.06269	-7.32303	-36.61515	47.19286	21.15542	-25.22377	-47.19286	0
10105	32.5468	-90.31737	-97.6404	25.22377	74.04397	-91.94471	-7.32303	-34.98781	51.26121	17.90074	-29.29212	-51.26121	0
10106	13.01872	-99.26774	-102.52242	42.31084	64.27993	-102.52242	-4.06835	-31.73313	59.39791	13.01872	-34.98781	-58.58424	0
10107	-8.1367	-110.65912	-107.40444	60.21158	52.88855	-113.9138	0.81367	-26.03744	70.78929	10.57771	-37.42882	-62.65259	0
10108	-19.52808	-119.60949	-112.28646	69.97562	46.37919	-120.42316	8.95037	-19.52808	82.18067	10.57771	-36.61515	-61.83892	0
10109	-24.4101	-130.1872	-118.79582	70.78929	45.56552	-127.74619	16.2734	-19.52808	82.18067	6.50936	-39.05616	-63.46626	0
10110	-29.29212	-146.4606	-128.55986	68.34828	48.00653	-139.13757	21.96909	-26.85111	69.16195	-1.62734	-43.12451	-66.72094	0
10111	-25.22377	-158.66565	-135.06922	69.16195	52.88855	-146.4606	25.22377	-34.98781	52.88855	-8.95037	-48.00653	-70.78929	0
10112	-13.01872	-161.10666	-139.95124	74.04397	63.46626	-144.83326	26.85111	-39.05616	39.05616	-12.20505	-55.32956	-72.41663	0
10113	-6.50936	-156.22464	-144.01959	74.04397	74.04397	-142.39225	26.85111	-39.05616	33.36047	-12.20505	-59.39791	-71.60296	0
10114	-8.1367	-151.34262	-144.01959	66.72094	76.48498	-141.57858	27.66478	-34.98781	39.86983	-8.95037	-57.77057	-70.78929	0
10115	-8.95037	-142.39225	-135.88289	64.27993	70.78929	-135.06922	30.91946	-29.29212	54.51589	0	-49.63387	-69.16195	0
10116	-2.44101	-122.0505	-122.86417	70.78929	65.0936	-120.42316	39.86983	-21.96909	69.97562	10.57771	-40.6835	-65.90727	0
10117	8.1367	-105.7771	-111.47279	73.2303	58.58424	-107.40444	45.56552	-13.83239	82.18067	13.83239	-39.05616	-69.16195	0
10118	15.45973	-102.52242	-101.70875	67.53461	51.26121	-101.70875	43.93818	-4.88202	87.87636	9.76404	-43.93818	-76.48498	0
10119	13.83239	-105.7771	-95.19939	60.21158	50.44754	-100.89508	36.61515	4.06835	84.62168	3.25468	-48.8202	-82.99434	0
10120	5.69569	-108.21811	-96.82673	56.14323	54.51589	-102.52242	26.85111	8.95037	72.41663	-3.25468	-51.26121	-87.87636	0
10121	-8.1367	-111.47279	-99.26774	56.14323	53.70222	-106.59077	17.90074	7.32303	53.70222	-8.95037	-52.07488	-88.69003	0
10122	-21.15542	-116.35481	-94.38572	61.83892	43.93818	-107.40444	12.20505	0.81367	39.05616	-10.57771	-51.26121	-86.24902	0
10123	-29.29212	-122.86417	-91.94471	70.78929	31.73313	-107.40444	10.57771	-7.32303	30.91946	-8.95037	-50.44754	-83.80801	0
10124	-32.5468	-128.55986	-100.89508	77.29865	26.85111	-111.47279	9.76404	-15.45973	30.91946	-5.69569	-52.88855	-83.80801	0
10125	-26.85111	-137.51023	-122.0505	80.55333	30.10579	-123.67784	10.57771	-21.15542	37.42882	-0.81367	-53.70222	-83.80801	0
10126	-14.64606	-146.4606	-140.76491	79.73966	42.31084	-137.51023	14.64606	-21.15542	47.19286	2.44101	-53.70222	-82.99434	0
10127	-2.44101	-149.71528	-150.52895	76.48498	54.51589	-145.64693	21.15542	-15.45973	57.77057	1.62734	-56.14323	-82.18067	0
10128	5.69569	-148.90161	-154.5973	72.41663	65.0936	-148.90161	28.47845	-10.57771	62.65259	-1.62734	-57.77057	-84.62168	0
10129	8.95037	-142.39225	-152.15629	66.72094	71.60296	-145.64693	34.17414	-13.01872	58.58424	-7.32303	-57.77057	-87.06269	0
10130	1.62734	-132.62821	-136.69656	64.27993	65.0936	-134.25555	37.42882	-17.90074	52.07488	-11.39138	-56.14323	-87.06269	0
10131	-13.01872	-128.55986	-115.54114	69.16195	49.63387	-122.0505	36.61515	-24.4101	41.49717	-13.83239	-53.70222	-82.99434	0
10132	-28.47845	-130.1872	-104.14976	78.92599	37.42882	-114.72747	31.73313	-39.05616	21.15542	-18.71441	-54.51589	-81.367	0
10133	-38.24249	-131.00087	-103.33609	88.69003	31.73313	-107.40444	24.4101	-70.78929	-13.01872	-28.47845	-60.21158	-85.43535	0
10134	-42.31084	-131.81454	-99.26774	95.19939	26.03744	-101.70875	13.01872	-122.0505	-69.16195	-45.56552	-69.97562	-91.94471	0
10135	-44.75185	-128.55986	-82.99434	99.26774	13.01872	-94.38572	-1.62734	-194.46713	-146.4606	-69.97562	-80.55333	-95.19939	0
10136	-47.19286	-113.9138	-57.77057	92.75838	-1.62734	-78.11232	-25.22377	-281.52982	-242.47366	-96.01306	-83.80801	-87.06269	0
10137	-42.31084	-79.73966	-29.29212	67.53461	-12.20505	-50.44754	-56.9569	-376.72921	-354.76012	-122.0505	-74.04397	-64.27993	0
10138	-26.85111	-28.47845	0.81367	29.29212	-18.71441	-11.39138	-96.01306	-476.81062	-483.31998	-147.27427	-50.44754	-26.03744	0
10139	-9.76404	30.10579	38.24249	-11.39138	-26.85111	34.98781	-140.76491	-584.21506	-623.27122	-167.61602	-13.83239	26.85111	0
10140	8.1367	96.82673	84.62168	-55.32956	-39.05616	90.31737	-186.33043	-698.94253	-768.10448	-178.19373	38.24249	94.38572	0
10141	28.47845	174.93905	143.20592	-104.96343	-57.77057	157.85198	-225.38659	-817.73835	-907.24205	-175.75272	104.96343	174.93905	0
10142	47.19286	271.76578	223.75925	-163.54767	-87.87636	245.72834	-257.93339	-950.36656	-1044.75228	-167.61602	185.51676	266.07009	0
10143	61.02525	395.44362	336.04571	-232.70962	-137.51023	363.71049	-293.73487	-1113.91423	-1195.28123	-160.29299	277.46147	362.89682	0
10144	77.29865	549.22725	475.18328	-316.51763	-198.53548	510.17109	-336.85938	-1314.89072	-1367.77927	-152.96996	378.35655	463.7919	0
10145	100.89508	718.47061	620.83021	-410.90335	-258.74706	668.02307	-394.62995	-1542.71832	-1563.06007	-140.76491	480.0653	563.87331	0
10146	130.1872	865.74488	753.45842	-495.52503	-310.00827	803.09229	-483.31998	-1778.68262	-1761.59555	-117.98215	564.68698	658.25903	0
10147	159.47932	965.01262	857.60818	-554.92294	-348.25076	893.40966	-602.1158	-1993.4915	-1930.83891	-87.06269	625.71223	739.62603	0
10148	172.49804	1021.96952	915.37875	-588.28341	-371.03352	945.48454	-716.84327	-2152.15715	-2040.68436	-62.65259	668.83674	791.70091	0
10149	161.92033	1013.83282	904.80104	-581.77405	-371.84719	940.60252	-794.14192	-2222.13277	-2064.28079	-47.19286	674.53243	794.95559	0
10150	135.88289	905.61471	806.34697	-515.05311	-337.67305	843.77579	-831.57074	-2186.33129	-1985.3548	-39.05616	617.57553	738.81236	0
10151	104.96343	693.24684	618.3892	-391.37527	-264.44275	649.30866	-834.01175	-2058.5851	-1819.36612	-50.44754	492.27035	627.33957	0
10152	70.78929	411.71702	361.26948	-235.9643	-153.78363	383.23857	-807.16064	-1872.25467	-1617.57596	-109.84545	302.68524	471.11493	0
10153	40.6835	115.54114	77.29865	-80.55333	-20.34175	94.38572	-764.8498	-1663.14148	-1436.12755	-242.47366	68.34828	292.10753	0
10154	22.78276	-148.08794	-180.63474	54.51589	104.96343	-165.17501	-727.42098	-1467.04701	-1320.58641	-449.14584	-174.12538	121.23683	0
10155	12.20505	-350.69177	-375.10187	161.10666	199.34915	-362.89682	-702.19721	-1297.80365	-1277.4619	-686.73748	-383.23857	-15.45973	0
10156	2.44101	-485.76099	-499.59338	235.15063	256.30605	-491.45668	-688.36482	-1148.90204	-1275.83456	-894.22333	-526.44449	-109.03178	0
10157	-4.88202	-560.61863	-563.87331	277.46147	282.34349	-561.4323	-672.90509	-1008.13713	-1269.3252	-1023.59686	-598.86112	-164.36134	0
10158	-9.76404	-591.53809	-585.8424	296.98955	287.22551	-587.46974	-642.7993	-868.99956	-1220.505	-1060.21201	-614.32085	-192.02612	0
10159	-10.57771	-591.53809	-579.33304	301.0579	279.90248	-586.65607	-589.09708	-726.60731	-1111.47322	-1014.64649	-588.28341	-200.97649	0
10160	-9.76404	-569.569	-553.2956	292.10753	265.25642	-569.569	-510.17109	-580.14671	-951.18023	-912.93774	-535.39486	-197.72181	0
10161	-8.95037	-537.83587	-520.7488	275.83413	248.98302	-542.71789	-419.04005	-441.00914	-771.35916	-790.88724	-475.18328	-188.77144	0
10162	-6.50936	-508.54375	-494.71136	259.56073	239.21898	-511.79843	-330.35002	-318.95864	-603.74314	-669.65041	-419.85372	-182.26208	0
10163	-5.69569	-487.38833	-475.18328	249.79669	231.08228	-486.57466	-252.2377	-219.6909	-466.23291	-558.17762	-367.77884	-179.0074	0
10164	-14.64606	-473.55594	-454.02786	248.16935	217.24989	-465.41924	-186.33043	-143.20592	-358.82847	-457.28254	-318.14497	-173.31171	0
10165	-26.03744	-457.28254	-427.99042	245.72834	200.97649	-441.82281	-134.25555	-85.43535	-273.39312	-368.59251	-270.95211	-161.92033	0
10166	-30.10579	-428.80409	-399.51197	231.08228	186.33043	-413.34436	-96.82673	-45.56552	-196.90814	-292.9212	-227.8276	-146.4606	0
10167	-28.47845	-391.37527	-369.40618	207.48585	173.31171	-379.17022	-69.97562	-19.52808	-123.67784	-231.08228	-187.95777	-131.81454	0
10168	-25.22377	-356.38746	-341.7414	184.70309	161.92033	-348.25076	-48.00653	0	-54.51589	-181.44841	-156.22464	-117.98215	0
10169	-19.52808	-323.02699	-314.07662	164.36134	151.34262	-317.3313	-25.22377	23.59643	9.76404	-139.13757	-129.37353	-104.96343	0
10170	-8.95037	-279.08881	-277.46147	139.13757	139.95124	-276.6478	3.25468	60.21158	72.41663	-99.26774	-103.33609	-90.31737	0
10171	4.06835	-226.20026	-234.33696	107.40444	125.30518	-229.45494	34.17414	102.52242	124.49151	-62.65259	-76.48498	-76.48498	0
10172	16.2734	-180.63474	-194.46713	78.92599	110.65912	-189.58511	61.02525	139.95124	161.10666	-34.98781	-52.07488	-65.0936	0
10173	24.4101	-152.96996	-165.98868	61.02525	100.89508	-165.17501	78.92599	161.92033	181.44841	-17.08707	-35.80148	-57.77057	0
10174	33.36047	-135.06922	-153.78363	48.8202	100.08141	-152.15629	89.5037	173.31171	192.83979	-3.25468	-26.03744	-53.70222	0
10175	42.31084	-121.23683	-151.34262	39.05616	101.70875	-142.39225	93.57205	182.26208	200.97649	8.95037	-19.52808	-53.70222	0
10176	39.86983	-113.10013	-149.71528	38.24249	98.45407	-137.51023	96.82673	192.83979	205.85851	19.52808	-17.08707	-55.32956	0
10177	21.15542	-113.9138	-150.52895	51.26121	90.31737	-138.3239	100.08141	202.60383	205.04484	28.47845	-16.2734	-60.21158	0
10178	-2.44101	-119.60949	-149.71528	66.72094	81.367	-139.95124	104.96343	211.5542	207.48585	35.80148	-13.01872	-64.27993	0
10179	-18.71441	-125.30518	-143.20592	75.67131	70.78929	-142.39225	106.59077	215.62255	213.99521	39.86983	-9.76404	-64.27993	0
10180	-21.96909	-126.93252	-134.25555	75.67131	62.65259	-142.39225	104.14976	209.92686	219.6909	40.6835	-9.76404	-62.65259	0
10181	-12.20505	-122.0505	-126.93252	69.97562	61.02525	-134.25555	104.96343	196.90814	221.31824	43.93818	-8.1367	-60.21158	0
10182	0	-112.28646	-117.98215	62.65259	60.21158	-122.86417	111.47279	184.70309	223.75925	50.44754	-2.44101	-55.32956	0
10183	7.32303	-104.96343	-110.65912	56.9569	58.58424	-113.10013	122.0505	180.63474	229.45494	58.58424	2.44101	-50.44754	0
10184	13.01872	-105.7771	-111.47279	51.26121	61.83892	-110.65912	128.55986	187.1441	240.03265	66.72094	8.1367	-46.37919	0
10185	14.64606	-111.47279	-113.9138	47.19286	64.27993	-109.84545	131.00087	202.60383	254.67871	74.04397	11.39138	-43.12451	0
10186	0.81367	-121.23683	-110.65912	49.63387	56.14323	-111.47279	128.55986	218.06356	267.69743	78.11232	11.39138	-44.75185	0
10187	-21.15542	-130.1872	-101.70875	61.02525	40.6835	-111.47279	126.93252	228.64127	278.27514	81.367	7.32303	-48.8202	0
10188	-35.80148	-132.62821	-94.38572	69.97562	29.29212	-109.84545	129.37353	235.9643	288.03918	85.43535	3.25468	-49.63387	0
10189	-36.61515	-126.93252	-92.75838	74.04397	27.66478	-107.40444	135.06922	241.65999	294.54854	90.31737	5.69569	-47.19286	0
10190	-28.47845	-115.54114	-95.19939	73.2303	34.98781	-104.14976	139.13757	244.91467	297.80322	91.94471	13.83239	-42.31084	0
10191	-24.4101	-105.7771	-96.01306	66.72094	43.12451	-103.33609	137.51023	245.72834	292.9212	89.5037	18.71441	-39.05616	0
10192	-26.03744	-108.21811	-91.13104	65.0936	45.56552	-107.40444	127.74619	241.65999	279.90248	82.99434	17.90074	-36.61515	0
10193	-30.91946	-115.54114	-82.99434	69.16195	44.75185	-109.84545	114.72747	235.15063	268.5111	77.29865	17.08707	-33.36047	0
10194	-26.85111	-111.47279	-78.92599	65.90727	41.49717	-104.14976	107.40444	230.26861	262.81541	77.29865	18.71441	-30.91946	0
10195	-8.95037	-96.82673	-82.18067	51.26121	39.86983	-95.19939	109.03178	230.26861	263.62908	82.99434	21.15542	-30.91946	0
10196	9.76404	-83.80801	-90.31737	36.61515	44.75185	-90.31737	118.79582	233.52329	272.57945	91.94471	24.4101	-34.17414	0
10197	22.78276	-76.48498	-100.08141	24.4101	53.70222	-89.5037	132.62821	237.59164	283.15716	99.26774	30.10579	-40.6835	0
10198	30.10579	-74.85764	-110.65912	17.08707	63.46626	-93.57205	146.4606	242.47366	291.29386	102.52242	33.36047	-48.8202	0
10199	32.5468	-74.04397	-117.16848	16.2734	69.97562	-97.6404	156.22464	245.72834	292.10753	102.52242	30.91946	-54.51589	0
10200	32.5468	-69.16195	-113.9138	15.45973	68.34828	-94.38572	161.10666	248.98302	288.85285	102.52242	28.47845	-53.70222	0
10201	32.5468	-61.02525	-98.45407	13.01872	57.77057	-84.62168	161.92033	250.61036	282.34349	105.7771	28.47845	-47.19286	0
10202	22.78276	-54.51589	-77.29865	13.83239	39.86983	-70.78929	157.85198	249.79669	275.83413	110.65912	32.5468	-37.42882	0
10203	5.69569	-51.26121	-59.39791	21.96909	22.78276	-60.21158	149.71528	247.35568	270.13844	117.16848	38.24249	-30.91946	0
10204	-10.57771	-53.70222	-51.26121	34.17414	13.01872	-56.9569	140.76491	244.101	267.69743	120.42316	40.6835	-30.10579	0
10205	-19.52808	-61.02525	-56.14323	43.93818	16.2734	-64.27993	133.44188	242.47366	270.13844	117.98215	35.80148	-34.17414	0
10206	-16.2734	-67.53461	-69.97562	42.31084	30.10579	-73.2303	133.44188	243.28733	277.46147	115.54114	29.29212	-39.05616	0
10207	-4.06835	-62.65259	-78.92599	29.29212	43.12451	-73.2303	142.39225	248.16935	288.03918	117.16848	28.47845	-41.49717	0
10208	7.32303	-48.8202	-72.41663	14.64606	45.56552	-61.83892	150.52895	256.30605	294.54854	117.98215	27.66478	-43.93818	0
10209	14.64606	-32.5468	-59.39791	3.25468	39.86983	-45.56552	152.15629	264.44275	292.9212	113.10013	24.4101	-46.37919	0
10210	16.2734	-23.59643	-49.63387	-1.62734	35.80148	-35.80148	149.71528	270.95211	284.7845	104.14976	20.34175	-45.56552	0
10211	13.01872	-19.52808	-49.63387	-2.44101	39.05616	-34.17414	144.01959	274.20679	276.6478	95.19939	20.34175	-45.56552	0
10212	9.76404	-16.2734	-52.07488	-3.25468	43.12451	-34.98781	137.51023	278.27514	274.20679	91.13104	26.03744	-44.75185	0
10213	8.95037	-13.83239	-48.8202	-2.44101	39.86983	-34.98781	132.62821	288.85285	282.34349	95.19939	33.36047	-41.49717	0
10214	11.39138	-10.57771	-43.93818	-0.81367	34.98781	-34.98781	129.37353	306.75359	298.61689	106.59077	40.6835	-35.80148	0
10215	17.08707	-6.50936	-41.49717	-0.81367	34.17414	-33.36047	129.37353	326.28167	315.70396	121.23683	46.37919	-30.10579	0
10216	23.59643	-6.50936	-43.93818	-3.25468	35.80148	-32.5468	132.62821	339.30039	331.97736	132.62821	48.00653	-26.85111	0
10217	30.10579	-8.95037	-48.8202	-6.50936	39.86983	-31.73313	138.3239	344.99608	346.62342	136.69656	47.19286	-26.85111	0
10218	36.61515	-8.1367	-52.88855	-9.76404	43.93818	-30.10579	148.08794	347.43709	354.76012	136.69656	47.19286	-27.66478	0
10219	41.49717	-1.62734	-49.63387	-16.2734	44.75185	-26.03744	160.29299	348.25076	359.64214	137.51023	46.37919	-26.85111	0
10220	46.37919	8.95037	-42.31084	-23.59643	43.12451	-16.2734	170.05703	348.25076	361.26948	135.88289	44.75185	-22.78276	0
10221	51.26121	26.03744	-32.5468	-29.29212	39.86983	-2.44101	175.75272	350.69177	357.20113	133.44188	43.93818	-16.2734	0
10222	49.63387	48.8202	-21.15542	-34.17414	31.73313	11.39138	175.75272	358.82847	351.50544	135.06922	47.19286	-8.1367	0
10223	43.93818	62.65259	-10.57771	-36.61515	23.59643	21.15542	172.49804	367.77884	344.18241	139.13757	54.51589	-3.25468	0
10224	37.42882	63.46626	0	-35.80148	16.2734	25.22377	169.24336	373.47453	338.48672	144.83326	60.21158	0	0
10225	30.91946	58.58424	8.95037	-34.17414	10.57771	28.47845	167.61602	375.10187	340.92773	152.15629	62.65259	1.62734	0
10226	27.66478	52.07488	17.08707	-31.73313	4.06835	31.73313	167.61602	379.17022	352.31911	161.10666	65.90727	2.44101	0
10227	26.85111	43.93818	27.66478	-30.10579	-4.88202	31.73313	169.24336	391.37527	366.96517	170.05703	72.41663	1.62734	0
10228	23.59643	35.80148	40.6835	-29.29212	-15.45973	30.10579	171.68437	410.08968	379.17022	174.93905	77.29865	0	0
10229	13.83239	34.17414	51.26121	-30.10579	-22.78276	30.91946	174.12538	427.17675	383.23857	173.31171	78.11232	0.81367	0
10230	0.81367	43.12451	60.21158	-30.10579	-30.91946	40.6835	174.93905	437.75446	374.2882	163.54767	75.67131	3.25468	0
10231	-9.76404	56.14323	72.41663	-30.10579	-41.49717	61.83892	171.68437	441.00914	358.0148	148.90161	74.85764	7.32303	0
10232	-10.57771	78.92599	89.5037	-39.86983	-49.63387	88.69003	170.05703	441.82281	344.99608	138.3239	80.55333	13.01872	0
10233	2.44101	111.47279	103.33609	-61.02525	-51.26121	113.10013	172.49804	445.89116	340.92773	136.69656	91.13104	21.15542	0
10234	16.2734	139.13757	105.7771	-77.29865	-48.00653	126.93252	174.93905	451.58685	341.7414	139.13757	98.45407	28.47845	0
10235	27.66478	149.71528	100.08141	-87.87636	-40.6835	127.74619	171.68437	459.72355	344.99608	139.13757	104.14976	34.98781	0
10236	36.61515	146.4606	93.57205	-94.38572	-34.17414	121.23683	165.98868	467.86025	349.8781	137.51023	110.65912	40.6835	0
10237	46.37919	138.3239	92.75838	-95.19939	-32.5468	115.54114	160.29299	475.99695	353.13278	133.44188	117.16848	47.19286	0
10238	56.14323	138.3239	92.75838	-97.6404	-29.29212	113.10013	154.5973	482.50631	354.76012	130.1872	119.60949	53.70222	0
10239	62.65259	146.4606	96.01306	-105.7771	-25.22377	117.16848	147.27427	488.202	355.57379	129.37353	117.98215	58.58424	0
10240	64.27993	157.03831	107.40444	-114.72747	-27.66478	131.81454	138.3239	490.64301	354.76012	128.55986	113.9138	60.21158	0
10241	61.83892	166.80235	120.42316	-119.60949	-32.5468	152.96996	129.37353	488.202	351.50544	125.30518	110.65912	61.02525	0
10242	61.83892	181.44841	131.00087	-122.86417	-36.61515	174.93905	124.49151	487.38833	346.62342	122.86417	115.54114	67.53461	0
10243	65.90727	202.60383	145.64693	-124.49151	-39.86983	193.65346	124.49151	489.01567	340.11406	123.67784	125.30518	75.67131	0
10244	64.27993	221.31824	162.734	-128.55986	-48.00653	207.48585	123.67784	490.64301	330.35002	124.49151	135.06922	84.62168	0
10245	52.88855	231.89595	180.63474	-136.69656	-61.83892	214.80888	123.67784	490.64301	315.70396	123.67784	142.39225	91.94471	0
10246	41.49717	240.03265	196.09447	-145.64693	-74.85764	222.13191	125.30518	490.64301	298.61689	124.49151	146.4606	97.6404	0
10247	41.49717	253.86504	208.29952	-157.03831	-81.367	231.89595	127.74619	489.82934	282.34349	125.30518	148.08794	105.7771	0
10248	52.88855	270.13844	217.24989	-170.05703	-81.367	241.65999	130.1872	487.38833	268.5111	126.93252	147.27427	117.98215	0
10249	68.34828	286.41184	227.01393	-181.44841	-78.92599	253.05137	130.1872	481.69264	258.74706	130.1872	149.71528	128.55986	0
10250	78.11232	303.49891	238.40531	-190.39878	-80.55333	266.07009	126.11885	470.30126	251.42403	131.81454	155.41097	136.69656	0
10251	78.92599	318.95864	252.2377	-197.72181	-87.06269	281.52982	117.98215	455.6552	243.28733	126.93252	158.66565	141.57858	0
10252	72.41663	332.79103	269.32477	-202.60383	-99.26774	297.80322	109.84545	441.00914	233.52329	117.98215	157.85198	145.64693	0
10253	63.46626	344.18241	287.22551	-205.04484	-111.47279	312.44928	101.70875	429.61776	218.87723	109.84545	157.85198	151.34262	0
10254	50.44754	349.8781	303.49891	-200.97649	-125.30518	324.65433	92.75838	422.29473	195.2808	102.52242	161.10666	157.03831	0
10255	32.5468	352.31911	320.58598	-192.02612	-141.57858	335.23204	82.18067	416.59904	164.36134	94.38572	164.36134	161.92033	0
10256	20.34175	360.45581	338.48672	-189.58511	-154.5973	349.06443	72.41663	411.71702	137.51023	87.87636	164.36134	165.98868	0
10257	13.83239	373.47453	353.13278	-194.46713	-163.54767	364.52416	63.46626	405.20766	120.42316	82.99434	158.66565	168.42969	0
10258	8.95037	379.17022	355.57379	-197.72181	-169.24336	371.84719	55.32956	393.81628	106.59077	76.48498	152.15629	167.61602	0
10259	13.01872	381.61123	351.50544	-204.23117	-169.24336	373.47453	51.26121	375.91554	89.5037	65.90727	147.27427	166.80235	0
10260	26.03744	391.37527	349.8781	-216.43622	-163.54767	376.72921	53.70222	350.69177	63.46626	52.07488	146.4606	167.61602	0
10261	39.05616	405.20766	353.94645	-227.01393	-159.47932	384.05224	60.21158	321.39965	34.98781	37.42882	151.34262	170.8707	0
10262	45.56552	422.29473	359.64214	-236.77797	-161.10666	394.62995	65.0936	297.80322	11.39138	23.59643	161.10666	176.56639	0
10263	48.00653	439.3818	366.1515	-249.79669	-165.98868	405.20766	65.90727	283.15716	-2.44101	16.2734	171.68437	184.70309	0
10264	51.26121	453.21419	375.91554	-260.3744	-170.05703	415.78537	61.83892	272.57945	-13.01872	10.57771	177.38006	190.39878	0
10265	53.70222	460.53722	386.49325	-262.81541	-170.8707	423.92207	52.07488	257.11972	-24.4101	3.25468	175.75272	192.83979	0
10266	53.70222	464.60557	396.25729	-262.00174	-173.31171	430.43143	39.86983	237.59164	-40.6835	-6.50936	166.80235	190.39878	0
10267	54.51589	469.48759	402.76665	-264.44275	-175.75272	436.94079	26.03744	212.36787	-65.90727	-20.34175	152.15629	186.33043	0
10268	53.70222	471.11493	403.58032	-265.25642	-178.19373	441.00914	13.83239	183.88942	-100.89508	-37.42882	136.69656	181.44841	0
10269	43.12451	460.53722	401.95298	-253.86504	-184.70309	436.94079	6.50936	157.85198	-138.3239	-53.70222	126.93252	175.75272	0
10270	26.85111	442.63648	402.76665	-235.9643	-192.02612	427.99042	2.44101	136.69656	-173.31171	-67.53461	122.86417	172.49804	0
10271	14.64606	428.80409	405.20766	-222.13191	-198.53548	419.85372	-1.62734	117.16848	-203.4175	-78.92599	121.23683	172.49804	0
10272	13.83239	419.85372	403.58032	-218.06356	-196.90814	416.59904	-9.76404	91.94471	-229.45494	-87.06269	118.79582	171.68437	0
10273	21.15542	414.15803	392.18894	-221.31824	-187.95777	414.9717	-19.52808	58.58424	-248.16935	-90.31737	115.54114	170.8707	0
10274	29.29212	410.08968	378.35655	-227.01393	-179.82107	410.08968	-28.47845	21.96909	-259.56073	-90.31737	113.9138	170.8707	0
10275	36.61515	408.46234	371.03352	-231.89595	-174.93905	406.02133	-36.61515	-7.32303	-262.81541	-89.5037	112.28646	170.05703	0
10276	39.86983	407.64867	367.77884	-232.70962	-170.05703	401.13931	-43.12451	-27.66478	-261.18807	-88.69003	108.21811	165.98868	0
10277	33.36047	398.6983	360.45581	-223.75925	-169.24336	389.74793	-46.37919	-40.6835	-256.30605	-87.87636	101.70875	162.734	0
10278	17.90074	378.35655	353.13278	-204.23117	-171.68437	372.66086	-45.56552	-45.56552	-250.61036	-84.62168	97.6404	161.92033	0
10279	4.06835	353.94645	341.7414	-183.07575	-172.49804	352.31911	-41.49717	-47.19286	-245.72834	-83.80801	92.75838	158.66565	0
10280	-3.25468	331.16369	328.72268	-165.17501	-168.42969	331.97736	-37.42882	-51.26121	-244.101	-89.5037	82.18067	146.4606	0
10281	-10.57771	314.07662	320.58598	-152.15629	-166.80235	318.14497	-35.80148	-56.9569	-243.28733	-96.01306	69.97562	129.37353	0
10282	-14.64606	299.43056	312.44928	-142.39225	-164.36134	304.31258	-34.98781	-67.53461	-242.47366	-99.26774	59.39791	112.28646	0
10283	-8.95037	284.7845	296.98955	-139.13757	-157.03831	288.85285	-33.36047	-80.55333	-244.101	-101.70875	52.07488	96.01306	0
10284	0.81367	275.83413	277.46147	-139.95124	-151.34262	275.02046	-31.73313	-91.94471	-246.54201	-100.89508	47.19286	82.18067	0
10285	4.88202	266.07009	262.00174	-135.06922	-145.64693	262.81541	-32.5468	-98.45407	-249.79669	-98.45407	41.49717	69.97562	0
10286	0	244.91467	244.91467	-121.23683	-137.51023	244.101	-34.17414	-100.89508	-253.86504	-96.01306	34.17414	57.77057	0
10287	-9.76404	218.87723	223.75925	-105.7771	-124.49151	220.50457	-32.5468	-98.45407	-251.42403	-92.75838	29.29212	45.56552	0
10288	-15.45973	198.53548	200.16282	-97.6404	-107.40444	198.53548	-27.66478	-93.57205	-238.40531	-90.31737	29.29212	35.80148	0
10289	-17.90074	176.56639	176.56639	-87.87636	-91.94471	176.56639	-20.34175	-87.87636	-222.13191	-83.80801	27.66478	30.10579	0
10290	-19.52808	147.27427	150.52895	-74.04397	-79.73966	149.71528	-12.20505	-86.24902	-207.48585	-72.41663	23.59643	27.66478	0
10291	-14.64606	117.16848	122.0505	-66.72094	-65.0936	120.42316	-2.44101	-83.80801	-192.02612	-59.39791	21.15542	25.22377	0
10292	-4.06835	98.45407	98.45407	-65.0936	-49.63387	98.45407	6.50936	-77.29865	-173.31171	-46.37919	21.96909	22.78276	0
10293	1.62734	90.31737	89.5037	-61.02525	-42.31084	87.87636	13.83239	-67.53461	-152.15629	-34.17414	22.78276	21.15542	0
10294	5.69569	88.69003	88.69003	-57.77057	-40.6835	85.43535	17.90074	-56.9569	-128.55986	-21.15542	23.59643	21.96909	0
10295	15.45973	87.06269	85.43535	-57.77057	-38.24249	82.99434	16.2734	-47.19286	-101.70875	-11.39138	23.59643	22.78276	0
10296	25.22377	83.80801	74.04397	-59.39791	-29.29212	77.29865	9.76404	-38.24249	-76.48498	-8.1367	20.34175	19.52808	0
10297	33.36047	79.73966	54.51589	-60.21158	-16.2734	69.16195	2.44101	-30.91946	-58.58424	-10.57771	19.52808	15.45973	0
10298	30.10579	69.97562	38.24249	-52.88855	-5.69569	58.58424	0	-23.59643	-47.19286	-15.45973	21.96909	14.64606	0
10299	13.01872	51.26121	30.10579	-38.24249	-1.62734	46.37919	3.25468	-17.08707	-35.80148	-19.52808	28.47845	17.90074	0
10300	-8.95037	29.29212	29.29212	-23.59643	-6.50936	34.17414	13.01872	-11.39138	-21.15542	-16.2734	37.42882	21.96909	0
10301	-21.15542	13.83239	28.47845	-13.83239	-13.01872	23.59643	21.15542	-9.76404	-6.50936	-8.95037	43.93818	23.59643	0
10302	-18.71441	7.32303	22.78276	-8.1367	-13.01872	15.45973	25.22377	-10.57771	2.44101	-0.81367	47.19286	20.34175	0
10303	-8.1367	0.81367	8.95037	-4.06835	-3.25468	4.06835	23.59643	-13.01872	8.1367	4.88202	49.63387	13.01872	0
10304	3.25468	-9.76404	-11.39138	0.81367	11.39138	-11.39138	17.08707	-15.45973	9.76404	12.20505	49.63387	7.32303	0
10305	15.45973	-21.96909	-37.42882	4.88202	29.29212	-30.91946	8.95037	-17.90074	11.39138	19.52808	42.31084	2.44101	0
10306	26.85111	-34.98781	-60.21158	5.69569	45.56552	-48.00653	3.25468	-18.71441	16.2734	25.22377	30.91946	-2.44101	0
10307	27.66478	-48.00653	-70.78929	4.06835	50.44754	-56.9569	1.62734	-18.71441	25.22377	25.22377	16.2734	-8.1367	0
10308	15.45973	-57.77057	-69.16195	4.06835	43.12451	-60.21158	0.81367	-16.2734	36.61515	25.22377	3.25468	-15.45973	0
10309	4.88202	-57.77057	-64.27993	7.32303	34.17414	-60.21158	0.81367	-10.57771	48.00653	25.22377	-4.06835	-21.15542	0
10310	2.44101	-48.00653	-58.58424	8.95037	29.29212	-54.51589	1.62734	-2.44101	56.9569	25.22377	-6.50936	-22.78276	0
10311	7.32303	-30.10579	-51.26121	7.32303	31.73313	-42.31084	4.88202	5.69569	61.83892	27.66478	-5.69569	-21.96909	0
10312	13.83239	-5.69569	-44.75185	0.81367	39.05616	-27.66478	11.39138	15.45973	63.46626	32.5468	-2.44101	-17.90074	0
10313	22.78276	9.76404	-40.6835	-5.69569	45.56552	-17.08707	18.71441	23.59643	61.83892	38.24249	1.62734	-14.64606	0
10314	23.59643	4.06835	-40.6835	-4.06835	44.75185	-19.52808	21.15542	26.03744	57.77057	39.05616	3.25468	-17.08707	0
10315	8.1367	-20.34175	-43.12451	8.95037	35.80148	-33.36047	20.34175	22.78276	49.63387	33.36047	-1.62734	-24.4101	0
10316	-13.83239	-54.51589	-48.8202	23.59643	23.59643	-52.88855	21.15542	17.90074	39.05616	27.66478	-6.50936	-31.73313	0
10317	-30.91946	-77.29865	-52.07488	34.17414	15.45973	-65.90727	27.66478	13.83239	37.42882	30.91946	-3.25468	-35.80148	0
10318	-36.61515	-78.11232	-44.75185	42.31084	10.57771	-61.83892	34.17414	13.83239	49.63387	43.12451	5.69569	-38.24249	0
10319	-34.98781	-65.0936	-32.5468	48.00653	4.88202	-48.8202	38.24249	17.90074	68.34828	57.77057	11.39138	-39.05616	0
10320	-34.17414	-59.39791	-27.66478	47.19286	0.81367	-43.12451	39.05616	23.59643	83.80801	64.27993	8.1367	-39.05616	0
10321	-34.98781	-64.27993	-31.73313	40.6835	0	-47.19286	36.61515	31.73313	92.75838	66.72094	0	-37.42882	0
10322	-34.98781	-71.60296	-40.6835	37.42882	1.62734	-54.51589	31.73313	39.05616	95.19939	65.90727	-6.50936	-31.73313	0
10323	-34.98781	-76.48498	-49.63387	40.6835	3.25468	-59.39791	23.59643	42.31084	93.57205	62.65259	-10.57771	-26.85111	0
10324	-34.98781	-78.11232	-55.32956	42.31084	5.69569	-61.83892	14.64606	38.24249	90.31737	57.77057	-15.45973	-23.59643	0
10325	-30.91946	-80.55333	-61.02525	38.24249	12.20505	-67.53461	9.76404	34.98781	90.31737	48.8202	-17.90074	-25.22377	0
10326	-19.52808	-80.55333	-70.78929	35.80148	24.4101	-74.04397	8.1367	35.80148	98.45407	44.75185	-13.01872	-26.85111	0
10327	-3.25468	-75.67131	-80.55333	39.05616	38.24249	-78.11232	4.88202	41.49717	107.40444	46.37919	-3.25468	-26.03744	0
10328	9.76404	-74.04397	-85.43535	43.12451	50.44754	-80.55333	3.25468	47.19286	116.35481	48.8202	1.62734	-25.22377	0
10329	17.90074	-77.29865	-82.99434	48.00653	56.9569	-81.367	4.06835	53.70222	123.67784	50.44754	0	-27.66478	0
10330	17.08707	-79.73966	-79.73966	50.44754	56.14323	-79.73966	8.1367	59.39791	126.93252	51.26121	-4.06835	-32.5468	0
10331	10.57771	-80.55333	-76.48498	49.63387	49.63387	-77.29865	13.01872	61.02525	123.67784	48.00653	-12.20505	-39.05616	0
10332	0	-81.367	-70.78929	48.00653	39.05616	-70.78929	16.2734	55.32956	118.79582	43.12451	-23.59643	-47.19286	0
10333	-12.20505	-78.92599	-60.21158	48.00653	26.85111	-63.46626	13.83239	45.56552	113.10013	38.24249	-32.5468	-53.70222	0
10334	-20.34175	-69.97562	-48.8202	43.12451	18.71441	-53.70222	6.50936	32.5468	106.59077	34.17414	-39.05616	-60.21158	0
10335	-17.90074	-56.9569	-41.49717	34.17414	17.08707	-47.19286	-1.62734	21.15542	100.89508	27.66478	-42.31084	-65.90727	0
10336	-12.20505	-50.44754	-39.05616	25.22377	17.90074	-47.19286	-8.95037	17.08707	98.45407	21.15542	-43.12451	-69.97562	0
10337	-8.1367	-52.07488	-42.31084	18.71441	20.34175	-52.88855	-8.95037	24.4101	104.14976	19.52808	-36.61515	-70.78929	0
10338	-6.50936	-57.77057	-49.63387	17.08707	26.85111	-60.21158	0.81367	37.42882	114.72747	23.59643	-28.47845	-69.97562	0
10339	-8.95037	-61.83892	-56.14323	19.52808	32.5468	-65.0936	15.45973	52.07488	127.74619	29.29212	-25.22377	-66.72094	0
10340	-17.90074	-66.72094	-56.9569	26.85111	32.5468	-65.90727	31.73313	64.27993	139.13757	35.80148	-23.59643	-61.02525	0
10341	-30.10579	-73.2303	-52.88855	34.98781	24.4101	-65.90727	43.93818	74.85764	144.01959	41.49717	-23.59643	-54.51589	0
10342	-35.80148	-75.67131	-49.63387	40.6835	16.2734	-65.90727	52.07488	80.55333	142.39225	46.37919	-25.22377	-50.44754	0
10343	-30.91946	-74.04397	-50.44754	43.93818	16.2734	-65.90727	51.26121	78.92599	135.06922	48.00653	-30.91946	-49.63387	0
10344	-21.15542	-69.97562	-55.32956	47.19286	21.15542	-65.0936	41.49717	69.16195	124.49151	43.12451	-36.61515	-48.8202	0
10345	-13.01872	-71.60296	-68.34828	51.26121	28.47845	-66.72094	30.10579	57.77057	114.72747	37.42882	-40.6835	-52.07488	0
10346	-4.88202	-82.99434	-87.87636	52.88855	41.49717	-76.48498	17.90074	46.37919	107.40444	35.80148	-44.75185	-61.83892	0
10347	-1.62734	-100.89508	-103.33609	56.9569	52.07488	-92.75838	8.1367	40.6835	106.59077	33.36047	-52.07488	-73.2303	0
10348	-7.32303	-117.16848	-110.65912	64.27993	53.70222	-107.40444	4.06835	43.12451	112.28646	32.5468	-63.46626	-80.55333	0
10349	-15.45973	-129.37353	-112.28646	71.60296	49.63387	-117.16848	5.69569	50.44754	121.23683	34.98781	-71.60296	-83.80801	0
10350	-16.2734	-133.44188	-112.28646	76.48498	48.8202	-118.79582	11.39138	60.21158	132.62821	40.6835	-70.78929	-79.73966	0
10351	-6.50936	-131.81454	-112.28646	78.11232	53.70222	-115.54114	17.90074	69.97562	145.64693	40.6835	-65.0936	-72.41663	0
10352	4.06835	-121.23683	-113.10013	71.60296	57.77057	-109.84545	21.96909	74.85764	155.41097	30.10579	-60.21158	-69.97562	0
10353	12.20505	-104.14976	-111.47279	57.77057	56.9569	-101.70875	26.85111	74.04397	160.29299	11.39138	-55.32956	-71.60296	0
10354	17.90074	-95.19939	-107.40444	43.12451	56.9569	-93.57205	34.17414	68.34828	156.22464	-3.25468	-51.26121	-74.85764	0
10355	17.08707	-98.45407	-100.08141	35.80148	55.32956	-87.06269	43.12451	58.58424	144.01959	-10.57771	-48.00653	-75.67131	0
10356	-0.81367	-103.33609	-88.69003	44.75185	42.31084	-85.43535	47.19286	49.63387	131.81454	-8.1367	-48.00653	-76.48498	0
10357	-30.91946	-104.14976	-78.11232	66.72094	22.78276	-90.31737	42.31084	44.75185	123.67784	0	-49.63387	-77.29865	0
10358	-49.63387	-103.33609	-74.04397	80.55333	11.39138	-94.38572	33.36047	44.75185	123.67784	10.57771	-50.44754	-74.85764	0
10359	-51.26121	-102.52242	-74.04397	82.18067	9.76404	-94.38572	25.22377	51.26121	130.1872	19.52808	-52.07488	-69.97562	0
10360	-47.19286	-100.89508	-69.16195	79.73966	8.1367	-90.31737	23.59643	61.83892	139.13757	22.78276	-52.88855	-64.27993	0
10361	-45.56552	-101.70875	-60.21158	81.367	1.62734	-83.80801	28.47845	71.60296	147.27427	22.78276	-52.88855	-61.02525	0
10362	-47.19286	-106.59077	-52.88855	83.80801	-6.50936	-81.367	35.80148	75.67131	150.52895	21.96909	-51.26121	-64.27993	0
10363	-49.63387	-114.72747	-55.32956	86.24902	-12.20505	-82.99434	38.24249	73.2303	149.71528	19.52808	-49.63387	-74.04397	0
10364	-56.14323	-127.74619	-63.46626	93.57205	-12.20505	-87.06269	36.61515	63.46626	143.20592	14.64606	-52.88855	-85.43535	0
10365	-65.90727	-148.08794	-69.16195	107.40444	-6.50936	-96.82673	33.36047	51.26121	135.88289	10.57771	-59.39791	-91.94471	0
10366	-74.04397	-169.24336	-67.53461	117.98215	0	-109.03178	31.73313	42.31084	130.1872	8.95037	-66.72094	-92.75838	0
10367	-78.92599	-183.07575	-69.97562	123.67784	6.50936	-121.23683	27.66478	34.17414	121.23683	6.50936	-74.04397	-91.13104	0
10368	-72.41663	-186.33043	-87.06269	122.0505	17.90074	-134.25555	21.96909	27.66478	111.47279	4.06835	-80.55333	-90.31737	0
10369	-48.8202	-182.26208	-116.35481	109.84545	41.49717	-148.08794	17.08707	25.22377	109.84545	4.06835	-82.99434	-93.57205	0
10370	-21.96909	-174.12538	-142.39225	93.57205	64.27993	-157.03831	15.45973	27.66478	117.98215	4.88202	-85.43535	-98.45407	0
10371	-5.69569	-164.36134	-153.78363	82.18067	75.67131	-157.03831	16.2734	30.91946	129.37353	1.62734	-91.13104	-103.33609	0
10372	-10.57771	-161.92033	-149.71528	83.80801	69.97562	-153.78363	14.64606	33.36047	133.44188	-4.88202	-101.70875	-108.21811	0
10373	-30.10579	-176.56639	-135.06922	95.19939	48.00653	-155.41097	12.20505	34.17414	128.55986	-13.83239	-113.10013	-113.10013	0
10374	-51.26121	-199.34915	-114.72747	106.59077	17.08707	-157.03831	13.83239	35.80148	123.67784	-16.2734	-113.10013	-113.10013	0
10375	-64.27993	-204.23117	-95.19939	111.47279	-8.1367	-150.52895	18.71441	39.05616	127.74619	-8.1367	-100.89508	-104.96343	0
10376	-66.72094	-181.44841	-77.29865	110.65912	-22.78276	-131.00087	25.22377	44.75185	135.88289	1.62734	-87.87636	-92.75838	0
10377	-61.83892	-150.52895	-61.02525	109.03178	-27.66478	-107.40444	30.91946	47.19286	139.95124	7.32303	-81.367	-82.99434	0
10378	-56.14323	-133.44188	-52.07488	111.47279	-26.85111	-94.38572	33.36047	43.12451	135.06922	8.95037	-80.55333	-83.80801	0
10379	-53.70222	-130.1872	-54.51589	112.28646	-18.71441	-93.57205	31.73313	34.98781	127.74619	9.76404	-82.99434	-93.57205	0
10380	-51.26121	-135.06922	-70.78929	109.03178	-1.62734	-103.33609	26.85111	25.22377	122.0505	10.57771	-87.06269	-104.96343	0
10381	-44.75185	-144.01959	-89.5037	104.96343	19.52808	-116.35481	21.96909	19.52808	119.60949	8.95037	-87.87636	-113.10013	0
10382	-37.42882	-154.5973	-100.08141	100.89508	38.24249	-124.49151	15.45973	17.90074	117.98215	5.69569	-82.99434	-116.35481	0
10383	-36.61515	-159.47932	-102.52242	98.45407	45.56552	-130.1872	7.32303	17.90074	115.54114	1.62734	-78.11232	-115.54114	0
10384	-49.63387	-157.85198	-91.94471	102.52242	34.17414	-135.88289	0	19.52808	112.28646	0	-72.41663	-109.84545	0
10385	-71.60296	-157.03831	-77.29865	113.10013	13.01872	-139.95124	-6.50936	22.78276	112.28646	0	-66.72094	-100.08141	0
10386	-89.5037	-163.54767	-73.2303	126.11885	-0.81367	-139.95124	-9.76404	26.85111	114.72747	1.62734	-63.46626	-91.13104	0
10387	-98.45407	-174.12538	-75.67131	136.69656	-10.57771	-137.51023	-8.95037	30.10579	117.98215	4.06835	-63.46626	-87.87636	0
10388	-100.08141	-182.26208	-76.48498	144.83326	-16.2734	-135.88289	-4.06835	33.36047	120.42316	9.76404	-65.90727	-87.87636	0
10389	-97.6404	-187.95777	-78.11232	147.27427	-17.90074	-133.44188	0	35.80148	122.86417	16.2734	-67.53461	-88.69003	0
10390	-96.01306	-185.51676	-75.67131	144.01959	-17.08707	-126.93252	1.62734	36.61515	122.0505	20.34175	-68.34828	-90.31737	0
10391	-91.13104	-175.75272	-72.41663	139.13757	-13.83239	-117.98215	2.44101	37.42882	118.79582	20.34175	-67.53461	-90.31737	0
10392	-86.24902	-170.8707	-70.78929	132.62821	-8.95037	-119.60949	1.62734	39.05616	112.28646	20.34175	-68.34828	-87.87636	0
10393	-86.24902	-178.19373	-71.60296	127.74619	-5.69569	-133.44188	-0.81367	37.42882	104.14976	17.90074	-70.78929	-83.80801	0
10394	-91.13104	-189.58511	-78.11232	125.30518	-2.44101	-147.27427	-1.62734	32.5468	96.01306	13.01872	-69.16195	-80.55333	0
10395	-94.38572	-189.58511	-81.367	123.67784	-1.62734	-148.90161	2.44101	28.47845	94.38572	10.57771	-62.65259	-79.73966	0
10396	-94.38572	-174.93905	-74.85764	120.42316	-2.44101	-134.25555	13.01872	24.4101	97.6404	10.57771	-57.77057	-82.18067	0
10397	-90.31737	-155.41097	-63.46626	113.9138	-2.44101	-115.54114	25.22377	22.78276	100.08141	10.57771	-55.32956	-84.62168	0
10398	-83.80801	-139.95124	-55.32956	108.21811	-2.44101	-100.89508	35.80148	21.96909	99.26774	13.83239	-51.26121	-89.5037	0
10399	-74.85764	-131.81454	-55.32956	103.33609	-2.44101	-95.19939	39.05616	21.96909	91.13104	17.08707	-48.8202	-93.57205	0
10400	-69.97562	-130.1872	-60.21158	101.70875	-0.81367	-95.19939	32.5468	21.15542	79.73966	18.71441	-48.8202	-96.01306	0
10401	-65.90727	-131.00087	-66.72094	100.89508	1.62734	-98.45407	22.78276	17.08707	67.53461	21.15542	-50.44754	-98.45407	0
10402	-59.39791	-134.25555	-71.60296	96.82673	5.69569	-100.08141	13.83239	8.95037	56.14323	21.96909	-53.70222	-98.45407	0
10403	-57.77057	-139.95124	-68.34828	94.38572	5.69569	-96.82673	8.95037	1.62734	51.26121	21.96909	-56.9569	-96.01306	0
10404	-61.02525	-139.13757	-61.02525	94.38572	1.62734	-91.13104	12.20505	0.81367	53.70222	26.03744	-55.32956	-93.57205	0
10405	-61.02525	-128.55986	-54.51589	91.94471	0	-84.62168	22.78276	5.69569	59.39791	31.73313	-46.37919	-90.31737	0
10406	-55.32956	-115.54114	-52.07488	89.5037	0	-79.73966	37.42882	7.32303	61.83892	35.80148	-30.91946	-84.62168	0
10407	-49.63387	-106.59077	-50.44754	86.24902	0	-79.73966	52.07488	8.1367	61.02525	36.61515	-13.01872	-79.73966	0
10408	-48.00653	-102.52242	-47.19286	82.18067	-2.44101	-82.18067	60.21158	8.1367	59.39791	34.98781	3.25468	-75.67131	0
10409	-48.8202	-101.70875	-42.31084	76.48498	-4.88202	-84.62168	57.77057	8.1367	61.02525	30.91946	14.64606	-70.78929	0
10410	-52.88855	-101.70875	-39.05616	74.04397	-7.32303	-82.99434	48.00653	5.69569	67.53461	30.91946	17.90074	-66.72094	0
10411	-58.58424	-99.26774	-35.80148	74.04397	-9.76404	-76.48498	40.6835	0.81367	79.73966	35.80148	11.39138	-65.90727	0
10412	-65.0936	-93.57205	-28.47845	74.85764	-16.2734	-65.90727	35.80148	-5.69569	95.19939	44.75185	-3.25468	-64.27993	0
10413	-71.60296	-87.06269	-18.71441	74.04397	-21.15542	-55.32956	32.5468	-10.57771	109.03178	55.32956	-25.22377	-61.83892	0
10414	-76.48498	-81.367	-14.64606	71.60296	-21.96909	-48.00653	28.47845	-8.95037	112.28646	62.65259	-47.19286	-58.58424	0
10415	-74.85764	-75.67131	-14.64606	69.16195	-19.52808	-44.75185	24.4101	-2.44101	106.59077	63.46626	-62.65259	-56.14323	0
10416	-66.72094	-70.78929	-14.64606	62.65259	-17.90074	-41.49717	21.15542	4.88202	96.82673	57.77057	-65.0936	-52.88855	0
10417	-56.9569	-69.97562	-13.83239	55.32956	-15.45973	-37.42882	20.34175	13.01872	87.87636	49.63387	-56.14323	-48.00653	0
10418	-52.07488	-69.16195	-12.20505	48.8202	-16.2734	-36.61515	21.15542	16.2734	81.367	44.75185	-47.19286	-42.31084	0
10419	-56.14323	-65.90727	-8.95037	45.56552	-21.96909	-35.80148	24.4101	15.45973	81.367	45.56552	-39.05616	-38.24249	0
10420	-60.21158	-61.02525	-4.88202	45.56552	-26.85111	-34.17414	29.29212	17.08707	89.5037	52.88855	-27.66478	-34.17414	0
10421	-56.9569	-53.70222	-2.44101	44.75185	-26.85111	-30.10579	31.73313	22.78276	102.52242	61.83892	-17.90074	-30.91946	0
10422	-48.8202	-43.12451	-1.62734	39.86983	-24.4101	-24.4101	27.66478	25.22377	114.72747	66.72094	-12.20505	-31.73313	0
10423	-42.31084	-33.36047	-4.88202	34.17414	-20.34175	-20.34175	17.90074	18.71441	119.60949	64.27993	-9.76404	-37.42882	0
10424	-36.61515	-30.10579	-8.95037	30.91946	-15.45973	-20.34175	4.06835	1.62734	116.35481	57.77057	-15.45973	-44.75185	0
10425	-34.17414	-25.22377	-5.69569	27.66478	-14.64606	-16.2734	-9.76404	-21.15542	106.59077	51.26121	-25.22377	-47.19286	0
10426	-33.36047	-12.20505	4.06835	21.15542	-17.08707	-1.62734	-21.15542	-42.31084	98.45407	50.44754	-29.29212	-41.49717	0
10427	-30.91946	4.88202	9.76404	10.57771	-16.2734	14.64606	-31.73313	-58.58424	94.38572	53.70222	-28.47845	-33.36047	0
10428	-26.03744	16.2734	10.57771	0.81367	-13.01872	23.59643	-47.19286	-66.72094	92.75838	56.14323	-27.66478	-27.66478	0
10429	-16.2734	20.34175	6.50936	-7.32303	-9.76404	21.96909	-61.83892	-65.90727	92.75838	58.58424	-28.47845	-26.03744	0
10430	-4.06835	18.71441	-0.81367	-13.01872	-12.20505	13.83239	-71.60296	-59.39791	89.5037	58.58424	-32.5468	-26.85111	0
10431	-8.1367	5.69569	-2.44101	-2.44101	-21.15542	4.06835	-74.04397	-51.26121	84.62168	55.32956	-36.61515	-30.91946	0
10432	-31.73313	-21.15542	0.81367	23.59643	-33.36047	-8.95037	-69.16195	-46.37919	78.92599	50.44754	-37.42882	-34.17414	0
10433	-56.9569	-49.63387	4.06835	51.26121	-43.12451	-22.78276	-58.58424	-43.93818	70.78929	43.93818	-38.24249	-34.17414	0
10434	-69.97562	-57.77057	11.39138	61.83892	-47.19286	-23.59643	-47.19286	-40.6835	67.53461	42.31084	-36.61515	-31.73313	0
10435	-65.90727	-44.75185	20.34175	55.32956	-45.56552	-13.01872	-38.24249	-37.42882	72.41663	43.12451	-28.47845	-28.47845	0
10436	-48.8202	-26.03744	19.52808	37.42882	-33.36047	-4.06835	-34.17414	-37.42882	79.73966	41.49717	-20.34175	-26.85111	0
10437	-21.15542	-11.39138	4.88202	16.2734	-10.57771	-4.88202	-34.17414	-37.42882	86.24902	37.42882	-16.2734	-27.66478	0
10438	0.81367	-10.57771	-15.45973	3.25468	10.57771	-15.45973	-35.80148	-36.61515	87.87636	32.5468	-19.52808	-28.47845	0
10439	8.95037	-30.91946	-39.05616	12.20505	23.59643	-37.42882	-39.05616	-34.98781	85.43535	26.85111	-27.66478	-31.73313	0
10440	5.69569	-69.16195	-62.65259	39.05616	27.66478	-67.53461	-40.6835	-36.61515	78.92599	24.4101	-36.61515	-36.61515	0
10441	-4.06835	-106.59077	-83.80801	65.90727	30.10579	-96.01306	-34.17414	-37.42882	72.41663	26.03744	-40.6835	-38.24249	0
10442	-13.83239	-132.62821	-102.52242	82.18067	31.73313	-117.98215	-21.96909	-38.24249	68.34828	27.66478	-41.49717	-34.17414	0
10443	-17.90074	-145.64693	-116.35481	88.69003	32.5468	-131.00087	-11.39138	-40.6835	63.46626	26.85111	-43.12451	-29.29212	0
10444	-17.90074	-147.27427	-117.98215	87.87636	33.36047	-130.1872	-4.88202	-44.75185	56.14323	24.4101	-44.75185	-26.03744	0
10445	-19.52808	-142.39225	-105.7771	80.55333	30.91946	-115.54114	-2.44101	-52.07488	46.37919	23.59643	-43.12451	-25.22377	0
10446	-30.91946	-131.81454	-86.24902	78.11232	21.15542	-100.08141	-3.25468	-58.58424	36.61515	21.15542	-43.93818	-29.29212	0
10447	-48.00653	-119.60949	-71.60296	86.24902	9.76404	-90.31737	-2.44101	-61.02525	28.47845	16.2734	-49.63387	-38.24249	0
10448	-59.39791	-114.72747	-65.90727	96.01306	4.06835	-82.18067	0.81367	-56.14323	26.85111	15.45973	-53.70222	-44.75185	0
10449	-63.46626	-121.23683	-65.0936	100.08141	2.44101	-78.92599	9.76404	-43.12451	34.98781	14.64606	-56.14323	-47.19286	0
10450	-62.65259	-131.81454	-69.97562	100.89508	4.88202	-86.24902	17.90074	-27.66478	47.19286	11.39138	-61.02525	-50.44754	0
10451	-57.77057	-139.13757	-82.99434	100.08141	13.83239	-100.89508	22.78276	-14.64606	58.58424	4.88202	-66.72094	-55.32956	0
10452	-48.8202	-144.01959	-98.45407	98.45407	23.59643	-117.16848	21.15542	-7.32303	63.46626	0	-74.04397	-61.83892	0
10453	-39.86983	-146.4606	-112.28646	94.38572	30.10579	-129.37353	11.39138	-12.20505	57.77057	-5.69569	-83.80801	-68.34828	0
10454	-34.17414	-148.08794	-118.79582	91.94471	34.17414	-135.88289	-0.81367	-28.47845	44.75185	-13.01872	-96.01306	-74.04397	0
10455	-34.98781	-153.78363	-123.67784	95.19939	38.24249	-139.13757	-13.83239	-47.19286	28.47845	-20.34175	-106.59077	-81.367	0
10456	-39.05616	-166.80235	-132.62821	103.33609	43.12451	-145.64693	-21.15542	-61.83892	17.08707	-20.34175	-111.47279	-83.80801	0
10457	-42.31084	-181.44841	-143.20592	113.10013	49.63387	-154.5973	-17.90074	-69.16195	17.90074	-12.20505	-106.59077	-81.367	0
10458	-43.12451	-193.65346	-154.5973	122.86417	56.14323	-164.36134	-9.76404	-66.72094	25.22377	-0.81367	-96.01306	-78.11232	0
10459	-42.31084	-200.97649	-161.10666	127.74619	60.21158	-171.68437	0.81367	-56.9569	36.61515	6.50936	-87.87636	-74.85764	0
10460	-41.49717	-199.34915	-159.47932	126.11885	59.39791	-172.49804	12.20505	-39.86983	50.44754	8.95037	-84.62168	-70.78929	0
10461	-41.49717	-192.83979	-153.78363	121.23683	56.9569	-166.80235	18.71441	-22.78276	61.83892	7.32303	-82.18067	-69.97562	0
10462	-41.49717	-187.95777	-148.90161	115.54114	54.51589	-156.22464	18.71441	-9.76404	71.60296	5.69569	-79.73966	-73.2303	0
10463	-34.98781	-179.0074	-144.83326	112.28646	56.9569	-145.64693	15.45973	-2.44101	82.18067	3.25468	-78.11232	-78.11232	0
10464	-21.15542	-162.734	-142.39225	108.21811	63.46626	-137.51023	13.83239	-1.62734	90.31737	0	-78.11232	-78.92599	0
10465	-10.57771	-145.64693	-139.13757	100.89508	67.53461	-133.44188	12.20505	-5.69569	92.75838	0	-75.67131	-74.85764	0
10466	-16.2734	-135.06922	-128.55986	96.82673	58.58424	-129.37353	12.20505	-6.50936	93.57205	0	-73.2303	-68.34828	0
10467	-30.91946	-133.44188	-113.9138	96.82673	43.93818	-127.74619	15.45973	-3.25468	92.75838	0	-73.2303	-65.90727	0
10468	-41.49717	-140.76491	-104.14976	96.82673	32.5468	-128.55986	18.71441	-0.81367	88.69003	3.25468	-72.41663	-65.0936	0
10469	-50.44754	-149.71528	-99.26774	99.26774	25.22377	-131.81454	20.34175	-1.62734	80.55333	7.32303	-73.2303	-67.53461	0
10470	-52.88855	-157.03831	-102.52242	104.14976	25.22377	-135.06922	22.78276	-4.88202	72.41663	10.57771	-76.48498	-73.2303	0
10471	-47.19286	-164.36134	-117.16848	109.03178	34.98781	-144.01959	26.03744	-10.57771	67.53461	9.76404	-82.99434	-79.73966	0
10472	-39.05616	-173.31171	-137.51023	113.10013	50.44754	-158.66565	30.91946	-19.52808	65.0936	6.50936	-90.31737	-84.62168	0
10473	-32.5468	-178.19373	-156.22464	115.54114	63.46626	-172.49804	34.17414	-31.73313	61.02525	1.62734	-96.82673	-85.43535	0
10474	-26.03744	-179.82107	-170.05703	113.10013	74.85764	-181.44841	36.61515	-41.49717	52.07488	0	-99.26774	-84.62168	0
10475	-17.90074	-179.82107	-178.19373	104.96343	82.99434	-184.70309	38.24249	-48.00653	39.05616	-2.44101	-97.6404	-84.62168	0
10476	-15.45973	-181.44841	-175.75272	96.82673	82.99434	-182.26208	37.42882	-56.9569	19.52808	-7.32303	-96.82673	-82.18067	0
10477	-20.34175	-179.82107	-160.29299	92.75838	70.78929	-170.05703	34.17414	-77.29865	-10.57771	-11.39138	-99.26774	-75.67131	0
10478	-25.22377	-173.31171	-134.25555	95.19939	50.44754	-152.15629	24.4101	-116.35481	-61.02525	-21.96909	-100.89508	-69.16195	0
10479	-31.73313	-164.36134	-105.7771	100.89508	26.85111	-134.25555	4.06835	-185.51676	-139.13757	-48.00653	-97.6404	-65.90727	0
10480	-41.49717	-145.64693	-79.73966	100.08141	8.1367	-112.28646	-28.47845	-283.97083	-243.28733	-82.99434	-87.06269	-58.58424	0
10481	-53.70222	-116.35481	-49.63387	89.5037	-8.1367	-82.18067	-68.34828	-401.13931	-369.40618	-115.54114	-69.97562	-35.80148	0
10482	-63.46626	-73.2303	-4.88202	69.97562	-30.91946	-38.24249	-107.40444	-524.00348	-511.79843	-139.95124	-43.93818	5.69569	0
10483	-59.39791	-5.69569	53.70222	33.36047	-55.32956	23.59643	-146.4606	-641.17196	-664.76839	-156.22464	-3.25468	64.27993	0
10484	-39.86983	82.18067	118.79582	-21.96909	-75.67131	100.89508	-187.95777	-754.27209	-824.24771	-166.80235	52.07488	135.06922	0
10485	-8.95037	188.77144	192.83979	-90.31737	-96.82673	190.39878	-231.08228	-869.81323	-977.21767	-170.8707	123.67784	215.62255	0
10486	24.4101	316.51763	285.59817	-170.8707	-126.93252	299.43056	-270.95211	-999.18676	-1119.60992	-165.17501	214.80888	308.38093	0
10487	56.9569	462.97823	399.51197	-261.18807	-167.61602	429.61776	-313.26295	-1164.36177	-1264.44318	-152.96996	319.77231	411.71702	0
10488	79.73966	613.50718	528.07183	-348.25076	-221.31824	568.75533	-366.96517	-1375.91597	-1430.43186	-139.95124	422.29473	513.42577	0
10489	91.13104	759.96778	664.76839	-427.17675	-284.7845	710.33391	-442.63648	-1620.01697	-1613.50761	-124.49151	518.30779	607.81149	0
10490	103.33609	890.15498	800.65128	-506.10274	-347.43709	835.63909	-545.97257	-1866.55898	-1793.32868	-95.19939	599.67479	688.36482	0
10491	118.79582	983.72703	912.93774	-578.51937	-395.44362	922.70178	-670.46408	-2084.62254	-1947.92598	-49.63387	662.32738	747.76273	0
10492	139.13757	1040.68393	967.45363	-625.71223	-412.53069	970.70831	-787.63256	-2238.40617	-2050.4484	-3.25468	705.45189	788.44623	0
10493	161.92033	1035.80191	929.21114	-628.96691	-381.61123	955.24858	-870.6269	-2295.36307	-2067.53547	21.15542	707.07923	794.14192	0
10494	170.05703	925.95646	790.88724	-567.94166	-306.75359	840.52111	-903.98737	-2239.21984	-1977.2181	24.4101	642.7993	742.88071	0
10495	152.15629	708.70657	571.19634	-441.00914	-206.67218	631.40792	-893.40966	-2091.1319	-1802.27905	-2.44101	506.10274	630.59425	0
10496	113.9138	419.85372	307.56726	-270.95211	-94.38572	360.45581	-859.23552	-1891.78275	-1611.88027	-85.43535	300.24423	467.86025	0
10497	69.16195	115.54114	40.6835	-92.75838	16.2734	77.29865	-824.24771	-1681.04222	-1462.16499	-240.84632	51.26121	281.52982	0
10498	29.29212	-154.5973	-191.21245	62.65259	112.28646	-173.31171	-794.95559	-1492.27078	-1365.33826	-460.53722	-198.53548	107.40444	0
10499	0	-361.26948	-367.77884	181.44841	184.70309	-365.33783	-773.80017	-1337.67348	-1320.58641	-703.82455	-410.08968	-31.73313	0
10500	-21.15542	-501.22072	-484.94732	261.18807	232.70962	-493.89769	-752.64475	-1203.41793	-1312.44971	-913.75141	-554.92294	-129.37353	0
10501	-37.42882	-581.77405	-554.10927	313.26295	258.74706	-571.19634	-718.47061	-1067.53504	-1296.17631	-1041.4976	-625.71223	-187.1441	0
10502	-43.93818	-616.76186	-594.79277	340.11406	270.95211	-615.13452	-663.14105	-917.00609	-1235.15106	-1074.85807	-634.6626	-213.18154	0
10503	-37.42882	-625.71223	-615.13452	343.36874	273.39312	-633.03526	-585.8424	-751.83108	-1114.7279	-1022.78319	-596.42011	-217.24989	0
10504	-22.78276	-608.62516	-608.62516	325.468	272.57945	-619.20287	-489.01567	-579.33304	-944.67087	-906.42838	-526.44449	-203.4175	0
10505	-8.1367	-566.31432	-575.26469	293.73487	266.07009	-577.7057	-385.67958	-417.41271	-754.27209	-758.34044	-445.89116	-176.56639	0
10506	0	-520.7488	-524.81715	266.07009	248.98302	-526.44449	-293.73487	-286.41184	-576.89203	-612.69351	-375.91554	-151.34262	0
10507	6.50936	-480.87897	-470.30126	249.79669	225.38659	-477.62429	-219.6909	-188.77144	-425.54941	-483.31998	-323.84066	-133.44188	0
10508	8.1367	-439.3818	-422.29473	230.26861	209.11319	-431.2451	-160.29299	-115.54114	-296.98955	-368.59251	-288.85285	-121.23683	0
10509	11.39138	-396.25729	-389.74793	204.23117	200.16282	-391.37527	-114.72747	-63.46626	-191.21245	-271.76578	-266.88376	-115.54114	0
10510	17.90074	-358.82847	-370.21985	177.38006	192.02612	-361.26948	-84.62168	-33.36047	-110.65912	-200.97649	-248.98302	-109.84545	0
10511	26.03744	-324.65433	-352.31911	152.15629	183.07575	-336.04571	-67.53461	-18.71441	-54.51589	-160.29299	-231.08228	-102.52242	0
10512	33.36047	-291.29386	-329.53635	128.55986	173.31171	-308.38093	-50.44754	-5.69569	-11.39138	-139.95124	-208.29952	-91.94471	0
10513	34.98781	-259.56073	-299.43056	110.65912	161.10666	-278.27514	-25.22377	17.90074	30.10579	-123.67784	-174.93905	-80.55333	0
10514	31.73313	-227.01393	-264.44275	95.19939	145.64693	-244.91467	8.1367	56.9569	73.2303	-98.45407	-132.62821	-69.16195	0
10515	30.10579	-192.02612	-226.20026	79.73966	126.93252	-209.11319	41.49717	103.33609	113.10013	-63.46626	-92.75838	-55.32956	0
10516	34.17414	-158.66565	-192.83979	63.46626	112.28646	-176.56639	63.46626	147.27427	145.64693	-28.47845	-62.65259	-42.31084	0
10517	42.31084	-132.62821	-171.68437	44.75185	104.96343	-153.78363	73.2303	176.56639	170.05703	2.44101	-45.56552	-35.80148	0
10518	50.44754	-116.35481	-160.29299	26.85111	101.70875	-140.76491	77.29865	193.65346	188.77144	29.29212	-39.86983	-33.36047	0
10519	54.51589	-106.59077	-152.15629	17.08707	99.26774	-131.81454	79.73966	204.23117	204.23117	50.44754	-37.42882	-31.73313	0
10520	57.77057	-100.08141	-149.71528	14.64606	98.45407	-126.93252	88.69003	212.36787	218.87723	65.0936	-34.17414	-29.29212	0
10521	61.02525	-94.38572	-149.71528	13.01872	101.70875	-122.86417	104.14976	220.50457	231.08228	72.41663	-29.29212	-28.47845	0
10522	58.58424	-87.87636	-144.01959	13.01872	99.26774	-116.35481	121.23683	229.45494	239.21898	72.41663	-28.47845	-27.66478	0
10523	50.44754	-81.367	-131.81454	14.64606	91.94471	-106.59077	134.25555	237.59164	242.47366	68.34828	-32.5468	-26.85111	0
10524	40.6835	-76.48498	-118.79582	17.08707	82.18067	-97.6404	137.51023	240.03265	240.03265	63.46626	-36.61515	-26.85111	0
10525	29.29212	-68.34828	-100.89508	18.71441	67.53461	-84.62168	133.44188	236.77797	231.08228	59.39791	-37.42882	-28.47845	0
10526	17.08707	-56.9569	-83.80801	18.71441	51.26121	-68.34828	126.93252	227.8276	220.50457	55.32956	-34.98781	-31.73313	0
10527	9.76404	-50.44754	-78.11232	18.71441	40.6835	-58.58424	123.67784	218.06356	213.18154	52.07488	-27.66478	-35.80148	0
10528	9.76404	-45.56552	-83.80801	13.01872	43.93818	-57.77057	125.30518	215.62255	213.18154	52.07488	-13.83239	-38.24249	0
10529	13.01872	-39.05616	-94.38572	0	60.21158	-62.65259	132.62821	220.50457	220.50457	56.14323	-2.44101	-34.98781	0
10530	13.01872	-39.86983	-106.59077	-7.32303	76.48498	-70.78929	138.3239	226.20026	230.26861	59.39791	0	-32.5468	0
10531	13.83239	-50.44754	-115.54114	-2.44101	81.367	-85.43535	135.06922	228.64127	237.59164	58.58424	-5.69569	-36.61515	0
10532	19.52808	-59.39791	-117.16848	4.06835	74.85764	-100.08141	129.37353	227.8276	240.84632	61.02525	-14.64606	-42.31084	0
10533	25.22377	-62.65259	-112.28646	8.1367	67.53461	-106.59077	126.93252	222.13191	243.28733	65.0936	-19.52808	-47.19286	0
10534	34.98781	-62.65259	-110.65912	8.95037	65.0936	-105.7771	127.74619	219.6909	253.05137	69.97562	-17.90074	-48.00653	0
10535	50.44754	-63.46626	-120.42316	4.06835	69.16195	-104.96343	131.00087	222.94558	264.44275	76.48498	-13.83239	-43.12451	0
10536	65.90727	-62.65259	-132.62821	-0.81367	80.55333	-106.59077	133.44188	227.01393	274.20679	85.43535	-7.32303	-34.98781	0
10537	74.85764	-56.9569	-135.06922	-8.1367	90.31737	-100.08141	136.69656	231.89595	283.97083	97.6404	0.81367	-27.66478	0
10538	74.04397	-47.19286	-123.67784	-13.01872	90.31737	-89.5037	141.57858	230.26861	288.85285	107.40444	8.1367	-23.59643	0
10539	64.27993	-40.6835	-104.14976	-9.76404	78.92599	-79.73966	147.27427	223.75925	288.03918	111.47279	13.01872	-21.15542	0
10540	48.8202	-41.49717	-83.80801	0	61.02525	-70.78929	149.71528	222.94558	286.41184	109.03178	14.64606	-19.52808	0
10541	30.10579	-43.93818	-70.78929	13.83239	45.56552	-65.90727	148.08794	226.20026	287.22551	104.96343	12.20505	-20.34175	0
10542	17.08707	-48.8202	-74.04397	26.85111	43.12451	-67.53461	143.20592	232.70962	290.48019	101.70875	5.69569	-24.4101	0
10543	18.71441	-55.32956	-89.5037	29.29212	48.8202	-69.97562	140.76491	240.03265	293.73487	98.45407	-0.81367	-30.10579	0
10544	37.42882	-55.32956	-108.21811	21.96909	58.58424	-71.60296	144.83326	243.28733	292.9212	95.19939	-3.25468	-33.36047	0
10545	63.46626	-43.93818	-120.42316	11.39138	72.41663	-71.60296	152.96996	240.84632	288.85285	95.19939	-1.62734	-32.5468	0
10546	76.48498	-30.91946	-117.16848	1.62734	81.367	-66.72094	156.22464	239.21898	283.15716	98.45407	0	-26.03744	0
10547	74.04397	-26.03744	-104.96343	-0.81367	80.55333	-60.21158	152.15629	244.91467	282.34349	104.96343	0.81367	-19.52808	0
10548	65.90727	-29.29212	-92.75838	2.44101	75.67131	-53.70222	139.13757	257.93339	287.22551	111.47279	4.06835	-17.90074	0
10549	56.9569	-31.73313	-81.367	5.69569	68.34828	-49.63387	125.30518	273.39312	293.73487	118.79582	7.32303	-19.52808	0
10550	56.9569	-28.47845	-74.85764	-4.06835	66.72094	-43.93818	118.79582	286.41184	301.0579	126.93252	8.1367	-20.34175	0
10551	71.60296	-21.15542	-75.67131	-26.03744	72.41663	-37.42882	122.0505	296.17588	310.00827	135.06922	5.69569	-21.15542	0
10552	85.43535	-8.95037	-78.92599	-44.75185	74.85764	-34.17414	132.62821	302.68524	322.21332	139.95124	0	-23.59643	0
10553	89.5037	12.20505	-75.67131	-52.88855	72.41663	-30.10579	144.01959	309.1946	336.85938	142.39225	-5.69569	-22.78276	0
10554	82.18067	30.10579	-57.77057	-56.9569	61.83892	-15.45973	154.5973	317.3313	349.8781	139.13757	-4.06835	-18.71441	0
10555	61.83892	30.10579	-29.29212	-51.26121	40.6835	2.44101	161.10666	323.84066	351.50544	133.44188	3.25468	-13.01872	0
10556	34.98781	15.45973	-9.76404	-34.17414	19.52808	8.1367	163.54767	323.02699	331.97736	130.1872	13.83239	-10.57771	0
10557	15.45973	-1.62734	-8.95037	-14.64606	10.57771	0	163.54767	318.95864	302.68524	129.37353	25.22377	-7.32303	0
10558	8.95037	-13.01872	-17.90074	-3.25468	12.20505	-13.01872	163.54767	318.14497	283.97083	131.00087	34.98781	0	0
10559	8.95037	-17.08707	-25.22377	0	16.2734	-21.15542	161.10666	320.58598	288.03918	135.88289	48.00653	6.50936	0
10560	10.57771	-15.45973	-27.66478	0	18.71441	-22.78276	154.5973	326.28167	311.63561	144.01959	61.83892	11.39138	0
10561	16.2734	-7.32303	-27.66478	-4.88202	22.78276	-18.71441	146.4606	337.67305	344.18241	152.96996	69.16195	13.01872	0
10562	26.85111	4.06835	-25.22377	-16.2734	27.66478	-10.57771	136.69656	356.38746	376.72921	161.10666	58.58424	10.57771	0
10563	35.80148	18.71441	-19.52808	-28.47845	29.29212	-0.81367	130.1872	372.66086	397.88463	165.98868	30.10579	4.88202	0
10564	41.49717	31.73313	-13.01872	-37.42882	28.47845	7.32303	131.00087	381.61123	402.76665	165.98868	0.81367	0.81367	0
10565	47.19286	37.42882	-8.1367	-44.75185	25.22377	12.20505	136.69656	382.4249	393.00261	158.66565	-17.08707	0.81367	0
10566	54.51589	34.17414	-2.44101	-49.63387	17.08707	13.83239	142.39225	377.54288	373.47453	148.08794	-17.08707	1.62734	0
10567	63.46626	32.5468	2.44101	-51.26121	11.39138	15.45973	147.27427	372.66086	355.57379	138.3239	-3.25468	0.81367	0
10568	69.97562	40.6835	2.44101	-54.51589	13.01872	20.34175	150.52895	371.84719	344.18241	131.00087	8.1367	0.81367	0
10569	74.85764	55.32956	1.62734	-62.65259	20.34175	26.85111	151.34262	378.35655	344.18241	126.93252	16.2734	0	0
10570	76.48498	71.60296	5.69569	-72.41663	26.03744	37.42882	153.78363	394.62995	353.13278	128.55986	25.22377	1.62734	0
10571	70.78929	84.62168	17.90074	-77.29865	23.59643	52.07488	155.41097	414.9717	367.77884	134.25555	34.17414	6.50936	0
10572	58.58424	87.06269	34.17414	-73.2303	15.45973	64.27993	156.22464	432.05877	380.79756	139.13757	40.6835	13.01872	0
10573	43.93818	83.80801	51.26121	-65.0936	5.69569	69.97562	154.5973	444.26382	386.49325	142.39225	43.93818	16.2734	0
10574	35.80148	87.87636	63.46626	-63.46626	-2.44101	75.67131	149.71528	450.77318	383.23857	141.57858	46.37919	15.45973	0
10575	43.93818	106.59077	69.97562	-71.60296	-4.06835	87.06269	145.64693	451.58685	375.10187	138.3239	49.63387	14.64606	0
10576	62.65259	131.00087	77.29865	-84.62168	-4.06835	102.52242	148.08794	451.58685	368.59251	139.13757	56.14323	18.71441	0
10577	74.85764	146.4606	88.69003	-95.19939	-12.20505	115.54114	157.03831	454.02786	362.08315	142.39225	67.53461	30.10579	0
10578	74.04397	149.71528	100.89508	-103.33609	-23.59643	124.49151	169.24336	459.72355	354.76012	148.08794	80.55333	43.93818	0
10579	76.48498	149.71528	101.70875	-113.9138	-21.96909	129.37353	181.44841	468.67392	345.80975	156.22464	87.87636	54.51589	0
10580	90.31737	151.34262	94.38572	-127.74619	-10.57771	125.30518	189.58511	480.87897	338.48672	161.92033	85.43535	56.9569	0
10581	104.14976	152.15629	87.06269	-136.69656	-2.44101	117.98215	188.77144	494.71136	335.23204	157.85198	75.67131	52.88855	0
10582	104.14976	150.52895	83.80801	-134.25555	-0.81367	117.16848	182.26208	506.91641	336.04571	148.90161	66.72094	47.19286	0
10583	89.5037	146.4606	93.57205	-117.98215	-14.64606	124.49151	171.68437	513.42577	335.23204	139.95124	63.46626	42.31084	0
10584	69.16195	142.39225	118.79582	-93.57205	-41.49717	135.88289	158.66565	512.6121	328.72268	130.1872	62.65259	37.42882	0
10585	52.88855	152.96996	144.83326	-83.80801	-63.46626	152.96996	147.27427	501.22072	317.3313	120.42316	64.27993	35.80148	0
10586	53.70222	183.07575	161.10666	-101.70875	-72.41663	174.12538	141.57858	483.31998	307.56726	117.16848	74.04397	43.93818	0
10587	66.72094	219.6909	171.68437	-134.25555	-69.97562	196.90814	143.20592	470.30126	305.12625	120.42316	88.69003	62.65259	0
10588	74.85764	250.61036	180.63474	-161.92033	-68.34828	221.31824	145.64693	471.11493	304.31258	128.55986	102.52242	85.43535	0
10589	72.41663	277.46147	187.95777	-177.38006	-74.85764	244.101	144.01959	481.69264	297.80322	139.13757	116.35481	103.33609	0
10590	61.83892	296.98955	201.79016	-180.63474	-87.06269	261.18807	139.13757	490.64301	286.41184	146.4606	125.30518	111.47279	0
10591	47.19286	311.63561	226.20026	-180.63474	-101.70875	276.6478	138.3239	490.64301	278.27514	144.01959	129.37353	113.9138	0
10592	33.36047	320.58598	251.42403	-181.44841	-117.16848	290.48019	140.76491	489.82934	274.20679	138.3239	134.25555	113.10013	0
10593	21.96909	324.65433	274.20679	-181.44841	-131.00087	301.0579	142.39225	489.82934	271.76578	134.25555	139.95124	113.9138	0
10594	13.83239	327.09534	293.73487	-180.63474	-140.76491	310.82194	139.95124	489.01567	264.44275	129.37353	144.01959	118.79582	0
10595	11.39138	332.79103	310.82194	-182.26208	-145.64693	320.58598	131.81454	485.76099	248.98302	122.0505	150.52895	128.55986	0
10596	17.90074	344.18241	320.58598	-188.77144	-144.83326	331.16369	120.42316	478.43796	225.38659	112.28646	158.66565	137.51023	0
10597	39.86983	361.26948	318.14497	-205.04484	-132.62821	336.85938	109.84545	464.60557	200.16282	102.52242	168.42969	145.64693	0
10598	71.60296	381.61123	306.75359	-228.64127	-112.28646	337.67305	98.45407	449.14584	179.0074	98.45407	179.82107	150.52895	0
10599	95.19939	393.81628	296.98955	-244.91467	-96.82673	336.85938	83.80801	435.31345	161.92033	96.01306	186.33043	151.34262	0
10600	99.26774	396.25729	292.9212	-248.16935	-94.38572	337.67305	70.78929	420.66739	141.57858	90.31737	184.70309	147.27427	0
10601	86.24902	388.93426	296.98955	-238.40531	-102.52242	339.30039	62.65259	399.51197	113.10013	78.11232	174.93905	140.76491	0
10602	61.83892	375.91554	306.75359	-220.50457	-117.16848	339.30039	56.9569	371.03352	80.55333	57.77057	160.29299	135.88289	0
10603	35.80148	366.96517	317.3313	-205.85851	-131.81454	338.48672	50.44754	344.99608	52.88855	38.24249	150.52895	135.88289	0
10604	16.2734	364.52416	326.28167	-197.72181	-144.83326	340.92773	43.12451	327.90901	31.73313	26.03744	141.57858	138.3239	0
10605	8.95037	369.40618	338.48672	-197.72181	-155.41097	350.69177	34.98781	315.70396	11.39138	19.52808	128.55986	139.95124	0
10606	10.57771	389.74793	361.26948	-206.67218	-168.42969	372.66086	26.03744	304.31258	-7.32303	19.52808	109.84545	143.20592	0
10607	17.08707	420.66739	392.18894	-222.94558	-182.26208	404.39399	17.90074	288.03918	-26.85111	25.22377	93.57205	148.08794	0
10608	25.22377	453.21419	420.66739	-240.84632	-195.2808	434.49978	12.20505	266.07009	-42.31084	30.91946	83.80801	154.5973	0
10609	30.91946	474.36961	441.00914	-253.05137	-204.23117	454.84153	8.1367	244.101	-52.07488	29.29212	83.80801	161.10666	0
10610	32.5468	480.87897	449.14584	-255.49238	-209.11319	462.97823	8.1367	224.57292	-61.02525	15.45973	96.01306	167.61602	0
10611	30.10579	470.30126	442.63648	-248.98302	-207.48585	454.84153	9.76404	205.04484	-75.67131	-4.06835	111.47279	173.31171	0
10612	24.4101	444.26382	427.17675	-233.52329	-199.34915	436.94079	10.57771	185.51676	-97.6404	-25.22377	120.42316	177.38006	0
10613	13.01872	413.34436	417.41271	-213.99521	-190.39878	421.48106	10.57771	162.734	-127.74619	-44.75185	123.67784	179.82107	0
10614	-4.06835	389.74793	415.78537	-193.65346	-188.77144	410.90335	7.32303	134.25555	-163.54767	-63.46626	123.67784	181.44841	0
10615	-20.34175	381.61123	414.15803	-184.70309	-192.02612	404.39399	0	100.89508	-197.72181	-83.80801	125.30518	181.44841	0
10616	-26.03744	391.37527	406.02133	-192.02612	-192.02612	401.13931	-10.57771	66.72094	-222.94558	-103.33609	126.93252	180.63474	0
10617	-20.34175	408.46234	391.37527	-205.85851	-192.02612	398.6983	-22.78276	35.80148	-242.47366	-119.60949	126.11885	176.56639	0
10618	-10.57771	421.48106	375.10187	-215.62255	-195.2808	400.32564	-36.61515	8.95037	-259.56073	-130.1872	118.79582	169.24336	0
10619	-2.44101	417.41271	362.08315	-214.80888	-193.65346	394.62995	-52.88855	-11.39138	-272.57945	-135.06922	102.52242	156.22464	0
10620	-1.62734	393.81628	351.50544	-200.97649	-187.1441	376.72921	-67.53461	-29.29212	-277.46147	-135.88289	80.55333	139.95124	0
10621	-4.06835	358.0148	334.41837	-179.82107	-177.38006	354.76012	-76.48498	-43.12451	-279.08881	-132.62821	63.46626	122.86417	0
10622	-3.25468	327.09534	317.3313	-163.54767	-164.36134	340.11406	-75.67131	-51.26121	-283.15716	-126.11885	56.14323	109.03178	0
10623	3.25468	315.70396	307.56726	-161.10666	-152.96996	334.41837	-67.53461	-53.70222	-291.29386	-117.16848	55.32956	102.52242	0
10624	8.1367	314.07662	305.12625	-161.92033	-148.08794	331.16369	-60.21158	-56.14323	-302.68524	-109.84545	51.26121	98.45407	0
10625	-3.25468	295.36221	300.24423	-146.4606	-151.34262	319.77231	-52.88855	-60.21158	-314.89029	-113.9138	40.6835	89.5037	0
10626	-26.85111	263.62908	292.10753	-117.98215	-157.85198	296.98955	-43.12451	-65.0936	-319.77231	-122.0505	30.91946	79.73966	0
10627	-40.6835	235.9643	279.90248	-96.01306	-158.66565	273.39312	-34.98781	-68.34828	-306.75359	-121.23683	27.66478	78.11232	0
10628	-35.80148	209.92686	257.11972	-87.87636	-144.83326	245.72834	-27.66478	-69.16195	-278.27514	-107.40444	26.85111	82.18067	0
10629	-21.15542	185.51676	221.31824	-86.24902	-119.60949	212.36787	-21.15542	-67.53461	-244.101	-89.5037	28.47845	85.43535	0
10630	-6.50936	170.8707	189.58511	-87.06269	-96.82673	184.70309	-13.83239	-62.65259	-212.36787	-69.97562	35.80148	86.24902	0
10631	4.06835	165.17501	167.61602	-90.31737	-80.55333	168.42969	-8.1367	-57.77057	-187.1441	-54.51589	42.31084	83.80801	0
10632	12.20505	157.03831	146.4606	-90.31737	-65.90727	152.96996	-3.25468	-57.77057	-172.49804	-43.12451	47.19286	74.85764	0
10633	17.90074	141.57858	127.74619	-84.62168	-52.07488	132.62821	0	-61.02525	-164.36134	-35.80148	51.26121	59.39791	0
10634	20.34175	122.0505	113.9138	-74.85764	-39.05616	110.65912	2.44101	-65.90727	-161.92033	-33.36047	49.63387	45.56552	0
10635	15.45973	100.89508	101.70875	-61.02525	-33.36047	91.13104	0.81367	-71.60296	-164.36134	-35.80148	42.31084	34.17414	0
10636	-0.81367	81.367	94.38572	-44.75185	-39.86983	79.73966	-5.69569	-75.67131	-170.8707	-39.86983	29.29212	23.59643	0
10637	-26.85111	62.65259	93.57205	-30.91946	-52.07488	74.04397	-16.2734	-78.11232	-176.56639	-46.37919	13.83239	12.20505	0
10638	-47.19286	51.26121	94.38572	-14.64606	-60.21158	71.60296	-23.59643	-78.92599	-171.68437	-49.63387	2.44101	2.44101	0
10639	-52.88855	52.88855	96.01306	0.81367	-63.46626	75.67131	-20.34175	-76.48498	-154.5973	-46.37919	-2.44101	-3.25468	0
10640	-46.37919	58.58424	95.19939	13.01872	-62.65259	78.11232	-9.76404	-68.34828	-128.55986	-35.80148	-4.06835	-7.32303	0
10641	-39.05616	51.26121	84.62168	21.96909	-56.9569	69.16195	0.81367	-57.77057	-104.96343	-25.22377	-7.32303	-13.01872	0
10642	-35.80148	27.66478	67.53461	30.91946	-52.88855	48.8202	8.1367	-49.63387	-91.94471	-21.15542	-16.2734	-23.59643	0
10643	-37.42882	0	50.44754	40.6835	-51.26121	25.22377	13.01872	-47.19286	-83.80801	-20.34175	-26.03744	-34.98781	0
10644	-41.49717	-22.78276	35.80148	48.00653	-46.37919	4.88202	17.90074	-46.37919	-71.60296	-15.45973	-30.10579	-41.49717	0
10645	-43.12451	-39.86983	20.34175	49.63387	-36.61515	-12.20505	22.78276	-42.31084	-52.88855	-6.50936	-25.22377	-42.31084	0
10646	-38.24249	-48.8202	3.25468	46.37919	-21.15542	-26.85111	26.85111	-34.98781	-33.36047	4.06835	-13.01872	-36.61515	0
10647	-30.10579	-52.07488	-8.95037	38.24249	-8.1367	-31.73313	30.91946	-25.22377	-18.71441	14.64606	0.81367	-26.85111	0
10648	-28.47845	-52.88855	-11.39138	32.5468	-4.06835	-26.85111	30.10579	-14.64606	-7.32303	22.78276	13.83239	-17.90074	0
10649	-39.05616	-51.26121	-9.76404	35.80148	-5.69569	-19.52808	22.78276	-8.95037	0.81367	24.4101	17.08707	-16.2734	0
10650	-53.70222	-43.12451	-4.06835	43.93818	-13.83239	-15.45973	17.90074	-10.57771	10.57771	20.34175	12.20505	-21.15542	0
10651	-61.02525	-33.36047	4.88202	47.19286	-24.4101	-10.57771	13.83239	-10.57771	21.15542	15.45973	7.32303	-26.85111	0
10652	-52.88855	-24.4101	8.95037	40.6835	-25.22377	-6.50936	6.50936	-4.88202	33.36047	13.83239	7.32303	-31.73313	0
10653	-34.98781	-23.59643	4.88202	30.10579	-13.01872	-13.01872	0	2.44101	45.56552	15.45973	7.32303	-37.42882	0
10654	-17.90074	-32.5468	-3.25468	26.85111	4.06835	-30.91946	-8.1367	6.50936	52.88855	17.90074	5.69569	-41.49717	0
10655	-11.39138	-44.75185	-15.45973	30.91946	15.45973	-49.63387	-14.64606	9.76404	61.83892	22.78276	7.32303	-45.56552	0
10656	-22.78276	-55.32956	-19.52808	43.12451	9.76404	-55.32956	-17.90074	15.45973	76.48498	30.91946	6.50936	-49.63387	0
10657	-49.63387	-62.65259	-7.32303	59.39791	-12.20505	-51.26121	-21.15542	21.96909	88.69003	36.61515	0	-51.26121	0
10658	-72.41663	-65.90727	4.88202	71.60296	-34.17414	-48.8202	-21.96909	22.78276	89.5037	38.24249	-6.50936	-53.70222	0
10659	-75.67131	-65.90727	4.88202	78.11232	-39.05616	-50.44754	-17.90074	18.71441	76.48498	36.61515	-16.2734	-54.51589	0
10660	-65.0936	-61.83892	-9.76404	75.67131	-23.59643	-51.26121	-5.69569	14.64606	59.39791	36.61515	-33.36047	-53.70222	0
10661	-52.88855	-60.21158	-30.91946	67.53461	-1.62734	-55.32956	8.95037	9.76404	47.19286	37.42882	-52.07488	-53.70222	0
10662	-45.56552	-65.90727	-46.37919	60.21158	8.95037	-60.21158	20.34175	3.25468	41.49717	35.80148	-65.0936	-53.70222	0
10663	-42.31084	-72.41663	-56.14323	54.51589	12.20505	-65.0936	26.03744	-0.81367	42.31084	30.10579	-62.65259	-49.63387	0
10664	-39.05616	-77.29865	-63.46626	49.63387	13.83239	-69.97562	27.66478	-4.88202	45.56552	18.71441	-43.93818	-43.12451	0
10665	-26.85111	-82.18067	-70.78929	44.75185	18.71441	-74.85764	24.4101	-6.50936	48.8202	7.32303	-20.34175	-38.24249	0
10666	-9.76404	-88.69003	-82.99434	39.86983	30.91946	-82.18067	14.64606	-4.88202	52.88855	1.62734	-2.44101	-37.42882	0
10667	3.25468	-95.19939	-94.38572	37.42882	46.37919	-91.94471	-1.62734	-0.81367	56.9569	2.44101	4.88202	-43.12451	0
10668	13.83239	-98.45407	-100.08141	37.42882	58.58424	-100.08141	-17.90074	4.06835	61.02525	5.69569	5.69569	-50.44754	0
10669	17.08707	-99.26774	-100.08141	37.42882	62.65259	-103.33609	-26.85111	8.95037	69.16195	12.20505	0	-59.39791	0
10670	18.71441	-99.26774	-100.89508	35.80148	64.27993	-102.52242	-25.22377	6.50936	76.48498	17.90074	-13.83239	-69.16195	0
10671	21.15542	-96.01306	-105.7771	30.91946	68.34828	-100.89508	-16.2734	-2.44101	82.18067	20.34175	-27.66478	-75.67131	0
10672	17.90074	-95.19939	-112.28646	30.10579	70.78929	-98.45407	-7.32303	-12.20505	87.06269	21.15542	-36.61515	-75.67131	0
10673	9.76404	-102.52242	-116.35481	37.42882	67.53461	-95.19939	0	-14.64606	91.94471	17.90074	-42.31084	-71.60296	0
10674	1.62734	-109.03178	-112.28646	44.75185	57.77057	-92.75838	3.25468	-5.69569	98.45407	13.83239	-43.93818	-69.16195	0
10675	-2.44101	-109.03178	-104.14976	48.8202	48.00653	-91.94471	7.32303	11.39138	103.33609	7.32303	-43.12451	-66.72094	0
10676	1.62734	-104.96343	-100.89508	44.75185	48.8202	-91.94471	11.39138	29.29212	106.59077	1.62734	-40.6835	-63.46626	0
10677	7.32303	-101.70875	-103.33609	38.24249	50.44754	-92.75838	15.45973	43.12451	107.40444	0	-39.86983	-60.21158	0
10678	0	-99.26774	-104.96343	40.6835	40.6835	-97.6404	21.15542	49.63387	104.14976	0	-39.86983	-60.21158	0
10679	-18.71441	-102.52242	-99.26774	53.70222	25.22377	-101.70875	28.47845	47.19286	95.19939	0.81367	-36.61515	-60.21158	0
10680	-39.86983	-109.84545	-91.94471	72.41663	13.83239	-106.59077	34.98781	42.31084	84.62168	7.32303	-31.73313	-60.21158	0
10681	-56.14323	-112.28646	-85.43535	89.5037	6.50936	-109.84545	39.05616	43.93818	84.62168	17.90074	-26.85111	-61.02525	0
10682	-62.65259	-108.21811	-75.67131	94.38572	2.44101	-104.96343	44.75185	52.88855	96.82673	31.73313	-19.52808	-57.77057	0
10683	-60.21158	-103.33609	-61.83892	87.87636	0	-93.57205	54.51589	62.65259	111.47279	43.93818	-11.39138	-52.07488	0
10684	-52.88855	-101.70875	-51.26121	77.29865	-0.81367	-84.62168	62.65259	69.97562	124.49151	49.63387	-6.50936	-48.00653	0
10685	-46.37919	-104.14976	-49.63387	70.78929	1.62734	-82.18067	61.02525	70.78929	135.06922	46.37919	-7.32303	-47.19286	0
10686	-46.37919	-111.47279	-55.32956	69.16195	4.88202	-86.24902	52.88855	63.46626	139.95124	37.42882	-13.83239	-50.44754	0
10687	-52.07488	-121.23683	-61.83892	70.78929	8.1367	-92.75838	41.49717	52.07488	139.13757	27.66478	-25.22377	-56.14323	0
10688	-59.39791	-123.67784	-65.0936	73.2303	10.57771	-93.57205	33.36047	39.86983	135.06922	19.52808	-35.80148	-61.02525	0
10689	-57.77057	-115.54114	-63.46626	69.16195	8.95037	-82.18067	30.10579	31.73313	131.00087	16.2734	-41.49717	-63.46626	0
10690	-48.00653	-104.96343	-54.51589	56.9569	5.69569	-64.27993	30.91946	30.10579	126.93252	17.08707	-41.49717	-59.39791	0
10691	-39.86983	-94.38572	-43.12451	48.8202	0.81367	-50.44754	34.98781	33.36047	120.42316	19.52808	-37.42882	-52.88855	0
10692	-33.36047	-85.43535	-40.6835	48.00653	2.44101	-48.00653	34.17414	39.86983	113.10013	20.34175	-35.80148	-52.88855	0
10693	-25.22377	-83.80801	-54.51589	50.44754	15.45973	-59.39791	24.4101	43.93818	105.7771	18.71441	-36.61515	-59.39791	0
10694	-20.34175	-88.69003	-82.99434	52.07488	38.24249	-82.99434	7.32303	43.12451	101.70875	13.01872	-44.75185	-65.90727	0
10695	-14.64606	-99.26774	-113.9138	56.9569	58.58424	-110.65912	-6.50936	43.93818	106.59077	6.50936	-54.51589	-72.41663	0
10696	-8.95037	-113.10013	-135.88289	63.46626	71.60296	-131.81454	-12.20505	48.8202	118.79582	5.69569	-57.77057	-77.29865	0
10697	-6.50936	-122.86417	-140.76491	66.72094	77.29865	-138.3239	-10.57771	57.77057	131.00087	8.1367	-56.14323	-78.11232	0
10698	-6.50936	-124.49151	-127.74619	67.53461	73.2303	-131.81454	-3.25468	67.53461	141.57858	13.83239	-56.14323	-74.85764	0
10699	-3.25468	-119.60949	-104.96343	67.53461	59.39791	-117.16848	4.06835	74.04397	150.52895	21.15542	-53.70222	-69.16195	0
10700	1.62734	-112.28646	-91.94471	69.97562	48.00653	-105.7771	10.57771	79.73966	157.85198	29.29212	-48.00653	-61.83892	0
10701	3.25468	-112.28646	-89.5037	76.48498	43.93818	-105.7771	15.45973	81.367	159.47932	34.17414	-44.75185	-56.9569	0
10702	0.81367	-124.49151	-89.5037	81.367	39.86983	-116.35481	20.34175	78.11232	154.5973	35.80148	-43.93818	-59.39791	0
10703	-7.32303	-138.3239	-91.94471	81.367	34.17414	-126.93252	26.03744	73.2303	148.90161	36.61515	-42.31084	-68.34828	0
10704	-17.90074	-143.20592	-92.75838	79.73966	28.47845	-127.74619	33.36047	69.16195	144.01959	39.86983	-42.31084	-75.67131	0
10705	-23.59643	-135.88289	-91.13104	74.85764	26.85111	-119.60949	38.24249	66.72094	140.76491	43.93818	-44.75185	-77.29865	0
10706	-26.03744	-123.67784	-87.06269	67.53461	26.85111	-109.03178	40.6835	65.90727	138.3239	44.75185	-51.26121	-78.92599	0
10707	-34.17414	-114.72747	-78.92599	63.46626	26.85111	-98.45407	40.6835	63.46626	138.3239	39.05616	-60.21158	-82.18067	0
10708	-45.56552	-111.47279	-65.90727	65.90727	26.85111	-87.87636	38.24249	62.65259	137.51023	30.91946	-65.90727	-82.99434	0
10709	-48.00653	-109.84545	-52.88855	63.46626	26.03744	-75.67131	39.05616	66.72094	138.3239	26.03744	-62.65259	-77.29865	0
10710	-35.80148	-106.59077	-48.8202	52.07488	25.22377	-66.72094	43.12451	74.85764	139.95124	24.4101	-52.88855	-65.90727	0
10711	-21.96909	-100.89508	-52.88855	43.12451	27.66478	-63.46626	49.63387	82.99434	144.01959	26.03744	-41.49717	-55.32956	0
10712	-14.64606	-92.75838	-57.77057	39.86983	26.85111	-64.27993	55.32956	86.24902	148.90161	30.10579	-35.80148	-50.44754	0
10713	-15.45973	-89.5037	-61.02525	43.93818	24.4101	-68.34828	57.77057	82.18067	150.52895	32.5468	-37.42882	-53.70222	0
10714	-21.96909	-97.6404	-66.72094	55.32956	21.96909	-79.73966	56.14323	78.11232	147.27427	28.47845	-45.56552	-63.46626	0
10715	-31.73313	-117.16848	-75.67131	69.97562	22.78276	-99.26774	49.63387	71.60296	140.76491	20.34175	-56.9569	-76.48498	0
10716	-39.86983	-137.51023	-88.69003	81.367	26.85111	-117.98215	42.31084	62.65259	134.25555	10.57771	-65.90727	-88.69003	0
10717	-43.12451	-148.90161	-100.89508	86.24902	34.17414	-129.37353	37.42882	56.9569	129.37353	1.62734	-71.60296	-97.6404	0
10718	-45.56552	-148.08794	-104.96343	89.5037	42.31084	-128.55986	36.61515	53.70222	126.11885	-3.25468	-74.04397	-102.52242	0
10719	-48.8202	-141.57858	-105.7771	90.31737	47.19286	-121.23683	39.05616	50.44754	122.0505	-3.25468	-69.97562	-101.70875	0
10720	-48.00653	-132.62821	-103.33609	87.06269	46.37919	-112.28646	43.12451	49.63387	115.54114	0.81367	-58.58424	-95.19939	0
10721	-37.42882	-117.16848	-95.19939	75.67131	41.49717	-100.89508	48.00653	53.70222	113.10013	10.57771	-40.6835	-82.18067	0
10722	-22.78276	-100.08141	-87.06269	59.39791	39.05616	-89.5037	51.26121	65.90727	116.35481	21.15542	-25.22377	-68.34828	0
10723	-8.95037	-89.5037	-82.18067	48.00653	40.6835	-84.62168	48.8202	78.11232	119.60949	26.85111	-19.52808	-58.58424	0
10724	3.25468	-87.87636	-81.367	40.6835	48.00653	-88.69003	41.49717	83.80801	121.23683	28.47845	-25.22377	-52.07488	0
10725	8.1367	-91.94471	-87.06269	42.31084	54.51589	-97.6404	33.36047	78.92599	117.16848	27.66478	-42.31084	-51.26121	0
10726	3.25468	-101.70875	-95.19939	52.07488	50.44754	-109.84545	26.85111	66.72094	109.03178	25.22377	-65.0936	-53.70222	0
10727	-3.25468	-117.16848	-100.89508	59.39791	36.61515	-118.79582	24.4101	56.14323	104.14976	24.4101	-79.73966	-57.77057	0
10728	-9.76404	-123.67784	-106.59077	61.83892	24.4101	-120.42316	24.4101	50.44754	105.7771	26.03744	-82.99434	-59.39791	0
10729	-8.95037	-114.72747	-106.59077	56.14323	23.59643	-118.79582	27.66478	48.8202	109.03178	24.4101	-76.48498	-56.14323	0
10730	0	-99.26774	-104.14976	44.75185	32.5468	-112.28646	30.91946	51.26121	114.72747	20.34175	-62.65259	-52.07488	0
10731	9.76404	-86.24902	-101.70875	34.17414	44.75185	-103.33609	34.17414	52.88855	115.54114	14.64606	-47.19286	-53.70222	0
10732	17.90074	-80.55333	-102.52242	27.66478	53.70222	-96.82673	36.61515	50.44754	109.03178	11.39138	-38.24249	-61.83892	0
10733	20.34175	-82.99434	-110.65912	31.73313	61.02525	-95.19939	34.98781	41.49717	100.89508	8.95037	-34.17414	-77.29865	0
10734	17.90074	-90.31737	-125.30518	42.31084	67.53461	-97.6404	30.91946	26.03744	94.38572	4.88202	-36.61515	-91.13104	0
10735	12.20505	-100.89508	-132.62821	52.88855	69.97562	-101.70875	26.85111	13.01872	93.57205	1.62734	-40.6835	-96.82673	0
10736	0.81367	-109.84545	-126.93252	61.83892	62.65259	-105.7771	22.78276	8.1367	103.33609	4.06835	-39.86983	-91.13104	0
10737	-10.57771	-117.16848	-117.98215	69.16195	52.88855	-109.03178	19.52808	10.57771	121.23683	8.95037	-32.5468	-78.11232	0
10738	-17.90074	-124.49151	-114.72747	74.04397	48.00653	-116.35481	18.71441	15.45973	136.69656	11.39138	-25.22377	-65.0936	0
10739	-23.59643	-131.81454	-113.10013	78.11232	43.93818	-122.86417	19.52808	19.52808	139.13757	10.57771	-26.85111	-61.02525	0
10740	-29.29212	-135.88289	-104.14976	78.92599	36.61515	-119.60949	19.52808	22.78276	130.1872	12.20505	-32.5468	-63.46626	0
10741	-33.36047	-132.62821	-87.87636	69.97562	28.47845	-104.14976	23.59643	27.66478	122.86417	21.15542	-31.73313	-62.65259	0
10742	-38.24249	-122.0505	-74.85764	59.39791	24.4101	-87.87636	30.10579	32.5468	122.86417	35.80148	-26.03744	-59.39791	0
10743	-38.24249	-110.65912	-72.41663	52.88855	22.78276	-82.18067	33.36047	34.98781	126.93252	48.8202	-20.34175	-57.77057	0
10744	-32.5468	-102.52242	-74.85764	51.26121	19.52808	-81.367	37.42882	36.61515	131.81454	54.51589	-21.96909	-56.9569	0
10745	-23.59643	-96.82673	-78.92599	51.26121	20.34175	-83.80801	40.6835	34.98781	134.25555	53.70222	-30.10579	-57.77057	0
10746	-6.50936	-86.24902	-84.62168	48.8202	31.73313	-82.99434	41.49717	31.73313	133.44188	49.63387	-38.24249	-60.21158	0
10747	14.64606	-69.16195	-91.13104	44.75185	48.8202	-79.73966	39.05616	24.4101	124.49151	43.12451	-45.56552	-65.0936	0
10748	32.5468	-60.21158	-94.38572	33.36047	58.58424	-78.11232	35.80148	14.64606	103.33609	39.05616	-52.88855	-69.97562	0
10749	45.56552	-61.02525	-89.5037	17.90074	55.32956	-78.11232	34.98781	5.69569	74.04397	37.42882	-55.32956	-70.78929	0
10750	52.88855	-63.46626	-87.06269	6.50936	52.88855	-74.04397	35.80148	2.44101	49.63387	39.86983	-47.19286	-66.72094	0
10751	53.70222	-63.46626	-90.31737	1.62734	56.9569	-65.0936	39.05616	5.69569	41.49717	45.56552	-33.36047	-57.77057	0
10752	49.63387	-56.9569	-87.06269	-0.81367	57.77057	-53.70222	46.37919	17.08707	56.9569	54.51589	-21.15542	-43.12451	0
10753	43.93818	-31.73313	-72.41663	-13.01872	56.14323	-35.80148	60.21158	34.17414	91.13104	62.65259	-5.69569	-26.03744	0
10754	34.98781	3.25468	-47.19286	-32.5468	48.8202	-11.39138	75.67131	48.00653	127.74619	68.34828	13.83239	-13.83239	0
10755	25.22377	26.85111	-23.59643	-42.31084	37.42882	6.50936	85.43535	56.14323	151.34262	72.41663	28.47845	-10.57771	0
10756	18.71441	25.22377	-12.20505	-34.98781	29.29212	6.50936	86.24902	56.14323	157.85198	74.85764	30.91946	-14.64606	0
10757	9.76404	1.62734	-13.83239	-13.83239	25.22377	-10.57771	79.73966	48.00653	153.78363	74.04397	23.59643	-24.4101	0
10758	-1.62734	-25.22377	-19.52808	8.95037	22.78276	-29.29212	68.34828	36.61515	144.01959	69.97562	9.76404	-35.80148	0
10759	-11.39138	-43.12451	-25.22377	25.22377	21.96909	-39.86983	57.77057	29.29212	134.25555	65.90727	-6.50936	-43.93818	0
10760	-13.01872	-42.31084	-23.59643	26.85111	19.52808	-37.42882	51.26121	28.47845	126.93252	65.0936	-17.90074	-45.56552	0
10761	-4.88202	-22.78276	-13.01872	12.20505	13.83239	-23.59643	46.37919	34.17414	122.86417	67.53461	-17.08707	-41.49717	0
10762	8.1367	7.32303	1.62734	-8.95037	7.32303	-5.69569	43.12451	44.75185	116.35481	69.97562	-12.20505	-34.17414	0
10763	22.78276	34.98781	9.76404	-29.29212	7.32303	11.39138	40.6835	48.8202	102.52242	65.90727	-12.20505	-28.47845	0
10764	39.05616	53.70222	7.32303	-43.93818	14.64606	28.47845	35.80148	39.05616	81.367	52.07488	-19.52808	-26.85111	0
10765	50.44754	64.27993	4.06835	-53.70222	21.15542	39.05616	27.66478	19.52808	66.72094	34.98781	-26.03744	-32.5468	0
10766	48.00653	65.90727	10.57771	-53.70222	17.08707	44.75185	15.45973	1.62734	63.46626	24.4101	-25.22377	-39.05616	0
10767	29.29212	62.65259	26.85111	-43.93818	0	49.63387	4.06835	-9.76404	69.16195	25.22377	-12.20505	-39.86983	0
10768	5.69569	57.77057	50.44754	-33.36047	-22.78276	58.58424	-7.32303	-14.64606	76.48498	35.80148	6.50936	-35.80148	0
10769	-10.57771	56.14323	74.04397	-28.47845	-43.12451	70.78929	-17.08707	-13.01872	83.80801	52.07488	26.03744	-28.47845	0
10770	-15.45973	57.77057	87.06269	-28.47845	-52.07488	78.11232	-23.59643	-8.95037	92.75838	69.16195	41.49717	-17.90074	0
10771	-2.44101	64.27993	79.73966	-30.91946	-42.31084	76.48498	-26.85111	-4.06835	105.7771	87.06269	52.07488	-4.06835	0
10772	19.52808	67.53461	56.9569	-32.5468	-19.52808	65.90727	-27.66478	0.81367	118.79582	102.52242	52.88855	7.32303	0
10773	36.61515	65.0936	28.47845	-31.73313	2.44101	52.07488	-34.17414	2.44101	117.98215	111.47279	44.75185	12.20505	0
10774	43.12451	57.77057	2.44101	-29.29212	18.71441	39.05616	-45.56552	-2.44101	104.96343	114.72747	30.10579	13.01872	0
10775	42.31084	48.00653	-10.57771	-26.85111	25.22377	29.29212	-48.8202	-10.57771	92.75838	112.28646	8.95037	9.76404	0
10776	39.05616	41.49717	-11.39138	-27.66478	24.4101	23.59643	-34.17414	-17.90074	86.24902	102.52242	-9.76404	4.88202	0
10777	39.86983	39.86983	-10.57771	-32.5468	25.22377	20.34175	-12.20505	-24.4101	82.18067	83.80801	-15.45973	0.81367	0
10778	46.37919	39.86983	-13.83239	-36.61515	30.10579	14.64606	2.44101	-30.10579	79.73966	61.83892	-5.69569	-3.25468	0
10779	52.88855	35.80148	-20.34175	-39.86983	35.80148	6.50936	5.69569	-30.91946	78.92599	44.75185	10.57771	-5.69569	0
10780	55.32956	27.66478	-30.91946	-40.6835	43.93818	-4.06835	-1.62734	-28.47845	81.367	36.61515	21.15542	-5.69569	0
10781	53.70222	13.83239	-44.75185	-36.61515	51.26121	-17.08707	-16.2734	-26.85111	84.62168	39.05616	21.96909	-5.69569	0
10782	48.00653	-4.88202	-59.39791	-26.03744	56.14323	-30.10579	-31.73313	-21.96909	87.87636	48.8202	14.64606	-5.69569	0
10783	41.49717	-24.4101	-69.97562	-13.83239	57.77057	-37.42882	-35.80148	-13.83239	98.45407	61.02525	8.95037	-1.62734	0
10784	38.24249	-39.05616	-74.85764	-4.88202	57.77057	-43.12451	-26.03744	-5.69569	117.16848	71.60296	8.1367	3.25468	0
10785	38.24249	-48.00653	-70.78929	-0.81367	56.9569	-46.37919	-10.57771	0	133.44188	77.29865	11.39138	4.88202	0
10786	41.49717	-53.70222	-65.0936	0	60.21158	-50.44754	0	0	139.13757	74.04397	8.95037	0	0
10787	47.19286	-59.39791	-69.16195	0.81367	66.72094	-56.9569	5.69569	-4.06835	131.00087	63.46626	0	-11.39138	0
10788	53.70222	-65.90727	-82.99434	8.1367	74.85764	-66.72094	8.1367	-12.20505	112.28646	48.8202	-9.76404	-24.4101	0
10789	54.51589	-71.60296	-96.82673	14.64606	79.73966	-78.11232	9.76404	-21.96909	89.5037	35.80148	-17.08707	-32.5468	0
10790	48.00653	-79.73966	-104.14976	24.4101	74.85764	-88.69003	12.20505	-27.66478	72.41663	28.47845	-22.78276	-37.42882	0
10791	30.91946	-90.31737	-101.70875	43.12451	58.58424	-96.82673	12.20505	-29.29212	64.27993	22.78276	-30.91946	-43.93818	0
10792	7.32303	-95.19939	-91.94471	63.46626	36.61515	-102.52242	10.57771	-27.66478	64.27993	17.08707	-39.05616	-53.70222	0
10793	-13.83239	-100.08141	-79.73966	77.29865	17.08707	-104.96343	8.1367	-25.22377	65.0936	9.76404	-43.93818	-62.65259	0
10794	-30.91946	-109.03178	-70.78929	83.80801	5.69569	-103.33609	3.25468	-19.52808	64.27993	1.62734	-48.00653	-69.97562	0
10795	-39.05616	-111.47279	-69.16195	85.43535	4.88202	-100.08141	-1.62734	-13.83239	61.83892	-7.32303	-56.14323	-77.29865	0
10796	-39.86983	-109.03178	-77.29865	83.80801	12.20505	-102.52242	-6.50936	-11.39138	56.9569	-16.2734	-64.27993	-82.99434	0
10797	-34.98781	-107.40444	-91.13104	79.73966	24.4101	-107.40444	-4.06835	-13.01872	48.8202	-24.4101	-71.60296	-86.24902	0
10798	-24.4101	-109.03178	-104.14976	71.60296	37.42882	-111.47279	4.88202	-17.90074	38.24249	-31.73313	-77.29865	-87.06269	0
10799	-19.52808	-117.98215	-113.9138	70.78929	45.56552	-118.79582	16.2734	-26.03744	29.29212	-34.17414	-78.11232	-85.43535	0
10800	-27.66478	-132.62821	-120.42316	82.99434	45.56552	-132.62821	25.22377	-31.73313	27.66478	-32.5468	-74.04397	-81.367	0
10801	-41.49717	-144.01959	-122.86417	100.89508	39.86983	-144.83326	32.5468	-33.36047	32.5468	-27.66478	-67.53461	-77.29865	0
10802	-47.19286	-148.08794	-117.98215	108.21811	38.24249	-148.90161	38.24249	-31.73313	43.12451	-18.71441	-55.32956	-72.41663	0
10803	-39.05616	-144.01959	-109.84545	100.08141	40.6835	-142.39225	43.12451	-25.22377	59.39791	-6.50936	-44.75185	-67.53461	0
10804	-26.03744	-134.25555	-104.96343	85.43535	45.56552	-131.81454	47.19286	-15.45973	75.67131	5.69569	-38.24249	-65.90727	0
10805	-12.20505	-126.93252	-106.59077	72.41663	50.44754	-124.49151	48.8202	-7.32303	84.62168	13.83239	-38.24249	-68.34828	0
10806	-4.06835	-126.11885	-114.72747	63.46626	56.9569	-123.67784	44.75185	-3.25468	85.43535	13.01872	-45.56552	-75.67131	0
10807	-0.81367	-130.1872	-122.86417	59.39791	60.21158	-127.74619	38.24249	-3.25468	80.55333	8.95037	-56.14323	-81.367	0
10808	0.81367	-134.25555	-124.49151	58.58424	58.58424	-128.55986	33.36047	-5.69569	73.2303	5.69569	-66.72094	-79.73966	0
10809	3.25468	-135.06922	-121.23683	57.77057	55.32956	-124.49151	31.73313	-9.76404	66.72094	4.88202	-69.16195	-73.2303	0
10810	4.06835	-129.37353	-116.35481	54.51589	54.51589	-117.98215	28.47845	-11.39138	66.72094	8.95037	-65.90727	-69.16195	0
10811	2.44101	-127.74619	-116.35481	56.14323	55.32956	-117.98215	21.96909	-12.20505	69.16195	16.2734	-62.65259	-68.34828	0
10812	-3.25468	-136.69656	-120.42316	65.90727	57.77057	-127.74619	16.2734	-8.95037	73.2303	23.59643	-61.02525	-70.78929	0
10813	-12.20505	-152.15629	-122.86417	79.73966	60.21158	-141.57858	13.83239	-5.69569	76.48498	30.91946	-64.27993	-73.2303	0
10814	-19.52808	-165.98868	-123.67784	93.57205	57.77057	-152.15629	15.45973	-5.69569	77.29865	35.80148	-68.34828	-76.48498	0
10815	-25.22377	-175.75272	-122.0505	104.14976	49.63387	-155.41097	19.52808	-11.39138	78.11232	34.98781	-68.34828	-81.367	0
10816	-34.17414	-181.44841	-121.23683	109.84545	42.31084	-155.41097	23.59643	-19.52808	77.29865	29.29212	-65.90727	-88.69003	0
10817	-40.6835	-184.70309	-126.93252	112.28646	42.31084	-157.85198	26.85111	-25.22377	74.85764	17.90074	-63.46626	-96.82673	0
10818	-42.31084	-185.51676	-135.06922	112.28646	46.37919	-161.10666	26.03744	-31.73313	61.83892	1.62734	-63.46626	-104.96343	0
10819	-46.37919	-187.95777	-140.76491	114.72747	47.19286	-165.17501	18.71441	-46.37919	33.36047	-17.08707	-65.90727	-109.03178	0
10820	-53.70222	-192.02612	-139.95124	120.42316	43.12451	-167.61602	12.20505	-69.97562	-4.88202	-32.5468	-64.27993	-105.7771	0
10821	-59.39791	-193.65346	-135.06922	124.49151	36.61515	-165.17501	8.95037	-100.89508	-48.00653	-41.49717	-60.21158	-96.82673	0
10822	-61.83892	-189.58511	-128.55986	122.86417	30.10579	-157.85198	4.88202	-145.64693	-99.26774	-47.19286	-60.21158	-84.62168	0
10823	-53.70222	-169.24336	-115.54114	109.84545	25.22377	-140.76491	-3.25468	-205.85851	-164.36134	-54.51589	-65.0936	-69.16195	0
10824	-35.80148	-125.30518	-92.75838	76.48498	24.4101	-107.40444	-17.08707	-284.7845	-251.42403	-61.83892	-67.53461	-45.56552	0
10825	-15.45973	-63.46626	-60.21158	30.10579	25.22377	-61.02525	-39.05616	-382.4249	-366.1515	-70.78929	-61.83892	-8.95037	0
10826	8.1367	-0.81367	-22.78276	-12.20505	20.34175	-10.57771	-76.48498	-504.4754	-515.86678	-90.31737	-48.00653	33.36047	0
10827	34.17414	55.32956	18.71441	-47.19286	7.32303	37.42882	-132.62821	-649.30866	-691.6195	-122.0505	-20.34175	82.99434	0
10828	55.32956	117.98215	69.97562	-82.99434	-13.01872	94.38572	-192.02612	-798.21027	-863.30387	-150.52895	35.80148	145.64693	0
10829	68.34828	197.72181	139.95124	-127.74619	-43.12451	167.61602	-238.40531	-934.09316	-1006.50979	-166.80235	124.49151	224.57292	0
10830	71.60296	301.0579	238.40531	-182.26208	-89.5037	267.69743	-273.39312	-1072.41706	-1131.81497	-167.61602	234.33696	318.14497	0
10831	77.29865	433.68611	362.89682	-253.86504	-147.27427	397.07096	-313.26295	-1243.28776	-1274.20722	-154.5973	346.62342	419.04005	0
10832	95.19939	597.23378	506.10274	-345.80975	-208.29952	551.66826	-367.77884	-1453.21462	-1448.3326	-132.62821	451.58685	519.93513	0
10833	115.54114	771.35916	658.25903	-444.26382	-272.57945	716.0296	-444.26382	-1683.48323	-1637.91771	-101.70875	547.59991	617.57553	0
10834	131.81454	926.77013	788.44623	-530.51284	-332.79103	863.30387	-550.04092	-1911.31083	-1803.90639	-56.14323	626.5259	698.94253	0
10835	144.83326	1039.87026	870.6269	-593.16543	-375.91554	969.89464	-677.78711	-2111.47365	-1921.88854	-0.81367	680.22812	755.89943	0
10836	149.71528	1086.24945	903.98737	-618.3892	-394.62995	1013.83282	-794.14192	-2248.98388	-1995.11884	43.12451	711.14758	787.63256	0
10837	134.25555	1036.61558	873.06791	-586.65607	-383.23857	970.70831	-867.37222	-2292.92206	-2004.06921	58.58424	699.7562	781.1232	0
10838	103.33609	876.32259	752.64475	-491.45668	-334.41837	824.24771	-887.71397	-2228.64213	-1916.19285	48.00653	623.27122	717.65694	0
10839	69.16195	625.71223	544.34523	-349.06443	-242.47366	588.28341	-865.74488	-2075.67217	-1741.2538	4.88202	471.9286	593.9791	0
10840	34.98781	319.77231	279.08881	-179.0074	-124.49151	299.43056	-824.24771	-1870.62733	-1537.8363	-98.45407	248.16935	419.85372	0
10841	-0.81367	5.69569	7.32303	-4.06835	-4.88202	4.88202	-785.19155	-1659.07313	-1376.72964	-280.71615	-18.71441	223.75925	0
10842	-34.17414	-264.44275	-227.8276	147.27427	96.01306	-246.54201	-756.7131	-1474.37004	-1285.5986	-526.44449	-281.52982	43.12451	0
10843	-53.70222	-458.90988	-402.76665	255.49238	174.12538	-430.43143	-741.25337	-1322.21375	-1252.23813	-764.8498	-489.01567	-92.75838	0
10844	-61.02525	-579.33304	-515.05311	319.77231	227.01393	-546.78624	-724.97997	-1187.14453	-1257.93382	-930.02481	-616.76186	-176.56639	0
10845	-61.02525	-642.7993	-576.07836	351.50544	257.11972	-608.62516	-689.99216	-1050.44797	-1254.67914	-1017.0875	-664.76839	-212.36787	0
10846	-56.14323	-659.88637	-599.67479	357.20113	271.76578	-628.96691	-628.96691	-894.22333	-1189.58554	-1028.47888	-646.86765	-213.18154	0
10847	-48.00653	-641.17196	-593.16543	343.36874	273.39312	-616.76186	-545.97257	-719.28428	-1056.95733	-965.82629	-585.8424	-194.46713	0
10848	-39.86983	-603.74314	-567.94166	318.95864	263.62908	-585.8424	-455.6552	-543.53156	-886.08663	-858.42185	-507.73008	-173.31171	0
10849	-33.36047	-563.87331	-534.58119	296.17588	249.79669	-550.04092	-373.47453	-390.5616	-716.0296	-735.55768	-437.75446	-159.47932	0
10850	-29.29212	-529.69917	-503.66173	277.46147	235.9643	-518.30779	-306.75359	-271.76578	-567.94166	-618.3892	-384.86591	-156.22464	0
10851	-24.4101	-499.59338	-475.18328	259.56073	222.13191	-488.202	-257.11972	-183.07575	-446.70483	-514.23944	-348.25076	-156.22464	0
10852	-15.45973	-463.7919	-447.5185	237.59164	210.74053	-454.84153	-216.43622	-118.79582	-344.99608	-423.92207	-317.3313	-151.34262	0
10853	-4.06835	-426.36308	-421.48106	213.99521	203.4175	-421.48106	-175.75272	-76.48498	-258.74706	-345.80975	-286.41184	-143.20592	0
10854	3.25468	-393.00261	-394.62995	193.65346	195.2808	-392.18894	-131.00087	-55.32956	-185.51676	-281.52982	-252.2377	-134.25555	0
10855	6.50936	-360.45581	-362.89682	175.75272	182.26208	-360.45581	-85.43535	-49.63387	-123.67784	-227.01393	-217.24989	-125.30518	0
10856	4.06835	-323.84066	-324.65433	158.66565	163.54767	-323.02699	-44.75185	-43.93818	-68.34828	-179.0074	-183.07575	-117.16848	0
10857	-4.88202	-288.85285	-282.34349	145.64693	138.3239	-284.7845	-11.39138	-24.4101	-16.2734	-136.69656	-150.52895	-109.03178	0
10858	-17.08707	-255.49238	-239.21898	134.25555	110.65912	-247.35568	13.83239	13.83239	34.98781	-96.82673	-125.30518	-97.6404	0
10859	-23.59643	-221.31824	-199.34915	120.42316	86.24902	-210.74053	34.17414	65.0936	82.18067	-59.39791	-107.40444	-83.80801	0
10860	-21.96909	-186.33043	-165.98868	101.70875	70.78929	-178.19373	48.00653	115.54114	119.60949	-26.03744	-90.31737	-72.41663	0
10861	-16.2734	-152.15629	-139.13757	78.11232	59.39791	-152.15629	56.9569	160.29299	152.15629	3.25468	-71.60296	-62.65259	0
10862	-14.64606	-124.49151	-118.79582	56.14323	51.26121	-131.81454	65.0936	197.72181	185.51676	31.73313	-52.07488	-54.51589	0
10863	-17.08707	-111.47279	-104.96343	47.19286	44.75185	-119.60949	74.85764	220.50457	214.80888	57.77057	-39.05616	-49.63387	0
10864	-25.22377	-117.98215	-98.45407	57.77057	38.24249	-117.16848	85.43535	228.64127	236.77797	73.2303	-33.36047	-48.8202	0
10865	-36.61515	-138.3239	-101.70875	78.11232	34.17414	-122.0505	96.82673	227.8276	253.05137	78.92599	-35.80148	-52.88855	0
10866	-46.37919	-161.10666	-112.28646	99.26774	34.17414	-133.44188	104.96343	221.31824	262.81541	78.11232	-43.93818	-61.83892	0
10867	-54.51589	-175.75272	-118.79582	113.10013	31.73313	-142.39225	113.10013	213.18154	265.25642	74.04397	-52.88855	-69.16195	0
10868	-57.77057	-169.24336	-117.16848	111.47279	26.03744	-142.39225	122.0505	203.4175	257.93339	71.60296	-56.14323	-72.41663	0
10869	-56.9569	-148.90161	-111.47279	101.70875	16.2734	-137.51023	127.74619	191.21245	244.101	64.27993	-53.70222	-74.04397	0
10870	-54.51589	-131.81454	-102.52242	91.94471	8.95037	-129.37353	130.1872	179.0074	227.8276	53.70222	-40.6835	-70.78929	0
10871	-51.26121	-120.42316	-96.01306	81.367	12.20505	-118.79582	127.74619	174.93905	218.06356	46.37919	-21.96909	-65.0936	0
10872	-44.75185	-111.47279	-99.26774	66.72094	23.59643	-111.47279	122.0505	179.82107	212.36787	44.75185	-4.88202	-59.39791	0
10873	-30.91946	-105.7771	-110.65912	53.70222	30.91946	-109.03178	115.54114	183.88942	209.92686	45.56552	4.06835	-56.14323	0
10874	-17.90074	-104.14976	-122.0505	45.56552	33.36047	-112.28646	111.47279	184.70309	210.74053	41.49717	4.06835	-56.9569	0
10875	-18.71441	-104.96343	-129.37353	42.31084	36.61515	-122.0505	114.72747	191.21245	212.36787	39.86983	-2.44101	-57.77057	0
10876	-21.15542	-108.21811	-135.06922	40.6835	47.19286	-129.37353	126.93252	205.85851	219.6909	47.19286	-15.45973	-54.51589	0
10877	-17.08707	-112.28646	-140.76491	42.31084	58.58424	-134.25555	139.13757	222.13191	233.52329	59.39791	-34.98781	-50.44754	0
10878	-10.57771	-117.16848	-146.4606	45.56552	61.83892	-135.88289	144.01959	234.33696	248.98302	69.97562	-55.32956	-48.00653	0
10879	-8.1367	-118.79582	-148.08794	49.63387	59.39791	-132.62821	139.95124	235.15063	257.11972	73.2303	-69.16195	-49.63387	0
10880	-8.95037	-113.9138	-141.57858	48.8202	59.39791	-124.49151	130.1872	226.20026	258.74706	65.90727	-67.53461	-53.70222	0
10881	-14.64606	-105.7771	-129.37353	44.75185	59.39791	-113.10013	123.67784	217.24989	259.56073	56.14323	-49.63387	-52.88855	0
10882	-21.96909	-104.96343	-113.9138	48.00653	53.70222	-105.7771	122.0505	213.18154	257.11972	52.07488	-22.78276	-47.19286	0
10883	-28.47845	-114.72747	-102.52242	61.02525	48.00653	-107.40444	123.67784	213.99521	253.86504	54.51589	0.81367	-45.56552	0
10884	-28.47845	-126.11885	-100.08141	70.78929	46.37919	-114.72747	128.55986	222.94558	257.11972	64.27993	15.45973	-45.56552	0
10885	-24.4101	-131.00087	-100.08141	74.85764	44.75185	-117.98215	135.06922	238.40531	272.57945	78.11232	20.34175	-43.93818	0
10886	-19.52808	-126.11885	-98.45407	74.85764	43.12451	-113.10013	142.39225	253.86504	291.29386	92.75838	20.34175	-39.05616	0
10887	-12.20505	-112.28646	-95.19939	71.60296	44.75185	-104.14976	147.27427	264.44275	301.0579	105.7771	19.52808	-35.80148	0
10888	-10.57771	-99.26774	-90.31737	66.72094	43.12451	-93.57205	147.27427	262.81541	298.61689	115.54114	17.90074	-34.17414	0
10889	-15.45973	-88.69003	-85.43535	63.46626	35.80148	-82.18067	143.20592	254.67871	290.48019	122.0505	17.90074	-32.5468	0
10890	-19.52808	-82.18067	-78.92599	61.83892	26.03744	-74.04397	137.51023	245.72834	282.34349	126.11885	15.45973	-30.91946	0
10891	-26.03744	-81.367	-68.34828	62.65259	16.2734	-69.16195	131.00087	240.03265	283.97083	129.37353	11.39138	-30.10579	0
10892	-30.10579	-81.367	-59.39791	65.0936	10.57771	-65.0936	127.74619	241.65999	298.61689	135.06922	8.1367	-29.29212	0
10893	-27.66478	-78.11232	-54.51589	66.72094	10.57771	-62.65259	128.55986	250.61036	318.14497	139.95124	5.69569	-28.47845	0
10894	-26.03744	-78.11232	-53.70222	64.27993	13.01872	-64.27993	131.00087	265.25642	335.23204	140.76491	-2.44101	-28.47845	0
10895	-24.4101	-84.62168	-60.21158	55.32956	17.90074	-72.41663	135.06922	281.52982	346.62342	138.3239	-10.57771	-30.10579	0
10896	-20.34175	-88.69003	-65.90727	41.49717	22.78276	-78.11232	141.57858	298.61689	353.13278	139.13757	-11.39138	-31.73313	0
10897	-17.90074	-78.92599	-61.02525	32.5468	21.15542	-69.97562	149.71528	313.26295	353.94645	144.01959	-5.69569	-30.91946	0
10898	-17.08707	-59.39791	-41.49717	30.91946	13.83239	-51.26121	157.85198	319.77231	341.7414	146.4606	1.62734	-30.10579	0
10899	-20.34175	-41.49717	-17.08707	32.5468	5.69569	-30.10579	161.10666	318.95864	320.58598	140.76491	5.69569	-28.47845	0
10900	-27.66478	-34.98781	-1.62734	36.61515	-3.25468	-19.52808	151.34262	312.44928	302.68524	128.55986	1.62734	-28.47845	0
10901	-29.29212	-36.61515	-1.62734	43.12451	-6.50936	-19.52808	135.06922	305.12625	291.29386	116.35481	-1.62734	-34.98781	0
10902	-19.52808	-38.24249	-13.83239	48.00653	0.81367	-24.4101	119.60949	297.80322	292.10753	112.28646	-1.62734	-41.49717	0
10903	-11.39138	-39.86983	-30.10579	50.44754	12.20505	-32.5468	108.21811	297.80322	302.68524	113.9138	0	-48.00653	0
10904	-10.57771	-45.56552	-46.37919	52.88855	18.71441	-41.49717	100.08141	310.00827	315.70396	117.16848	-2.44101	-54.51589	0
10905	-10.57771	-55.32956	-59.39791	52.88855	25.22377	-52.88855	95.19939	329.53635	327.09534	118.79582	-6.50936	-59.39791	0
10906	-3.25468	-60.21158	-69.97562	49.63387	33.36047	-61.02525	100.08141	348.25076	339.30039	122.0505	-5.69569	-56.9569	0
10907	9.76404	-53.70222	-73.2303	43.12451	41.49717	-61.02525	114.72747	361.26948	352.31911	124.49151	-1.62734	-48.8202	0
10908	22.78276	-42.31084	-69.16195	30.10579	44.75185	-51.26121	132.62821	366.96517	362.89682	123.67784	0	-40.6835	0
10909	29.29212	-31.73313	-57.77057	12.20505	42.31084	-34.98781	142.39225	364.52416	360.45581	120.42316	0.81367	-32.5468	0
10910	28.47845	-17.90074	-39.05616	-1.62734	31.73313	-18.71441	141.57858	353.13278	341.7414	115.54114	3.25468	-26.03744	0
10911	26.85111	0	-14.64606	-14.64606	20.34175	-2.44101	138.3239	345.80975	320.58598	110.65912	7.32303	-21.15542	0
10912	27.66478	17.90074	9.76404	-24.4101	12.20505	13.01872	137.51023	346.62342	306.75359	110.65912	17.08707	-15.45973	0
10913	27.66478	34.98781	30.91946	-30.10579	1.62734	29.29212	139.95124	353.94645	304.31258	113.10013	26.03744	-10.57771	0
10914	28.47845	50.44754	46.37919	-33.36047	-6.50936	44.75185	149.71528	368.59251	314.07662	117.98215	36.61515	-3.25468	0
10915	32.5468	63.46626	52.07488	-35.80148	-8.95037	55.32956	162.734	389.74793	329.53635	128.55986	48.8202	4.88202	0
10916	34.98781	69.16195	47.19286	-38.24249	-6.50936	56.9569	171.68437	412.53069	344.18241	137.51023	55.32956	13.01872	0
10917	34.98781	67.53461	38.24249	-41.49717	-2.44101	52.88855	172.49804	427.17675	353.94645	139.95124	52.88855	18.71441	0
10918	30.91946	64.27993	32.5468	-43.12451	1.62734	48.00653	162.734	432.87244	358.0148	137.51023	48.00653	21.96909	0
10919	15.45973	59.39791	32.5468	-36.61515	4.88202	46.37919	145.64693	432.05877	355.57379	132.62821	40.6835	20.34175	0
10920	-2.44101	63.46626	39.05616	-30.91946	4.06835	49.63387	129.37353	430.43143	348.25076	128.55986	33.36047	16.2734	0
10921	-4.06835	79.73966	50.44754	-34.17414	0	58.58424	117.98215	429.61776	336.04571	126.93252	34.17414	13.83239	0
10922	10.57771	99.26774	65.0936	-42.31084	-4.06835	72.41663	113.10013	429.61776	324.65433	128.55986	43.12451	13.83239	0
10923	26.03744	112.28646	81.367	-51.26121	-8.1367	85.43535	117.98215	436.94079	319.77231	135.06922	56.14323	17.08707	0
10924	27.66478	113.9138	95.19939	-55.32956	-17.90074	92.75838	133.44188	454.84153	322.21332	142.39225	69.16195	26.03744	0
10925	20.34175	109.84545	104.96343	-54.51589	-32.5468	99.26774	152.15629	478.43796	327.90901	146.4606	84.62168	38.24249	0
10926	13.83239	114.72747	114.72747	-59.39791	-45.56552	110.65912	165.17501	496.3387	332.79103	146.4606	98.45407	52.88855	0
10927	11.39138	132.62821	124.49151	-74.04397	-52.88855	127.74619	166.80235	502.84806	335.23204	142.39225	109.84545	66.72094	0
10928	11.39138	152.96996	135.06922	-90.31737	-58.58424	144.01959	160.29299	502.84806	332.79103	136.69656	117.98215	78.11232	0
10929	14.64606	170.8707	146.4606	-105.7771	-65.0936	159.47932	150.52895	499.59338	327.90901	134.25555	119.60949	88.69003	0
10930	18.71441	189.58511	160.29299	-118.79582	-73.2303	178.19373	141.57858	495.52503	319.77231	139.95124	113.9138	98.45407	0
10931	17.90074	205.85851	178.19373	-127.74619	-84.62168	196.09447	132.62821	489.01567	307.56726	148.08794	104.96343	104.96343	0
10932	10.57771	219.6909	193.65346	-133.44188	-96.01306	209.92686	126.11885	483.31998	294.54854	150.52895	100.08141	109.84545	0
10933	1.62734	229.45494	201.79016	-131.00087	-98.45407	221.31824	122.0505	482.50631	287.22551	144.83326	96.01306	117.16848	0
10934	-3.25468	235.9643	203.4175	-122.86417	-91.94471	227.8276	117.98215	485.76099	282.34349	129.37353	98.45407	123.67784	0
10935	3.25468	239.21898	205.04484	-117.16848	-87.06269	229.45494	114.72747	489.01567	274.20679	108.21811	111.47279	129.37353	0
10936	22.78276	233.52329	211.5542	-110.65912	-94.38572	227.8276	109.84545	488.202	259.56073	87.06269	121.23683	134.25555	0
10937	43.12451	231.89595	221.31824	-109.84545	-104.96343	230.26861	103.33609	481.69264	243.28733	69.97562	122.0505	138.3239	0
10938	57.77057	246.54201	231.89595	-125.30518	-108.21811	240.03265	91.94471	465.41924	224.57292	60.21158	118.79582	139.13757	0
10939	65.0936	272.57945	242.47366	-149.71528	-107.40444	256.30605	79.73966	443.45015	205.04484	56.9569	116.35481	135.88289	0
10940	65.0936	299.43056	257.93339	-170.05703	-109.84545	277.46147	72.41663	423.92207	184.70309	61.02525	121.23683	135.06922	0
10941	61.83892	321.39965	279.08881	-183.07575	-117.16848	297.80322	70.78929	410.08968	165.17501	69.16195	130.1872	139.13757	0
10942	56.14323	334.41837	298.61689	-189.58511	-125.30518	311.63561	69.97562	400.32564	150.52895	77.29865	138.3239	144.83326	0
10943	46.37919	338.48672	310.00827	-189.58511	-136.69656	319.77231	72.41663	396.25729	140.76491	86.24902	145.64693	152.96996	0
10944	34.98781	343.36874	321.39965	-187.95777	-149.71528	329.53635	76.48498	395.44362	137.51023	93.57205	149.71528	157.85198	0
10945	30.10579	357.20113	336.85938	-191.21245	-158.66565	344.99608	75.67131	392.18894	138.3239	96.82673	148.90161	160.29299	0
10946	23.59643	371.84719	353.13278	-196.09447	-167.61602	362.08315	69.16195	384.05224	130.1872	94.38572	148.90161	163.54767	0
10947	13.01872	376.72921	369.40618	-201.79016	-178.19373	374.2882	61.83892	371.03352	108.21811	87.06269	149.71528	170.05703	0
10948	8.1367	382.4249	386.49325	-205.85851	-185.51676	384.86591	54.51589	358.82847	79.73966	78.92599	152.96996	179.0074	0
10949	12.20505	397.88463	402.76665	-212.36787	-189.58511	399.51197	48.8202	349.8781	51.26121	69.16195	160.29299	186.33043	0
10950	21.15542	419.85372	412.53069	-222.13191	-191.21245	414.9717	47.19286	336.85938	24.4101	56.14323	167.61602	194.46713	0
10951	30.91946	441.00914	412.53069	-234.33696	-184.70309	426.36308	46.37919	314.07662	0	41.49717	170.8707	203.4175	0
10952	34.98781	455.6552	402.76665	-248.16935	-174.12538	430.43143	43.12451	281.52982	-20.34175	28.47845	170.05703	207.48585	0
10953	34.98781	460.53722	390.5616	-257.93339	-166.80235	427.99042	31.73313	245.72834	-39.05616	13.83239	166.80235	208.29952	0
10954	28.47845	458.09621	381.61123	-259.56073	-164.36134	420.66739	13.01872	216.43622	-58.58424	-1.62734	158.66565	209.11319	0
10955	20.34175	449.95951	373.47453	-253.86504	-161.10666	410.08968	-2.44101	196.09447	-82.99434	-17.08707	149.71528	209.11319	0
10956	16.2734	438.56813	364.52416	-246.54201	-156.22464	397.88463	-13.83239	175.75272	-116.35481	-32.5468	143.20592	205.85851	0
10957	14.64606	421.48106	357.20113	-235.15063	-154.5973	386.49325	-23.59643	145.64693	-160.29299	-52.07488	133.44188	198.53548	0
10958	13.01872	400.32564	359.64214	-221.31824	-158.66565	377.54288	-32.5468	113.10013	-201.79016	-73.2303	122.0505	190.39878	0
10959	8.95037	384.05224	378.35655	-209.11319	-170.8707	379.17022	-37.42882	89.5037	-230.26861	-86.24902	115.54114	186.33043	0
10960	-0.81367	378.35655	402.76665	-196.09447	-190.39878	388.93426	-38.24249	71.60296	-242.47366	-89.5037	114.72747	187.1441	0
10961	-8.95037	382.4249	417.41271	-183.07575	-205.04484	398.6983	-38.24249	52.88855	-247.35568	-87.87636	117.16848	191.21245	0
10962	-9.76404	381.61123	411.71702	-174.12538	-210.74053	397.88463	-35.80148	33.36047	-251.42403	-88.69003	121.23683	190.39878	0
10963	-7.32303	374.2882	394.62995	-170.8707	-209.11319	386.49325	-33.36047	18.71441	-253.86504	-94.38572	125.30518	179.0074	0
10964	-5.69569	363.71049	375.91554	-170.05703	-202.60383	371.84719	-31.73313	6.50936	-254.67871	-99.26774	124.49151	165.17501	0
10965	-10.57771	351.50544	363.71049	-163.54767	-196.90814	358.0148	-34.17414	-6.50936	-256.30605	-100.89508	116.35481	152.96996	0
10966	-21.15542	340.92773	356.38746	-153.78363	-193.65346	346.62342	-43.12451	-19.52808	-257.93339	-100.08141	104.96343	140.76491	0
10967	-27.66478	331.97736	349.06443	-147.27427	-187.1441	336.04571	-56.9569	-30.10579	-258.74706	-96.82673	95.19939	132.62821	0
10968	-24.4101	324.65433	339.30039	-148.08794	-177.38006	327.90901	-69.16195	-41.49717	-262.00174	-90.31737	89.5037	130.1872	0
10969	-15.45973	319.77231	328.72268	-152.15629	-167.61602	320.58598	-75.67131	-55.32956	-269.32477	-84.62168	79.73966	131.81454	0
10970	-8.95037	306.75359	312.44928	-149.71528	-157.85198	306.75359	-73.2303	-69.97562	-277.46147	-82.99434	60.21158	131.00087	0
10971	-12.20505	278.27514	290.48019	-134.25555	-150.52895	283.15716	-64.27993	-81.367	-278.27514	-82.18067	29.29212	122.86417	0
10972	-23.59643	240.84632	266.07009	-109.03178	-144.83326	253.86504	-50.44754	-91.13104	-269.32477	-80.55333	-2.44101	109.03178	0
10973	-36.61515	205.04484	243.28733	-83.80801	-141.57858	226.20026	-35.80148	-91.13104	-248.98302	-76.48498	-20.34175	96.01306	0
10974	-43.93818	178.19373	225.38659	-66.72094	-139.95124	204.23117	-22.78276	-81.367	-225.38659	-76.48498	-16.2734	84.62168	0
10975	-44.75185	157.85198	210.74053	-57.77057	-135.06922	186.33043	-14.64606	-69.97562	-203.4175	-82.99434	0	74.85764	0
10976	-43.12451	135.06922	193.65346	-51.26121	-123.67784	165.98868	-10.57771	-62.65259	-183.88942	-87.06269	11.39138	64.27993	0
10977	-40.6835	113.10013	171.68437	-43.93818	-109.03178	143.20592	-4.06835	-55.32956	-164.36134	-77.29865	15.45973	56.9569	0
10978	-33.36047	99.26774	146.4606	-40.6835	-91.13104	122.86417	0.81367	-51.26121	-145.64693	-59.39791	15.45973	52.88855	0
10979	-19.52808	92.75838	120.42316	-43.12451	-70.78929	105.7771	-0.81367	-56.14323	-133.44188	-43.93818	10.57771	47.19286	0
10980	-2.44101	92.75838	100.08141	-48.00653	-54.51589	95.19939	-7.32303	-68.34828	-126.11885	-35.80148	2.44101	38.24249	0
10981	8.95037	96.01306	88.69003	-54.51589	-48.00653	91.94471	-10.57771	-75.67131	-117.16848	-31.73313	-4.88202	29.29212	0
10982	7.32303	91.13104	84.62168	-49.63387	-48.00653	88.69003	-8.1367	-74.04397	-107.40444	-29.29212	-8.95037	22.78276	0
10983	-8.95037	74.04397	79.73966	-30.91946	-55.32956	73.2303	-4.06835	-65.0936	-100.89508	-29.29212	-9.76404	17.90074	0
10984	-23.59643	52.07488	67.53461	-13.01872	-60.21158	46.37919	-0.81367	-54.51589	-94.38572	-30.91946	-7.32303	16.2734	0
10985	-28.47845	30.10579	48.8202	0	-56.9569	21.15542	2.44101	-44.75185	-87.87636	-27.66478	-0.81367	14.64606	0
10986	-21.96909	19.52808	33.36047	0	-45.56552	11.39138	7.32303	-35.80148	-83.80801	-16.2734	4.88202	11.39138	0
10987	-5.69569	24.4101	26.03744	-9.76404	-30.10579	15.45973	11.39138	-26.85111	-78.11232	-3.25468	5.69569	6.50936	0
10988	6.50936	28.47845	20.34175	-18.71441	-14.64606	18.71441	11.39138	-25.22377	-65.0936	0.81367	0	0	0
10989	13.83239	21.96909	10.57771	-18.71441	-3.25468	13.83239	8.95037	-32.5468	-46.37919	0.81367	-5.69569	-5.69569	0
10990	13.01872	10.57771	0	-13.83239	2.44101	4.88202	6.50936	-40.6835	-26.03744	0.81367	-8.95037	-9.76404	0
10991	5.69569	-3.25468	-5.69569	-7.32303	4.06835	-4.06835	6.50936	-41.49717	-8.95037	3.25468	-8.1367	-9.76404	0
10992	-3.25468	-18.71441	-8.95037	-4.06835	2.44101	-17.90074	8.1367	-36.61515	0.81367	8.95037	-3.25468	-10.57771	0
10993	-13.01872	-34.98781	-15.45973	-2.44101	4.06835	-39.05616	7.32303	-32.5468	4.88202	11.39138	0	-16.2734	0
10994	-19.52808	-46.37919	-30.10579	-0.81367	15.45973	-56.9569	2.44101	-28.47845	4.06835	12.20505	-1.62734	-26.03744	0
10995	-20.34175	-47.19286	-37.42882	2.44101	21.96909	-57.77057	0	-21.96909	5.69569	17.08707	-4.88202	-27.66478	0
10996	-17.08707	-36.61515	-30.91946	4.88202	17.90074	-43.12451	2.44101	-12.20505	11.39138	25.22377	-8.1367	-23.59643	0
10997	-10.57771	-24.4101	-18.71441	4.88202	10.57771	-23.59643	4.06835	-4.88202	16.2734	31.73313	-15.45973	-24.4101	0
10998	-0.81367	-16.2734	-8.95037	2.44101	6.50936	-8.1367	3.25468	-4.88202	20.34175	34.17414	-23.59643	-29.29212	0
10999	8.1367	-10.57771	-6.50936	0	7.32303	-0.81367	2.44101	-9.76404	23.59643	29.29212	-30.91946	-35.80148	0
11000	13.01872	-11.39138	-12.20505	0	10.57771	-5.69569	4.06835	-14.64606	25.22377	23.59643	-36.61515	-41.49717	0
11001	10.57771	-24.4101	-25.22377	3.25468	15.45973	-20.34175	6.50936	-17.08707	30.10579	21.15542	-34.17414	-43.93818	0
11002	0.81367	-46.37919	-37.42882	9.76404	17.08707	-41.49717	9.76404	-16.2734	41.49717	24.4101	-24.4101	-43.12451	0
11003	-4.06835	-65.90727	-43.93818	17.08707	17.08707	-61.02525	17.90074	-8.95037	56.14323	29.29212	-14.64606	-39.05616	0
11004	-0.81367	-73.2303	-46.37919	21.15542	17.90074	-71.60296	26.85111	3.25468	69.97562	34.98781	-6.50936	-31.73313	0
11005	4.88202	-71.60296	-52.07488	21.96909	22.78276	-73.2303	32.5468	16.2734	82.18067	41.49717	-4.06835	-26.03744	0
11006	12.20505	-66.72094	-61.83892	21.96909	31.73313	-71.60296	30.91946	25.22377	90.31737	47.19286	-8.1367	-26.03744	0
11007	17.08707	-61.83892	-69.16195	24.4101	39.86983	-69.16195	22.78276	26.85111	92.75838	51.26121	-13.83239	-30.91946	0
11008	13.01872	-59.39791	-73.2303	28.47845	43.12451	-68.34828	11.39138	22.78276	92.75838	52.07488	-17.90074	-36.61515	0
11009	3.25468	-58.58424	-73.2303	32.5468	43.93818	-66.72094	3.25468	15.45973	92.75838	51.26121	-17.90074	-39.05616	0
11010	-1.62734	-54.51589	-67.53461	31.73313	41.49717	-61.02525	2.44101	11.39138	93.57205	52.88855	-12.20505	-34.17414	0
11011	-3.25468	-47.19286	-54.51589	26.85111	33.36047	-51.26121	9.76404	15.45973	96.82673	56.9569	-2.44101	-24.4101	0
11012	-8.1367	-39.05616	-35.80148	24.4101	19.52808	-37.42882	19.52808	22.78276	101.70875	58.58424	4.06835	-16.2734	0
11013	-11.39138	-32.5468	-21.15542	24.4101	9.76404	-26.85111	26.03744	26.85111	105.7771	56.14323	6.50936	-13.83239	0
11014	-7.32303	-26.85111	-16.2734	22.78276	8.1367	-21.96909	28.47845	27.66478	107.40444	52.88855	7.32303	-16.2734	0
11015	0	-23.59643	-19.52808	19.52808	13.01872	-25.22377	25.22377	25.22377	109.03178	47.19286	0.81367	-20.34175	0
11016	4.88202	-28.47845	-32.5468	18.71441	20.34175	-35.80148	18.71441	24.4101	114.72747	41.49717	-15.45973	-29.29212	0
11017	5.69569	-42.31084	-51.26121	25.22377	29.29212	-52.07488	13.01872	29.29212	125.30518	36.61515	-37.42882	-39.86983	0
11018	4.88202	-59.39791	-69.16195	36.61515	36.61515	-69.16195	12.20505	42.31084	133.44188	33.36047	-56.14323	-43.93818	0
11019	2.44101	-74.04397	-81.367	45.56552	40.6835	-81.367	17.08707	56.9569	137.51023	33.36047	-62.65259	-40.6835	0
11020	0	-79.73966	-82.99434	47.19286	39.86983	-83.80801	25.22377	68.34828	138.3239	33.36047	-52.88855	-32.5468	0
11021	-4.06835	-81.367	-77.29865	43.93818	34.17414	-79.73966	30.10579	73.2303	133.44188	28.47845	-34.98781	-23.59643	0
11022	-13.83239	-84.62168	-72.41663	38.24249	29.29212	-77.29865	30.10579	70.78929	122.86417	22.78276	-21.96909	-19.52808	0
11023	-17.90074	-87.06269	-75.67131	34.98781	33.36047	-78.11232	28.47845	62.65259	113.10013	21.96909	-13.01872	-17.08707	0
11024	-13.01872	-90.31737	-80.55333	37.42882	41.49717	-78.92599	26.03744	53.70222	109.03178	24.4101	-6.50936	-15.45973	0
11025	-4.06835	-94.38572	-87.87636	42.31084	48.8202	-82.99434	25.22377	49.63387	112.28646	23.59643	-7.32303	-16.2734	0
11026	-0.81367	-101.70875	-96.82673	48.8202	52.88855	-91.94471	21.96909	50.44754	117.98215	18.71441	-17.90074	-21.96909	0
11027	-2.44101	-110.65912	-101.70875	56.9569	50.44754	-101.70875	14.64606	54.51589	122.86417	17.08707	-30.91946	-33.36047	0
11028	-5.69569	-118.79582	-104.14976	65.0936	45.56552	-109.84545	8.95037	61.83892	126.93252	18.71441	-39.05616	-46.37919	0
11029	-7.32303	-122.86417	-103.33609	69.16195	41.49717	-113.9138	8.95037	70.78929	131.00087	21.15542	-40.6835	-55.32956	0
11030	-7.32303	-117.98215	-100.89508	65.90727	39.86983	-110.65912	14.64606	78.92599	136.69656	26.03744	-39.86983	-57.77057	0
11031	-4.88202	-105.7771	-94.38572	57.77057	39.86983	-101.70875	20.34175	81.367	144.01959	30.91946	-38.24249	-54.51589	0
11032	3.25468	-89.5037	-84.62168	43.93818	37.42882	-89.5037	23.59643	79.73966	148.90161	35.80148	-37.42882	-51.26121	0
11033	20.34175	-70.78929	-76.48498	26.03744	36.61515	-79.73966	22.78276	77.29865	149.71528	39.05616	-37.42882	-47.19286	0
11034	32.5468	-61.83892	-74.85764	14.64606	39.86983	-75.67131	20.34175	75.67131	148.90161	39.86983	-39.05616	-43.12451	0
11035	26.03744	-64.27993	-73.2303	14.64606	39.05616	-74.04397	21.15542	74.04397	147.27427	39.86983	-38.24249	-40.6835	0
11036	8.95037	-66.72094	-64.27993	17.08707	34.17414	-67.53461	27.66478	73.2303	147.27427	41.49717	-35.80148	-40.6835	0
11037	-3.25468	-61.83892	-52.07488	17.08707	31.73313	-61.02525	36.61515	70.78929	149.71528	44.75185	-32.5468	-44.75185	0
11038	-6.50936	-53.70222	-44.75185	16.2734	31.73313	-60.21158	43.12451	65.90727	154.5973	47.19286	-30.91946	-50.44754	0
11039	1.62734	-47.19286	-49.63387	12.20505	37.42882	-62.65259	43.93818	63.46626	161.10666	49.63387	-36.61515	-54.51589	0
11040	17.90074	-46.37919	-65.0936	8.1367	48.00653	-67.53461	40.6835	67.53461	167.61602	52.07488	-48.00653	-60.21158	0
11041	30.91946	-55.32956	-85.43535	9.76404	60.21158	-77.29865	38.24249	77.29865	170.8707	50.44754	-61.02525	-67.53461	0
11042	32.5468	-73.2303	-100.89508	22.78276	64.27993	-87.06269	36.61515	87.06269	165.98868	43.93818	-73.2303	-74.85764	0
11043	23.59643	-88.69003	-104.96343	36.61515	61.02525	-87.06269	34.17414	91.13104	153.78363	34.17414	-83.80801	-80.55333	0
11044	13.01872	-91.94471	-98.45407	43.93818	52.88855	-79.73966	30.91946	89.5037	139.95124	25.22377	-86.24902	-82.99434	0
11045	0	-88.69003	-84.62168	48.00653	40.6835	-74.04397	26.85111	84.62168	126.93252	16.2734	-80.55333	-79.73966	0
11046	-17.08707	-86.24902	-71.60296	55.32956	26.03744	-72.41663	21.96909	74.85764	115.54114	5.69569	-74.85764	-75.67131	0
11047	-31.73313	-91.94471	-64.27993	64.27993	15.45973	-75.67131	16.2734	61.02525	109.03178	-2.44101	-72.41663	-74.04397	0
11048	-37.42882	-105.7771	-67.53461	69.16195	14.64606	-85.43535	17.08707	50.44754	104.96343	-5.69569	-69.16195	-72.41663	0
11049	-30.91946	-121.23683	-83.80801	70.78929	24.4101	-100.89508	28.47845	46.37919	106.59077	-0.81367	-61.83892	-67.53461	0
11050	-18.71441	-131.00087	-103.33609	69.16195	39.86983	-114.72747	43.93818	46.37919	113.10013	11.39138	-52.88855	-58.58424	0
11051	-7.32303	-133.44188	-114.72747	64.27993	52.07488	-120.42316	54.51589	49.63387	120.42316	23.59643	-48.00653	-52.88855	0
11052	-2.44101	-127.74619	-114.72747	61.02525	54.51589	-116.35481	56.14323	52.88855	122.0505	27.66478	-48.8202	-53.70222	0
11053	-0.81367	-113.10013	-104.14976	57.77057	51.26121	-104.14976	52.07488	56.14323	117.98215	25.22377	-52.07488	-59.39791	0
11054	0.81367	-94.38572	-87.87636	53.70222	45.56552	-85.43535	46.37919	58.58424	114.72747	17.90074	-57.77057	-65.0936	0
11055	-1.62734	-80.55333	-66.72094	48.8202	34.17414	-69.16195	39.05616	60.21158	115.54114	13.83239	-62.65259	-69.97562	0
11056	-13.01872	-75.67131	-52.07488	48.8202	19.52808	-64.27993	34.17414	63.46626	119.60949	18.71441	-62.65259	-74.85764	0
11057	-30.10579	-80.55333	-52.88855	58.58424	8.1367	-69.16195	34.98781	64.27993	127.74619	25.22377	-60.21158	-82.18067	0
11058	-38.24249	-86.24902	-65.90727	74.85764	8.1367	-77.29865	36.61515	60.21158	138.3239	29.29212	-58.58424	-88.69003	0
11059	-34.17414	-85.43535	-80.55333	85.43535	19.52808	-82.99434	37.42882	56.9569	146.4606	30.10579	-56.9569	-89.5037	0
11060	-28.47845	-89.5037	-91.13104	87.06269	31.73313	-90.31737	39.05616	56.14323	148.90161	32.5468	-53.70222	-85.43535	0
11061	-21.96909	-108.21811	-97.6404	86.24902	34.98781	-102.52242	40.6835	56.9569	149.71528	37.42882	-48.00653	-75.67131	0
11062	-13.01872	-129.37353	-101.70875	79.73966	32.5468	-113.9138	40.6835	58.58424	147.27427	43.12451	-47.19286	-64.27993	0
11063	-6.50936	-137.51023	-104.14976	70.78929	30.10579	-116.35481	39.05616	56.9569	144.01959	43.93818	-53.70222	-56.14323	0
11064	-3.25468	-132.62821	-104.14976	62.65259	27.66478	-112.28646	37.42882	54.51589	137.51023	43.12451	-65.0936	-54.51589	0
11065	0	-122.86417	-100.89508	56.9569	26.85111	-105.7771	37.42882	54.51589	128.55986	43.93818	-81.367	-56.14323	0
11066	0.81367	-110.65912	-91.13104	53.70222	30.10579	-96.01306	37.42882	56.14323	122.86417	43.93818	-94.38572	-59.39791	0
11067	0.81367	-94.38572	-82.18067	48.8202	38.24249	-87.87636	36.61515	62.65259	119.60949	42.31084	-88.69003	-56.9569	0
11068	0	-78.11232	-82.99434	42.31084	47.19286	-85.43535	36.61515	70.78929	117.98215	39.86983	-65.0936	-47.19286	0
11069	0	-67.53461	-89.5037	39.05616	55.32956	-87.06269	39.86983	75.67131	121.23683	39.86983	-39.05616	-34.98781	0
11070	0.81367	-66.72094	-94.38572	39.86983	58.58424	-88.69003	46.37919	74.85764	129.37353	42.31084	-26.03744	-30.91946	0
11071	-3.25468	-76.48498	-94.38572	45.56552	52.88855	-91.13104	52.07488	71.60296	136.69656	43.93818	-25.22377	-34.17414	0
11072	-9.76404	-87.06269	-90.31737	52.88855	42.31084	-91.13104	53.70222	65.90727	136.69656	41.49717	-34.17414	-41.49717	0
11073	-15.45973	-94.38572	-84.62168	57.77057	30.10579	-88.69003	48.00653	48.8202	126.11885	33.36047	-49.63387	-46.37919	0
11074	-18.71441	-100.08141	-78.92599	60.21158	21.15542	-84.62168	34.17414	21.15542	109.03178	18.71441	-68.34828	-52.07488	0
11075	-19.52808	-106.59077	-75.67131	59.39791	17.08707	-84.62168	18.71441	-5.69569	94.38572	2.44101	-82.99434	-60.21158	0
11076	-18.71441	-112.28646	-79.73966	61.02525	19.52808	-89.5037	8.95037	-16.2734	91.13104	-5.69569	-87.06269	-67.53461	0
11077	-14.64606	-113.9138	-92.75838	61.83892	30.91946	-99.26774	10.57771	-8.95037	104.14976	-0.81367	-78.92599	-67.53461	0
11078	-5.69569	-115.54114	-110.65912	60.21158	47.19286	-111.47279	20.34175	6.50936	123.67784	13.83239	-59.39791	-59.39791	0
11079	1.62734	-119.60949	-124.49151	58.58424	59.39791	-122.0505	34.98781	23.59643	134.25555	30.91946	-36.61515	-47.19286	0
11080	10.57771	-117.98215	-131.00087	59.39791	68.34828	-126.11885	47.19286	34.17414	125.30518	40.6835	-20.34175	-39.05616	0
11081	21.15542	-108.21811	-136.69656	57.77057	74.85764	-123.67784	54.51589	34.98781	102.52242	44.75185	-16.2734	-39.05616	0
11082	23.59643	-98.45407	-143.20592	50.44754	75.67131	-121.23683	56.14323	30.91946	81.367	47.19286	-19.52808	-43.12451	0
11083	18.71441	-98.45407	-143.20592	46.37919	72.41663	-120.42316	53.70222	25.22377	74.85764	47.19286	-24.4101	-47.19286	0
11084	8.95037	-104.14976	-134.25555	48.8202	65.90727	-117.98215	48.00653	24.4101	85.43535	47.19286	-30.91946	-49.63387	0
11085	0.81367	-108.21811	-117.16848	54.51589	53.70222	-110.65912	40.6835	26.85111	103.33609	47.19286	-37.42882	-52.07488	0
11086	-0.81367	-103.33609	-94.38572	55.32956	39.05616	-96.01306	34.17414	29.29212	118.79582	46.37919	-40.6835	-52.88855	0
11087	2.44101	-85.43535	-72.41663	46.37919	27.66478	-77.29865	31.73313	29.29212	127.74619	48.00653	-41.49717	-52.07488	0
11088	5.69569	-67.53461	-56.9569	34.98781	21.96909	-61.83892	34.98781	26.03744	131.00087	52.88855	-40.6835	-52.88855	0
11089	6.50936	-57.77057	-47.19286	29.29212	17.08707	-53.70222	39.86983	17.90074	128.55986	56.9569	-38.24249	-53.70222	0
11090	2.44101	-56.14323	-43.93818	28.47845	13.83239	-51.26121	40.6835	9.76404	124.49151	56.9569	-34.17414	-53.70222	0
11091	-4.06835	-58.58424	-43.12451	30.91946	12.20505	-52.07488	34.98781	7.32303	117.16848	52.07488	-33.36047	-54.51589	0
11092	-6.50936	-54.51589	-39.86983	29.29212	13.83239	-48.8202	29.29212	9.76404	106.59077	43.93818	-36.61515	-53.70222	0
11093	-4.88202	-44.75185	-32.5468	24.4101	17.90074	-39.86983	25.22377	16.2734	98.45407	36.61515	-43.12451	-50.44754	0
11094	-0.81367	-34.17414	-24.4101	17.08707	21.15542	-32.5468	25.22377	22.78276	96.01306	34.17414	-45.56552	-48.00653	0
11095	3.25468	-26.03744	-21.15542	10.57771	21.15542	-29.29212	30.91946	27.66478	99.26774	39.86983	-41.49717	-44.75185	0
11096	8.95037	-25.22377	-27.66478	6.50936	19.52808	-33.36047	39.86983	31.73313	104.96343	50.44754	-34.17414	-39.86983	0
11097	14.64606	-30.10579	-39.05616	5.69569	22.78276	-39.86983	46.37919	35.80148	110.65912	62.65259	-22.78276	-37.42882	0
11098	17.90074	-30.91946	-46.37919	4.06835	28.47845	-43.12451	51.26121	41.49717	116.35481	75.67131	-6.50936	-34.98781	0
11099	19.52808	-26.03744	-45.56552	2.44101	30.91946	-39.05616	57.77057	47.19286	122.86417	84.62168	4.06835	-29.29212	0
11100	18.71441	-17.08707	-39.05616	0.81367	27.66478	-31.73313	65.90727	49.63387	129.37353	91.94471	4.88202	-26.03744	0
11101	14.64606	-7.32303	-26.85111	-0.81367	20.34175	-20.34175	71.60296	48.8202	133.44188	96.82673	-0.81367	-27.66478	0
11102	11.39138	0.81367	-13.83239	-3.25468	13.01872	-8.1367	72.41663	42.31084	131.81454	95.19939	-13.01872	-35.80148	0
11103	11.39138	7.32303	-4.06835	-5.69569	8.1367	0.81367	66.72094	32.5468	124.49151	87.87636	-32.5468	-47.19286	0
11104	11.39138	8.95037	0	-6.50936	4.88202	5.69569	57.77057	22.78276	115.54114	78.92599	-56.14323	-56.9569	0
11105	10.57771	3.25468	-2.44101	-4.88202	5.69569	2.44101	48.8202	17.08707	106.59077	69.16195	-70.78929	-65.0936	0
11106	10.57771	-3.25468	-8.95037	-2.44101	8.1367	-3.25468	43.93818	16.2734	101.70875	64.27993	-69.16195	-69.16195	0
11107	8.95037	-5.69569	-10.57771	0	8.1367	-5.69569	43.93818	20.34175	104.96343	70.78929	-49.63387	-64.27993	0
11108	4.88202	-5.69569	-6.50936	2.44101	5.69569	-6.50936	49.63387	29.29212	122.86417	89.5037	-19.52808	-54.51589	0
11109	0	-7.32303	-0.81367	7.32303	3.25468	-7.32303	54.51589	41.49717	148.08794	109.84545	11.39138	-43.12451	0
11110	-4.06835	-11.39138	4.88202	13.01872	-1.62734	-7.32303	50.44754	49.63387	169.24336	121.23683	32.5468	-30.91946	0
11111	0	-10.57771	8.95037	12.20505	-6.50936	-3.25468	36.61515	50.44754	176.56639	122.0505	39.05616	-18.71441	0
11112	12.20505	-2.44101	10.57771	0	-6.50936	4.88202	19.52808	40.6835	169.24336	117.16848	28.47845	-11.39138	0
11113	23.59643	13.01872	13.01872	-17.90074	-7.32303	17.90074	2.44101	17.90074	145.64693	109.84545	6.50936	-8.1367	0
11114	29.29212	33.36047	20.34175	-37.42882	-8.95037	31.73313	-13.01872	-10.57771	113.10013	101.70875	-17.08707	-7.32303	0
11115	32.5468	56.9569	34.17414	-55.32956	-11.39138	50.44754	-26.03744	-34.98781	82.18067	92.75838	-41.49717	-8.95037	0
11116	38.24249	78.11232	48.8202	-65.90727	-12.20505	66.72094	-33.36047	-48.8202	62.65259	82.18067	-52.07488	-7.32303	0
11117	43.93818	82.99434	52.07488	-68.34828	-10.57771	69.97562	-34.17414	-50.44754	56.9569	73.2303	-44.75185	-3.25468	0
11118	44.75185	73.2303	48.00653	-63.46626	-8.95037	61.02525	-29.29212	-43.93818	61.83892	67.53461	-30.10579	-1.62734	0
11119	48.00653	57.77057	35.80148	-55.32956	-4.88202	45.56552	-20.34175	-32.5468	76.48498	64.27993	-13.83239	-2.44101	0
11120	50.44754	43.93818	16.2734	-47.19286	5.69569	28.47845	-12.20505	-21.15542	92.75838	59.39791	0	-2.44101	0
11121	41.49717	30.10579	-4.06835	-39.86983	19.52808	11.39138	-4.06835	-14.64606	100.08141	54.51589	8.1367	-1.62734	0
11122	26.85111	13.83239	-18.71441	-26.85111	26.03744	0	3.25468	-16.2734	92.75838	52.07488	8.95037	-0.81367	0
11123	10.57771	0	-21.15542	-9.76404	21.15542	-0.81367	8.95037	-24.4101	76.48498	50.44754	3.25468	-0.81367	0
11124	-1.62734	-4.06835	-13.83239	1.62734	10.57771	2.44101	8.95037	-36.61515	60.21158	48.00653	-4.88202	-1.62734	0
11125	-5.69569	-1.62734	-4.88202	3.25468	3.25468	6.50936	4.06835	-46.37919	53.70222	48.8202	-14.64606	-4.88202	0
11126	-3.25468	0	-1.62734	0.81367	0.81367	5.69569	-2.44101	-50.44754	61.83892	54.51589	-19.52808	-8.1367	0
11127	0	-4.06835	-4.06835	0	2.44101	0	-13.83239	-43.93818	81.367	61.83892	-17.90074	-10.57771	0
11128	2.44101	-11.39138	-8.1367	0	4.06835	-5.69569	-23.59643	-26.03744	106.59077	70.78929	-8.95037	-9.76404	0
11129	9.76404	-17.90074	-17.08707	-1.62734	11.39138	-13.83239	-27.66478	-3.25468	128.55986	80.55333	0.81367	-4.88202	0
11130	26.03744	-22.78276	-39.86983	-5.69569	30.10579	-29.29212	-26.03744	15.45973	144.01959	86.24902	7.32303	2.44101	0
11131	49.63387	-34.17414	-76.48498	-9.76404	60.21158	-54.51589	-21.96909	26.85111	148.90161	85.43535	5.69569	8.95037	0
11132	66.72094	-55.32956	-112.28646	-6.50936	91.13104	-87.06269	-18.71441	27.66478	138.3239	74.04397	-8.1367	5.69569	0
11133	69.16195	-82.18067	-131.00087	6.50936	109.03178	-115.54114	-15.45973	17.90074	111.47279	53.70222	-36.61515	-4.06835	0
11134	57.77057	-101.70875	-134.25555	22.78276	108.21811	-129.37353	-12.20505	0	75.67131	31.73313	-69.16195	-18.71441	0
11135	42.31084	-105.7771	-126.93252	32.5468	96.01306	-125.30518	-7.32303	-19.52808	43.93818	17.08707	-92.75838	-34.98781	0
11136	28.47845	-100.89508	-111.47279	37.42882	77.29865	-108.21811	0	-35.80148	23.59643	16.2734	-99.26774	-46.37919	0
11137	12.20505	-96.01306	-94.38572	39.86983	52.88855	-86.24902	7.32303	-42.31084	17.90074	25.22377	-90.31737	-47.19286	0
11138	-9.76404	-93.57205	-85.43535	42.31084	26.03744	-69.16195	13.83239	-39.05616	26.85111	39.05616	-68.34828	-42.31084	0
11139	-31.73313	-100.08141	-82.18067	47.19286	8.1367	-69.16195	14.64606	-30.10579	46.37919	49.63387	-45.56552	-39.05616	0
11140	-42.31084	-116.35481	-87.87636	55.32956	7.32303	-85.43535	10.57771	-22.78276	65.90727	51.26121	-37.42882	-40.6835	0
11141	-40.6835	-129.37353	-104.14976	65.90727	18.71441	-107.40444	5.69569	-21.15542	78.92599	43.12451	-41.49717	-45.56552	0
11142	-39.05616	-133.44188	-116.35481	71.60296	26.85111	-121.23683	4.88202	-21.15542	85.43535	31.73313	-52.07488	-49.63387	0
11143	-38.24249	-129.37353	-113.9138	72.41663	26.85111	-125.30518	8.1367	-20.34175	85.43535	19.52808	-69.16195	-56.14323	0
11144	-30.91946	-121.23683	-105.7771	69.97562	25.22377	-123.67784	12.20505	-19.52808	82.99434	9.76404	-84.62168	-64.27993	0
11145	-23.59643	-114.72747	-102.52242	65.0936	30.10579	-120.42316	13.83239	-19.52808	81.367	3.25468	-91.13104	-69.97562	0
11146	-19.52808	-114.72747	-108.21811	61.83892	40.6835	-121.23683	13.01872	-18.71441	80.55333	0.81367	-92.75838	-74.85764	0
11147	-14.64606	-122.86417	-117.98215	63.46626	51.26121	-126.11885	13.01872	-14.64606	76.48498	1.62734	-91.13104	-78.92599	0
11148	-9.76404	-131.81454	-122.86417	69.16195	57.77057	-131.00087	17.08707	-7.32303	71.60296	4.06835	-81.367	-78.92599	0
11149	-7.32303	-135.88289	-118.79582	72.41663	60.21158	-130.1872	23.59643	2.44101	69.97562	8.95037	-65.0936	-74.85764	0
11150	-8.1367	-135.88289	-110.65912	71.60296	58.58424	-126.93252	28.47845	8.95037	67.53461	12.20505	-49.63387	-69.16195	0
11151	-10.57771	-132.62821	-103.33609	69.16195	52.07488	-121.23683	28.47845	7.32303	58.58424	10.57771	-46.37919	-66.72094	0
11152	-13.83239	-126.93252	-100.89508	66.72094	48.8202	-116.35481	21.15542	-7.32303	48.8202	4.06835	-55.32956	-72.41663	0
11153	-13.01872	-124.49151	-111.47279	62.65259	52.07488	-118.79582	12.20505	-30.91946	39.05616	-3.25468	-75.67131	-82.99434	0
11154	-8.1367	-127.74619	-131.00087	62.65259	56.9569	-130.1872	8.1367	-46.37919	30.91946	-11.39138	-101.70875	-96.01306	0
11155	-2.44101	-134.25555	-149.71528	66.72094	62.65259	-145.64693	13.01872	-43.93818	26.85111	-13.01872	-121.23683	-109.03178	0
11156	-2.44101	-144.01959	-160.29299	74.85764	69.16195	-157.03831	21.96909	-29.29212	30.10579	-2.44101	-123.67784	-117.98215	0
11157	-5.69569	-157.85198	-160.29299	81.367	69.16195	-160.29299	34.17414	-12.20505	39.05616	12.20505	-110.65912	-117.98215	0
11158	-13.01872	-172.49804	-150.52895	85.43535	63.46626	-159.47932	49.63387	1.62734	54.51589	29.29212	-88.69003	-108.21811	0
11159	-27.66478	-183.88942	-135.06922	89.5037	49.63387	-159.47932	65.90727	10.57771	70.78929	43.93818	-62.65259	-96.01306	0
11160	-44.75185	-189.58511	-121.23683	92.75838	34.98781	-158.66565	74.04397	13.01872	84.62168	51.26121	-42.31084	-84.62168	0
11161	-49.63387	-187.1441	-119.60949	96.82673	32.5468	-157.03831	71.60296	8.95037	90.31737	44.75185	-34.98781	-74.85764	0
11162	-38.24249	-174.93905	-124.49151	100.08141	41.49717	-152.96996	59.39791	-1.62734	81.367	22.78276	-44.75185	-69.16195	0
11163	-26.03744	-160.29299	-127.74619	99.26774	50.44754	-145.64693	42.31084	-23.59643	52.88855	-5.69569	-72.41663	-69.16195	0
11164	-25.22377	-150.52895	-122.86417	97.6404	48.8202	-136.69656	25.22377	-56.9569	9.76404	-31.73313	-109.03178	-74.04397	0
11165	-32.5468	-146.4606	-112.28646	97.6404	39.86983	-128.55986	8.1367	-97.6404	-35.80148	-48.00653	-144.83326	-82.99434	0
11166	-42.31084	-145.64693	-101.70875	97.6404	30.10579	-122.0505	-4.88202	-143.20592	-80.55333	-54.51589	-166.80235	-88.69003	0
11167	-50.44754	-144.01959	-91.94471	98.45407	20.34175	-117.16848	-15.45973	-194.46713	-131.00087	-57.77057	-158.66565	-82.99434	0
11168	-55.32956	-133.44188	-77.29865	93.57205	9.76404	-104.96343	-26.03744	-257.11972	-200.97649	-65.0936	-118.79582	-61.83892	0
11169	-53.70222	-105.7771	-51.26121	78.11232	0	-79.73966	-42.31084	-336.85938	-293.73487	-74.85764	-62.65259	-27.66478	0
11170	-47.19286	-59.39791	-9.76404	52.88855	-14.64606	-35.80148	-68.34828	-432.87244	-406.835	-88.69003	-8.1367	14.64606	0
11171	-38.24249	-0.81367	38.24249	19.52808	-32.5468	17.08707	-107.40444	-544.34523	-538.64954	-108.21811	32.5468	62.65259	0
11172	-17.90074	63.46626	83.80801	-21.96909	-46.37919	73.2303	-152.96996	-670.46408	-684.29647	-132.62821	60.21158	114.72747	0
11173	9.76404	140.76491	131.81454	-74.85764	-56.9569	135.88289	-200.16282	-803.90596	-837.26643	-152.15629	82.99434	172.49804	0
11174	35.80148	232.70962	197.72181	-133.44188	-78.11232	215.62255	-245.72834	-946.29821	-1000.00043	-162.734	121.23683	239.21898	0
11175	55.32956	346.62342	287.22551	-203.4175	-112.28646	318.14497	-290.48019	-1108.21854	-1179.8215	-165.98868	187.95777	323.02699	0
11176	69.97562	485.76099	403.58032	-286.41184	-159.47932	446.70483	-336.85938	-1296.98998	-1373.47496	-161.92033	283.15716	423.1084	0
11177	83.80801	642.7993	545.97257	-372.66086	-223.75925	595.60644	-386.49325	-1505.2895	-1566.31475	-146.4606	401.95298	532.14018	0
11178	100.08141	804.71963	686.73748	-456.46887	-292.10753	753.45842	-449.14584	-1716.8437	-1748.57683	-113.9138	524.00348	641.98563	0
11179	113.9138	951.9939	795.76926	-531.32651	-344.99608	897.47801	-538.64954	-1898.29211	-1901.54679	-74.04397	627.33957	742.06704	0
11180	123.67784	1051.26164	872.25424	-583.40139	-379.98389	992.6774	-637.10361	-2021.15628	-2004.88288	-39.05616	703.82455	812.85633	0
11181	125.30518	1065.9077	895.037	-592.35176	-390.5616	1006.50979	-708.70657	-2094.38658	-2035.80234	-13.83239	729.04832	831.57074	0
11182	118.79582	973.14932	825.87505	-542.71789	-357.20113	916.19242	-750.20374	-2103.33695	-1973.96342	-4.88202	670.46408	783.56421	0
11183	104.14976	775.42751	657.44536	-437.75446	-278.27514	725.79364	-759.96778	-2028.47931	-1818.55245	-20.34175	524.00348	668.83674	0
11184	81.367	504.4754	419.04005	-291.29386	-168.42969	464.60557	-741.25337	-1885.27339	-1628.15367	-78.11232	305.93992	499.59338	0
11185	43.93818	201.79016	158.66565	-122.86417	-56.14323	180.63474	-711.14758	-1711.96168	-1474.37004	-207.48585	39.05616	298.61689	0
11186	-5.69569	-80.55333	-69.16195	41.49717	33.36047	-74.85764	-687.55115	-1541.09098	-1375.1023	-414.15803	-233.52329	100.08141	0
11187	-53.70222	-294.54854	-235.9643	172.49804	95.19939	-266.07009	-673.71876	-1388.12102	-1318.1454	-658.25903	-458.09621	-54.51589	0
11188	-87.87636	-435.31345	-343.36874	252.2377	133.44188	-390.5616	-667.2094	-1251.42446	-1292.92163	-879.57727	-598.04745	-151.34262	0
11189	-112.28646	-530.51284	-414.9717	292.9212	154.5973	-474.36961	-662.32738	-1124.49194	-1286.41227	-1033.3609	-659.0727	-201.79016	0
11190	-118.79582	-589.09708	-467.04658	308.38093	174.93905	-527.25816	-648.49499	-993.49107	-1263.62951	-1096.01349	-660.70004	-220.50457	0
11191	-103.33609	-606.99782	-499.59338	309.1946	197.72181	-548.41358	-611.06617	-840.52111	-1187.14453	-1070.78972	-623.27122	-218.87723	0
11192	-77.29865	-589.91075	-508.54375	298.61689	218.06356	-542.71789	-546.78624	-668.02307	-1056.95733	-981.28602	-573.63735	-209.11319	0
11193	-52.88855	-550.04092	-500.40705	276.6478	232.70962	-520.7488	-463.7919	-497.96604	-895.037	-860.86286	-533.76752	-204.23117	0
11194	-34.98781	-503.66173	-483.31998	249.79669	236.77797	-490.64301	-376.72921	-354.76012	-724.97997	-734.74401	-502.03439	-205.85851	0
11195	-22.78276	-459.72355	-454.84153	227.01393	229.45494	-455.6552	-290.48019	-250.61036	-563.87331	-611.87984	-464.60557	-206.67218	0
11196	-15.45973	-423.92207	-421.48106	211.5542	211.5542	-421.48106	-213.18154	-181.44841	-421.48106	-495.52503	-414.15803	-196.09447	0
11197	-14.64606	-399.51197	-393.81628	202.60383	194.46713	-396.25729	-150.52895	-136.69656	-302.68524	-392.18894	-347.43709	-175.75272	0
11198	-17.08707	-387.30692	-378.35655	197.72181	184.70309	-383.23857	-104.96343	-102.52242	-210.74053	-306.75359	-271.76578	-149.71528	0
11199	-19.52808	-383.23857	-370.21985	197.72181	177.38006	-378.35655	-73.2303	-74.85764	-139.95124	-240.84632	-200.16282	-125.30518	0
11200	-22.78276	-379.98389	-359.64214	199.34915	168.42969	-371.03352	-51.26121	-48.8202	-82.99434	-191.21245	-144.01959	-103.33609	0
11201	-22.78276	-361.26948	-337.67305	192.02612	156.22464	-350.69177	-34.98781	-17.08707	-29.29212	-148.90161	-104.96343	-86.24902	0
11202	-18.71441	-323.02699	-301.87157	171.68437	139.13757	-313.26295	-22.78276	24.4101	24.4101	-113.10013	-88.69003	-75.67131	0
11203	-17.08707	-279.90248	-260.3744	149.71528	119.60949	-270.13844	-8.95037	73.2303	79.73966	-82.99434	-99.26774	-73.2303	0
11204	-21.96909	-244.101	-220.50457	134.25555	100.89508	-231.89595	8.1367	117.98215	131.81454	-57.77057	-119.60949	-77.29865	0
11205	-26.85111	-216.43622	-187.95777	121.23683	88.69003	-200.97649	27.66478	147.27427	168.42969	-34.17414	-133.44188	-85.43535	0
11206	-26.03744	-188.77144	-167.61602	102.52242	84.62168	-176.56639	48.00653	164.36134	184.70309	-13.01872	-136.69656	-93.57205	0
11207	-22.78276	-159.47932	-156.22464	81.367	85.43535	-157.03831	65.90727	173.31171	187.1441	5.69569	-127.74619	-97.6404	0
11208	-18.71441	-138.3239	-147.27427	70.78929	82.99434	-144.01959	78.92599	177.38006	185.51676	24.4101	-101.70875	-95.19939	0
11209	-18.71441	-131.81454	-137.51023	74.04397	72.41663	-137.51023	84.62168	175.75272	186.33043	40.6835	-64.27993	-84.62168	0
11210	-22.78276	-132.62821	-130.1872	82.99434	60.21158	-135.06922	87.06269	171.68437	193.65346	53.70222	-30.10579	-69.16195	0
11211	-27.66478	-133.44188	-120.42316	87.87636	47.19286	-129.37353	92.75838	173.31171	208.29952	64.27993	-7.32303	-52.07488	0
11212	-29.29212	-128.55986	-106.59077	87.06269	37.42882	-119.60949	102.52242	179.0074	225.38659	69.97562	-3.25468	-39.86983	0
11213	-26.03744	-117.98215	-97.6404	81.367	34.17414	-109.84545	111.47279	187.95777	241.65999	68.34828	-24.4101	-38.24249	0
11214	-21.15542	-108.21811	-96.82673	72.41663	35.80148	-108.21811	113.9138	196.90814	254.67871	61.02525	-57.77057	-48.00653	0
11215	-15.45973	-103.33609	-100.08141	65.90727	40.6835	-108.21811	109.84545	200.97649	262.00174	53.70222	-83.80801	-63.46626	0
11216	-11.39138	-102.52242	-100.08141	62.65259	43.12451	-106.59077	103.33609	200.97649	265.25642	53.70222	-91.94471	-77.29865	0
11217	-10.57771	-102.52242	-98.45407	63.46626	42.31084	-100.08141	101.70875	203.4175	265.25642	65.0936	-75.67131	-82.18067	0
11218	-12.20505	-104.14976	-100.89508	69.16195	43.12451	-95.19939	106.59077	210.74053	266.07009	83.80801	-34.17414	-76.48498	0
11219	-14.64606	-109.03178	-105.7771	75.67131	43.93818	-98.45407	114.72747	219.6909	271.76578	101.70875	14.64606	-60.21158	0
11220	-13.83239	-116.35481	-110.65912	76.48498	46.37919	-106.59077	124.49151	228.64127	279.08881	113.10013	50.44754	-39.05616	0
11221	-8.1367	-119.60949	-117.16848	71.60296	54.51589	-113.10013	131.00087	234.33696	281.52982	118.79582	59.39791	-20.34175	0
11222	-3.25468	-115.54114	-122.86417	63.46626	65.0936	-115.54114	131.81454	231.08228	275.83413	115.54114	39.05616	-12.20505	0
11223	0	-106.59077	-121.23683	56.14323	69.16195	-111.47279	127.74619	218.06356	262.00174	104.96343	-8.1367	-17.08707	0
11224	0.81367	-98.45407	-112.28646	51.26121	63.46626	-104.96343	120.42316	200.97649	244.91467	92.75838	-67.53461	-29.29212	0
11225	-2.44101	-94.38572	-99.26774	53.70222	50.44754	-99.26774	112.28646	187.95777	232.70962	85.43535	-110.65912	-43.93818	0
11226	-7.32303	-96.82673	-84.62168	61.83892	33.36047	-94.38572	108.21811	187.1441	231.89595	82.18067	-116.35481	-54.51589	0
11227	-13.83239	-102.52242	-75.67131	69.16195	20.34175	-91.94471	109.84545	200.16282	240.84632	86.24902	-87.87636	-56.9569	0
11228	-17.90074	-108.21811	-76.48498	71.60296	19.52808	-93.57205	117.98215	222.13191	257.11972	95.19939	-38.24249	-50.44754	0
11229	-20.34175	-115.54114	-83.80801	73.2303	23.59643	-97.6404	126.93252	244.91467	272.57945	104.96343	14.64606	-37.42882	0
11230	-21.96909	-118.79582	-88.69003	73.2303	27.66478	-99.26774	134.25555	257.11972	279.08881	111.47279	53.70222	-21.15542	0
11231	-22.78276	-117.98215	-88.69003	71.60296	28.47845	-100.08141	135.06922	257.11972	275.02046	113.9138	68.34828	-13.01872	0
11232	-21.15542	-114.72747	-89.5037	69.16195	31.73313	-100.08141	130.1872	246.54201	264.44275	107.40444	54.51589	-14.64606	0
11233	-14.64606	-106.59077	-91.94471	62.65259	37.42882	-99.26774	122.0505	227.01393	250.61036	91.13104	12.20505	-29.29212	0
11234	-2.44101	-96.82673	-96.82673	54.51589	47.19286	-97.6404	113.9138	208.29952	239.21898	71.60296	-42.31084	-50.44754	0
11235	15.45973	-85.43535	-104.14976	46.37919	60.21158	-95.19939	109.03178	201.79016	234.33696	56.14323	-85.43535	-67.53461	0
11236	30.10579	-72.41663	-104.14976	41.49717	67.53461	-88.69003	110.65912	208.29952	237.59164	52.88855	-100.08141	-74.85764	0
11237	26.85111	-68.34828	-95.19939	39.05616	61.02525	-81.367	117.98215	222.94558	249.79669	63.46626	-80.55333	-70.78929	0
11238	9.76404	-74.04397	-84.62168	36.61515	45.56552	-78.92599	128.55986	243.28733	265.25642	82.99434	-33.36047	-56.14323	0
11239	-6.50936	-84.62168	-77.29865	37.42882	30.91946	-78.11232	139.13757	263.62908	283.15716	102.52242	21.15542	-34.98781	0
11240	-12.20505	-90.31737	-69.16195	38.24249	23.59643	-74.04397	148.08794	279.90248	303.49891	117.16848	65.0936	-12.20505	0
11241	-10.57771	-84.62168	-60.21158	35.80148	21.15542	-65.90727	153.78363	288.03918	320.58598	122.86417	85.43535	2.44101	0
11242	-8.95037	-67.53461	-50.44754	33.36047	19.52808	-52.88855	156.22464	287.22551	325.468	117.98215	72.41663	6.50936	0
11243	-6.50936	-45.56552	-39.05616	27.66478	16.2734	-39.05616	152.96996	282.34349	316.51763	104.14976	29.29212	0	0
11244	0	-26.03744	-30.10579	16.2734	15.45973	-26.03744	144.01959	275.83413	300.24423	87.87636	-21.15542	-15.45973	0
11245	0	-13.01872	-26.03744	5.69569	13.83239	-23.59643	132.62821	271.76578	287.22551	74.85764	-61.83892	-34.98781	0
11246	-5.69569	-3.25468	-28.47845	-2.44101	10.57771	-30.10579	124.49151	273.39312	281.52982	70.78929	-78.92599	-52.07488	0
11247	-8.1367	1.62734	-28.47845	-8.1367	8.95037	-31.73313	121.23683	285.59817	285.59817	77.29865	-68.34828	-57.77057	0
11248	-4.88202	4.06835	-18.71441	-8.1367	8.1367	-23.59643	123.67784	301.87157	293.73487	91.13104	-29.29212	-50.44754	0
11249	-0.81367	7.32303	-2.44101	-6.50936	9.76404	-8.95037	133.44188	316.51763	303.49891	108.21811	21.15542	-34.17414	0
11250	0.81367	6.50936	4.88202	-3.25468	12.20505	-0.81367	147.27427	327.90901	312.44928	122.0505	62.65259	-13.01872	0
11251	0	-4.88202	0	3.25468	12.20505	-5.69569	157.03831	333.6047	316.51763	129.37353	83.80801	3.25468	0
11252	-2.44101	-21.15542	-12.20505	13.01872	12.20505	-17.08707	158.66565	332.79103	312.44928	125.30518	73.2303	11.39138	0
11253	-5.69569	-31.73313	-20.34175	20.34175	11.39138	-25.22377	150.52895	329.53635	301.87157	109.84545	28.47845	8.1367	0
11254	-6.50936	-30.91946	-21.15542	19.52808	8.1367	-25.22377	140.76491	324.65433	295.36221	91.94471	-23.59643	-4.06835	0
11255	-2.44101	-17.90074	-13.01872	9.76404	4.88202	-14.64606	134.25555	319.77231	297.80322	84.62168	-58.58424	-20.34175	0
11256	5.69569	0.81367	-3.25468	-4.88202	3.25468	0	128.55986	319.77231	308.38093	91.13104	-65.0936	-32.5468	0
11257	16.2734	21.15542	5.69569	-20.34175	5.69569	14.64606	126.93252	331.16369	326.28167	109.03178	-42.31084	-32.5468	0
11258	17.08707	35.80148	19.52808	-28.47845	4.88202	26.03744	129.37353	355.57379	345.80975	132.62821	7.32303	-17.08707	0
11259	9.76404	41.49717	33.36047	-26.85111	-2.44101	30.10579	132.62821	384.05224	362.89682	156.22464	67.53461	8.1367	0
11260	10.57771	43.93818	34.98781	-26.85111	-4.88202	29.29212	134.25555	406.835	373.47453	170.8707	113.9138	34.17414	0
11261	21.96909	48.00653	26.03744	-35.80148	0	28.47845	132.62821	419.04005	373.47453	169.24336	132.62821	49.63387	0
11262	32.5468	53.70222	16.2734	-46.37919	4.06835	29.29212	128.55986	419.85372	361.26948	153.78363	116.35481	49.63387	0
11263	39.86983	59.39791	13.83239	-52.88855	4.88202	34.17414	124.49151	414.15803	340.92773	129.37353	65.90727	36.61515	0
11264	48.00653	65.90727	18.71441	-56.14323	4.06835	41.49717	122.0505	406.02133	322.21332	102.52242	5.69569	14.64606	0
11265	55.32956	73.2303	24.4101	-61.83892	4.88202	48.8202	120.42316	401.95298	316.51763	87.06269	-34.98781	-4.88202	0
11266	61.83892	85.43535	31.73313	-72.41663	7.32303	59.39791	123.67784	406.02133	324.65433	91.94471	-42.31084	-10.57771	0
11267	63.46626	102.52242	45.56552	-82.18067	3.25468	74.85764	129.37353	419.04005	341.7414	114.72747	-12.20505	0	0
11268	55.32956	117.16848	66.72094	-86.24902	-8.95037	92.75838	131.00087	441.00914	362.08315	145.64693	46.37919	21.96909	0
11269	40.6835	131.81454	91.94471	-84.62168	-26.03744	111.47279	130.1872	464.60557	379.17022	174.12538	114.72747	49.63387	0
11270	26.03744	149.71528	119.60949	-81.367	-43.93818	132.62821	131.00087	484.13365	389.74793	195.2808	168.42969	77.29865	0
11271	13.01872	166.80235	144.01959	-79.73966	-61.83892	154.5973	131.00087	498.77971	396.25729	205.85851	196.90814	98.45407	0
11272	4.06835	183.88942	165.17501	-82.18067	-78.11232	175.75272	127.74619	508.54375	399.51197	209.92686	218.06356	116.35481	0
11273	0	199.34915	184.70309	-88.69003	-90.31737	194.46713	123.67784	510.98476	398.6983	213.99521	251.42403	137.51023	0
11274	2.44101	213.99521	200.16282	-100.89508	-97.6404	209.92686	122.0505	506.10274	396.25729	222.13191	299.43056	157.03831	0
11275	13.01872	227.01393	207.48585	-117.16848	-96.82673	218.87723	122.86417	502.84806	391.37527	230.26861	341.7414	170.05703	0
11276	26.03744	231.89595	203.4175	-128.55986	-89.5037	218.87723	119.60949	497.96604	379.98389	227.01393	344.99608	179.0074	0
11277	40.6835	231.89595	193.65346	-137.51023	-78.11232	213.18154	108.21811	484.13365	358.82847	203.4175	292.9212	178.19373	0
11278	54.51589	240.03265	189.58511	-148.08794	-69.97562	214.80888	91.94471	462.97823	329.53635	166.80235	201.79016	159.47932	0
11279	63.46626	261.18807	201.79016	-160.29299	-71.60296	231.08228	80.55333	442.63648	297.80322	130.1872	97.6404	131.00087	0
11280	65.0936	292.10753	228.64127	-169.24336	-86.24902	257.11972	78.92599	429.61776	270.13844	107.40444	13.83239	107.40444	0
11281	57.77057	321.39965	256.30605	-175.75272	-108.21811	280.71615	81.367	423.1084	246.54201	96.82673	-14.64606	96.82673	0
11282	43.12451	336.04571	280.71615	-178.19373	-129.37353	297.80322	82.18067	419.85372	227.8276	97.6404	14.64606	102.52242	0
11283	25.22377	338.48672	301.0579	-174.93905	-147.27427	310.82194	82.18067	421.48106	213.18154	108.21811	87.06269	122.0505	0
11284	8.95037	338.48672	316.51763	-172.49804	-160.29299	318.95864	81.367	429.61776	199.34915	124.49151	167.61602	154.5973	0
11285	0	336.85938	324.65433	-171.68437	-165.98868	323.84066	78.11232	435.31345	188.77144	137.51023	221.31824	189.58511	0
11286	0.81367	337.67305	324.65433	-176.56639	-165.17501	327.90901	71.60296	432.05877	179.82107	142.39225	248.16935	214.80888	0
11287	9.76404	348.25076	318.95864	-192.02612	-159.47932	331.97736	61.83892	419.04005	166.80235	135.06922	246.54201	222.94558	0
11288	30.10579	362.08315	314.07662	-208.29952	-152.96996	337.67305	52.07488	399.51197	145.64693	113.9138	211.5542	216.43622	0
11289	51.26121	369.40618	314.07662	-217.24989	-147.27427	340.92773	45.56552	379.17022	122.86417	88.69003	164.36134	201.79016	0
11290	64.27993	372.66086	318.14497	-222.94558	-143.20592	344.18241	44.75185	361.26948	105.7771	68.34828	129.37353	186.33043	0
11291	69.97562	384.05224	327.09534	-231.08228	-141.57858	351.50544	47.19286	346.62342	91.94471	54.51589	107.40444	176.56639	0
11292	71.60296	401.95298	340.92773	-240.03265	-142.39225	363.71049	45.56552	331.97736	75.67131	46.37919	103.33609	180.63474	0
11293	75.67131	419.04005	350.69177	-248.98302	-141.57858	378.35655	39.05616	312.44928	53.70222	40.6835	124.49151	194.46713	0
11294	77.29865	431.2451	357.20113	-254.67871	-140.76491	392.18894	26.03744	293.73487	27.66478	32.5468	154.5973	215.62255	0
11295	63.46626	436.12712	370.21985	-248.98302	-152.96996	401.95298	7.32303	282.34349	0.81367	17.90074	174.12538	237.59164	0
11296	39.86983	436.12712	385.67958	-234.33696	-171.68437	406.835	-13.83239	271.76578	-23.59643	-2.44101	186.33043	251.42403	0
11297	18.71441	431.2451	394.62995	-218.06356	-185.51676	407.64867	-34.17414	254.67871	-48.00653	-26.03744	180.63474	249.79669	0
11298	2.44101	423.1084	394.62995	-204.23117	-190.39878	405.20766	-47.19286	226.20026	-74.85764	-46.37919	142.39225	232.70962	0
11299	-7.32303	414.15803	390.5616	-194.46713	-192.83979	402.76665	-52.07488	185.51676	-109.03178	-61.83892	95.19939	201.79016	0
11300	-15.45973	402.76665	387.30692	-186.33043	-200.16282	400.32564	-49.63387	144.83326	-147.27427	-69.16195	65.90727	167.61602	0
11301	-20.34175	391.37527	388.93426	-180.63474	-207.48585	396.25729	-44.75185	116.35481	-175.75272	-72.41663	55.32956	146.4606	0
11302	-22.78276	379.98389	388.93426	-178.19373	-209.92686	389.74793	-40.6835	103.33609	-187.1441	-71.60296	65.90727	147.27427	0
11303	-22.78276	366.96517	387.30692	-179.0074	-209.11319	382.4249	-35.80148	99.26774	-184.70309	-68.34828	103.33609	163.54767	0
11304	-21.96909	358.82847	389.74793	-183.07575	-208.29952	380.79756	-34.17414	95.19939	-177.38006	-70.78929	159.47932	182.26208	0
11305	-19.52808	360.45581	388.12059	-187.1441	-202.60383	385.67958	-34.98781	84.62168	-176.56639	-81.367	214.80888	192.02612	0
11306	-16.2734	367.77884	375.91554	-189.58511	-188.77144	388.93426	-35.80148	65.0936	-191.21245	-97.6404	235.15063	196.09447	0
11307	-7.32303	370.21985	358.82847	-190.39878	-173.31171	383.23857	-37.42882	40.6835	-222.94558	-116.35481	208.29952	193.65346	0
11308	12.20505	371.84719	343.36874	-197.72181	-157.03831	370.21985	-43.93818	10.57771	-255.49238	-132.62821	147.27427	179.82107	0
11309	37.42882	376.72921	333.6047	-209.11319	-140.76491	359.64214	-56.14323	-18.71441	-276.6478	-147.27427	67.53461	154.5973	0
11310	47.19286	377.54288	333.6047	-212.36787	-131.81454	353.94645	-67.53461	-41.49717	-288.85285	-157.03831	-10.57771	124.49151	0
11311	33.36047	362.89682	336.85938	-196.09447	-132.62821	345.80975	-69.16195	-58.58424	-288.85285	-153.78363	-47.19286	101.70875	0
11312	7.32303	333.6047	332.79103	-170.05703	-139.13757	329.53635	-58.58424	-67.53461	-274.20679	-135.06922	-26.03744	96.82673	0
11313	-12.20505	306.75359	318.95864	-146.4606	-144.83326	310.00827	-46.37919	-67.53461	-256.30605	-110.65912	30.10579	105.7771	0
11314	-17.90074	287.22551	303.49891	-129.37353	-146.4606	293.73487	-40.6835	-62.65259	-244.91467	-91.13104	102.52242	115.54114	0
11315	-13.01872	272.57945	289.66652	-119.60949	-147.27427	280.71615	-42.31084	-60.21158	-240.84632	-83.80801	161.92033	117.16848	0
11316	-3.25468	253.86504	269.32477	-113.10013	-140.76491	262.00174	-47.19286	-62.65259	-234.33696	-81.367	179.0074	113.9138	0
11317	4.88202	231.08228	240.03265	-108.21811	-125.30518	235.9643	-54.51589	-65.90727	-219.6909	-78.11232	150.52895	107.40444	0
11318	13.01872	211.5542	209.92686	-105.7771	-106.59077	210.74053	-56.9569	-64.27993	-200.16282	-72.41663	97.6404	95.19939	0
11319	17.08707	192.83979	183.88942	-104.96343	-88.69003	187.95777	-52.88855	-59.39791	-179.82107	-65.0936	45.56552	75.67131	0
11320	20.34175	170.05703	156.22464	-104.14976	-71.60296	161.92033	-48.00653	-52.88855	-163.54767	-60.21158	11.39138	54.51589	0
11321	30.10579	151.34262	126.11885	-104.14976	-51.26121	137.51023	-40.6835	-49.63387	-150.52895	-59.39791	-6.50936	39.05616	0
11322	39.05616	135.06922	100.08141	-98.45407	-32.5468	116.35481	-30.91946	-51.26121	-139.13757	-63.46626	-10.57771	26.03744	0
11323	24.4101	107.40444	85.43535	-73.2303	-31.73313	100.08141	-21.15542	-59.39791	-132.62821	-68.34828	4.06835	15.45973	0
11324	-17.90074	69.16195	88.69003	-29.29212	-47.19286	91.13104	-13.01872	-70.78929	-130.1872	-68.34828	23.59643	14.64606	0
11325	-64.27993	39.86983	104.14976	9.76404	-63.46626	88.69003	-4.88202	-75.67131	-128.55986	-62.65259	31.73313	23.59643	0
11326	-83.80801	32.5468	117.16848	23.59643	-73.2303	85.43535	0	-73.2303	-127.74619	-55.32956	34.17414	34.17414	0
11327	-71.60296	48.00653	119.60949	9.76404	-73.2303	82.18067	0.81367	-69.16195	-127.74619	-53.70222	26.85111	34.17414	0
11328	-43.12451	66.72094	110.65912	-12.20505	-63.46626	78.92599	-4.88202	-64.27993	-123.67784	-57.77057	1.62734	21.15542	0
11329	-15.45973	75.67131	90.31737	-31.73313	-45.56552	71.60296	-13.01872	-53.70222	-117.16848	-65.90727	-39.05616	1.62734	0
11330	3.25468	69.16195	65.0936	-38.24249	-27.66478	57.77057	-16.2734	-43.12451	-104.96343	-72.41663	-82.99434	-17.90074	0
11331	12.20505	46.37919	39.86983	-27.66478	-17.08707	37.42882	-16.2734	-33.36047	-83.80801	-69.97562	-99.26774	-31.73313	0
11332	13.83239	17.08707	15.45973	-10.57771	-8.1367	13.01872	-13.83239	-21.96909	-61.83892	-59.39791	-78.11232	-33.36047	0
11333	10.57771	-9.76404	-8.1367	5.69569	2.44101	-9.76404	-7.32303	-15.45973	-44.75185	-46.37919	-31.73313	-26.03744	0
11334	7.32303	-33.36047	-30.10579	19.52808	12.20505	-31.73313	-0.81367	-16.2734	-35.80148	-30.10579	30.10579	-11.39138	0
11335	5.69569	-48.8202	-47.19286	26.85111	20.34175	-48.00653	2.44101	-18.71441	-32.5468	-9.76404	90.31737	5.69569	0
11336	2.44101	-56.9569	-56.14323	30.10579	26.03744	-56.9569	4.88202	-25.22377	-27.66478	5.69569	114.72747	17.08707	0
11337	-0.81367	-59.39791	-52.07488	33.36047	26.03744	-56.14323	8.95037	-33.36047	-17.08707	10.57771	92.75838	16.2734	0
11338	-5.69569	-57.77057	-38.24249	37.42882	21.96909	-48.00653	13.83239	-32.5468	0	8.1367	40.6835	5.69569	0
11339	-12.20505	-54.51589	-27.66478	39.05616	14.64606	-41.49717	20.34175	-23.59643	18.71441	4.06835	-22.78276	-9.76404	0
11340	-23.59643	-51.26121	-22.78276	38.24249	7.32303	-38.24249	24.4101	-10.57771	36.61515	2.44101	-82.99434	-24.4101	0
11341	-33.36047	-49.63387	-18.71441	38.24249	0	-35.80148	25.22377	0.81367	49.63387	0	-109.84545	-33.36047	0
11342	-39.05616	-50.44754	-17.08707	40.6835	-6.50936	-34.17414	24.4101	11.39138	60.21158	0	-92.75838	-41.49717	0
11343	-39.86983	-52.88855	-18.71441	42.31084	-7.32303	-36.61515	24.4101	21.96909	65.0936	8.95037	-42.31084	-45.56552	0
11344	-39.05616	-55.32956	-25.22377	42.31084	-3.25468	-39.86983	22.78276	30.91946	64.27993	26.03744	8.95037	-37.42882	0
11345	-34.98781	-57.77057	-31.73313	40.6835	1.62734	-44.75185	20.34175	32.5468	61.83892	43.12451	37.42882	-20.34175	0
11346	-28.47845	-61.83892	-40.6835	39.86983	8.1367	-51.26121	15.45973	30.91946	62.65259	52.88855	46.37919	-6.50936	0
11347	-20.34175	-69.16195	-52.07488	40.6835	16.2734	-61.83892	5.69569	32.5468	69.16195	56.14323	37.42882	-2.44101	0
11348	-15.45973	-75.67131	-63.46626	44.75185	24.4101	-73.2303	-5.69569	34.17414	77.29865	56.14323	3.25468	-8.1367	0
11349	-8.95037	-77.29865	-74.04397	48.00653	34.17414	-81.367	-13.83239	31.73313	83.80801	50.44754	-38.24249	-24.4101	0
11350	-1.62734	-81.367	-84.62168	49.63387	43.93818	-85.43535	-17.90074	22.78276	89.5037	40.6835	-64.27993	-43.93818	0
11351	0	-87.87636	-95.19939	54.51589	48.8202	-87.06269	-20.34175	13.01872	91.13104	30.10579	-75.67131	-62.65259	0
11352	-13.01872	-89.5037	-93.57205	61.83892	39.86983	-87.06269	-18.71441	5.69569	90.31737	20.34175	-69.97562	-73.2303	0
11353	-35.80148	-86.24902	-69.16195	65.90727	19.52808	-77.29865	-3.25468	7.32303	96.01306	15.45973	-38.24249	-69.16195	0
11354	-52.07488	-76.48498	-30.10579	65.90727	0	-56.14323	24.4101	15.45973	110.65912	16.2734	-3.25468	-48.8202	0
11355	-57.77057	-63.46626	-0.81367	62.65259	-13.01872	-40.6835	54.51589	24.4101	125.30518	17.08707	14.64606	-21.96909	0
11356	-52.07488	-55.32956	4.06835	57.77057	-15.45973	-35.80148	73.2303	34.17414	129.37353	21.15542	21.15542	-2.44101	0
11357	-38.24249	-56.9569	-10.57771	52.88855	-5.69569	-42.31084	75.67131	40.6835	120.42316	22.78276	17.08707	0	0
11358	-26.85111	-66.72094	-34.17414	51.26121	5.69569	-56.14323	64.27993	35.80148	103.33609	15.45973	-4.88202	-13.01872	0
11359	-17.90074	-78.11232	-54.51589	50.44754	17.90074	-69.97562	47.19286	19.52808	88.69003	1.62734	-31.73313	-34.98781	0
11360	-11.39138	-85.43535	-69.16195	48.8202	28.47845	-82.18067	33.36047	0.81367	79.73966	-12.20505	-48.00653	-60.21158	0
11361	-9.76404	-87.06269	-78.92599	46.37919	33.36047	-91.13104	21.15542	-6.50936	77.29865	-19.52808	-59.39791	-82.99434	0
11362	-8.95037	-84.62168	-81.367	43.93818	32.5468	-91.94471	16.2734	1.62734	83.80801	-14.64606	-58.58424	-91.13104	0
11363	-8.95037	-85.43535	-82.18067	43.93818	29.29212	-90.31737	21.96909	20.34175	94.38572	0	-36.61515	-82.18067	0
11364	-14.64606	-96.82673	-86.24902	53.70222	25.22377	-91.94471	33.36047	34.98781	104.14976	17.90074	-11.39138	-61.83892	0
11365	-26.03744	-113.9138	-91.13104	68.34828	22.78276	-95.19939	47.19286	37.42882	106.59077	36.61515	1.62734	-38.24249	0
11366	-35.80148	-126.93252	-95.19939	78.92599	21.15542	-97.6404	60.21158	35.80148	106.59077	52.07488	10.57771	-19.52808	0
11367	-44.75185	-134.25555	-98.45407	87.06269	17.90074	-100.89508	65.90727	39.05616	110.65912	59.39791	9.76404	-13.01872	0
11368	-53.70222	-139.13757	-97.6404	94.38572	12.20505	-104.96343	59.39791	39.86983	115.54114	54.51589	-12.20505	-24.4101	0
11369	-52.07488	-137.51023	-94.38572	93.57205	13.83239	-108.21811	43.93818	36.61515	120.42316	35.80148	-60.21158	-48.8202	0
11370	-39.05616	-127.74619	-95.19939	82.99434	26.03744	-109.84545	29.29212	37.42882	122.0505	9.76404	-113.9138	-73.2303	0
11371	-26.85111	-122.86417	-94.38572	72.41663	42.31084	-106.59077	19.52808	40.6835	117.98215	-9.76404	-136.69656	-89.5037	0
11372	-14.64606	-123.67784	-85.43535	61.83892	54.51589	-100.08141	14.64606	46.37919	114.72747	-17.08707	-117.16848	-93.57205	0
11373	-2.44101	-120.42316	-80.55333	51.26121	60.21158	-93.57205	17.90074	59.39791	121.23683	-8.1367	-73.2303	-83.80801	0
11374	5.69569	-113.10013	-84.62168	43.93818	61.02525	-90.31737	27.66478	77.29865	138.3239	6.50936	-31.73313	-63.46626	0
11375	8.1367	-104.96343	-87.06269	39.05616	57.77057	-87.87636	39.86983	91.13104	155.41097	17.08707	-9.76404	-40.6835	0
11376	7.32303	-98.45407	-82.99434	40.6835	51.26121	-83.80801	48.8202	89.5037	157.85198	24.4101	0	-26.85111	0
11377	4.88202	-99.26774	-75.67131	49.63387	44.75185	-82.99434	52.88855	77.29865	144.01959	26.85111	0	-30.10579	0
11378	-4.06835	-104.14976	-73.2303	60.21158	36.61515	-84.62168	53.70222	63.46626	126.93252	20.34175	-15.45973	-43.12451	0
11379	-20.34175	-111.47279	-73.2303	69.16195	24.4101	-84.62168	50.44754	56.14323	112.28646	8.1367	-31.73313	-61.83892	0
11380	-34.98781	-115.54114	-72.41663	75.67131	15.45973	-81.367	44.75185	50.44754	98.45407	-5.69569	-41.49717	-85.43535	0
11381	-48.8202	-115.54114	-67.53461	79.73966	12.20505	-76.48498	38.24249	41.49717	89.5037	-14.64606	-50.44754	-106.59077	0
11382	-55.32956	-109.03178	-60.21158	79.73966	8.95037	-70.78929	29.29212	36.61515	93.57205	-5.69569	-51.26121	-113.10013	0
11383	-49.63387	-101.70875	-59.39791	74.04397	11.39138	-70.78929	22.78276	43.12451	112.28646	17.08707	-33.36047	-103.33609	0
11384	-32.5468	-104.14976	-77.29865	66.72094	21.15542	-85.43535	17.90074	56.9569	135.88289	43.93818	0.81367	-86.24902	0
11385	-9.76404	-114.72747	-111.47279	61.83892	34.98781	-112.28646	13.83239	70.78929	152.96996	64.27993	38.24249	-69.97562	0
11386	3.25468	-130.1872	-144.83326	60.21158	51.26121	-141.57858	10.57771	78.92599	161.92033	69.97562	47.19286	-64.27993	0
11387	3.25468	-149.71528	-157.85198	65.0936	64.27993	-160.29299	10.57771	76.48498	164.36134	61.02525	21.96909	-67.53461	0
11388	0	-166.80235	-149.71528	74.04397	69.16195	-163.54767	17.08707	68.34828	166.80235	49.63387	-11.39138	-73.2303	0
11389	-9.76404	-174.12538	-140.76491	82.99434	65.90727	-161.10666	30.91946	64.27993	173.31171	44.75185	-34.17414	-74.04397	0
11390	-26.03744	-170.05703	-136.69656	92.75838	61.02525	-156.22464	42.31084	65.0936	179.82107	43.93818	-43.12451	-67.53461	0
11391	-38.24249	-165.17501	-135.06922	101.70875	57.77057	-151.34262	49.63387	66.72094	179.82107	43.93818	-48.00653	-59.39791	0
11392	-46.37919	-165.17501	-131.00087	108.21811	49.63387	-148.08794	53.70222	70.78929	172.49804	43.93818	-48.8202	-58.58424	0
11393	-52.07488	-163.54767	-125.30518	109.03178	43.12451	-143.20592	49.63387	72.41663	160.29299	43.12451	-36.61515	-64.27993	0
11394	-55.32956	-153.78363	-117.98215	102.52242	39.05616	-135.06922	37.42882	67.53461	145.64693	43.12451	-10.57771	-76.48498	0
11395	-51.26121	-142.39225	-107.40444	97.6404	34.17414	-124.49151	21.96909	61.02525	132.62821	41.49717	15.45973	-96.82673	0
11396	-44.75185	-135.88289	-94.38572	96.82673	25.22377	-114.72747	6.50936	52.07488	120.42316	31.73313	13.01872	-116.35481	0
11397	-40.6835	-131.00087	-82.18067	94.38572	15.45973	-105.7771	-7.32303	37.42882	105.7771	9.76404	-24.4101	-132.62821	0
11398	-35.80148	-118.79582	-72.41663	83.80801	11.39138	-95.19939	-13.83239	23.59643	94.38572	-12.20505	-74.04397	-146.4606	0
11399	-26.85111	-99.26774	-64.27993	66.72094	12.20505	-83.80801	-13.01872	9.76404	91.94471	-25.22377	-122.0505	-148.08794	0
11400	-18.71441	-77.29865	-54.51589	50.44754	13.01872	-72.41663	-6.50936	0.81367	103.33609	-25.22377	-159.47932	-133.44188	0
11401	-19.52808	-62.65259	-43.12451	42.31084	12.20505	-61.83892	3.25468	4.06835	127.74619	-11.39138	-161.92033	-116.35481	0
11402	-26.85111	-61.83892	-35.80148	44.75185	8.95037	-56.14323	15.45973	21.96909	157.03831	13.01872	-124.49151	-100.08141	0
11403	-34.98781	-72.41663	-38.24249	52.07488	6.50936	-60.21158	25.22377	48.8202	180.63474	36.61515	-72.41663	-84.62168	0
11404	-40.6835	-87.06269	-49.63387	57.77057	9.76404	-70.78929	29.29212	71.60296	187.1441	50.44754	-33.36047	-74.85764	0
11405	-41.49717	-100.08141	-68.34828	60.21158	19.52808	-84.62168	29.29212	83.80801	179.0074	52.88855	-17.08707	-71.60296	0
11406	-36.61515	-112.28646	-87.87636	61.83892	31.73313	-99.26774	29.29212	87.87636	166.80235	48.8202	-13.01872	-73.2303	0
11407	-29.29212	-124.49151	-104.96343	67.53461	41.49717	-112.28646	29.29212	85.43535	156.22464	39.86983	-13.83239	-80.55333	0
11408	-23.59643	-135.88289	-117.98215	73.2303	48.00653	-123.67784	29.29212	76.48498	145.64693	25.22377	-26.85111	-94.38572	0
11409	-28.47845	-147.27427	-120.42316	83.80801	45.56552	-131.81454	29.29212	67.53461	131.81454	7.32303	-39.86983	-113.9138	0
11410	-42.31084	-159.47932	-115.54114	99.26774	35.80148	-136.69656	31.73313	61.83892	117.16848	-8.1367	-42.31084	-131.81454	0
11411	-55.32956	-164.36134	-108.21811	108.21811	26.85111	-136.69656	38.24249	56.9569	108.21811	-13.83239	-41.49717	-140.76491	0
11412	-57.77057	-159.47932	-101.70875	107.40444	23.59643	-131.81454	49.63387	53.70222	111.47279	-1.62734	-36.61515	-135.06922	0
11413	-52.07488	-145.64693	-94.38572	97.6404	22.78276	-120.42316	66.72094	54.51589	122.0505	22.78276	-25.22377	-114.72747	0
11414	-39.05616	-122.0505	-83.80801	79.73966	23.59643	-103.33609	83.80801	57.77057	132.62821	52.07488	-5.69569	-90.31737	0
11415	-22.78276	-95.19939	-74.04397	57.77057	26.03744	-84.62168	94.38572	57.77057	141.57858	72.41663	11.39138	-72.41663	0
11416	-4.06835	-74.04397	-71.60296	37.42882	34.17414	-73.2303	96.01306	57.77057	144.83326	74.04397	5.69569	-66.72094	0
11417	6.50936	-63.46626	-71.60296	26.03744	39.05616	-69.16195	91.13104	56.9569	139.13757	55.32956	-16.2734	-71.60296	0
11418	0	-65.90727	-69.97562	30.91946	31.73313	-71.60296	80.55333	51.26121	126.11885	22.78276	-36.61515	-79.73966	0
11419	-18.71441	-77.29865	-69.16195	46.37919	17.90074	-74.85764	61.83892	41.49717	111.47279	-8.95037	-44.75185	-91.94471	0
11420	-33.36047	-91.94471	-71.60296	61.83892	8.95037	-80.55333	39.05616	32.5468	97.6404	-27.66478	-43.12451	-106.59077	0
11421	-41.49717	-105.7771	-74.04397	70.78929	7.32303	-88.69003	19.52808	21.96909	82.99434	-33.36047	-43.12451	-119.60949	0
11422	-45.56552	-120.42316	-79.73966	72.41663	10.57771	-99.26774	11.39138	15.45973	75.67131	-30.91946	-44.75185	-123.67784	0
11423	-40.6835	-132.62821	-88.69003	70.78929	17.08707	-112.28646	16.2734	21.15542	86.24902	-18.71441	-38.24249	-117.98215	0
11424	-28.47845	-137.51023	-93.57205	66.72094	23.59643	-122.86417	23.59643	34.17414	109.03178	0.81367	-30.91946	-105.7771	0
11425	-19.52808	-135.06922	-95.19939	65.0936	28.47845	-125.30518	30.10579	47.19286	129.37353	22.78276	-32.5468	-88.69003	0
11426	-18.71441	-127.74619	-92.75838	64.27993	29.29212	-118.79582	36.61515	52.07488	138.3239	41.49717	-32.5468	-74.85764	0
11427	-23.59643	-120.42316	-86.24902	66.72094	27.66478	-109.03178	40.6835	44.75185	131.81454	49.63387	-32.5468	-69.97562	0
11428	-32.5468	-115.54114	-78.11232	71.60296	23.59643	-100.08141	39.86983	29.29212	111.47279	48.00653	-40.6835	-74.04397	0
11429	-38.24249	-109.03178	-67.53461	74.04397	17.90074	-88.69003	37.42882	13.83239	91.13104	42.31084	-48.00653	-82.18067	0
11430	-37.42882	-100.08141	-60.21158	69.97562	14.64606	-80.55333	34.98781	5.69569	82.18067	36.61515	-47.19286	-91.94471	0
11431	-30.10579	-92.75838	-56.14323	61.83892	14.64606	-75.67131	34.17414	6.50936	85.43535	36.61515	-46.37919	-101.70875	0
11432	-16.2734	-78.92599	-51.26121	44.75185	17.08707	-68.34828	37.42882	14.64606	92.75838	44.75185	-44.75185	-104.96343	0
11433	0	-58.58424	-45.56552	24.4101	21.96909	-56.14323	44.75185	25.22377	100.08141	56.9569	-36.61515	-100.08141	0
11434	10.57771	-43.12451	-44.75185	11.39138	26.85111	-45.56552	53.70222	33.36047	109.03178	64.27993	-30.91946	-87.87636	0
11435	15.45973	-40.6835	-47.19286	10.57771	30.91946	-40.6835	59.39791	36.61515	123.67784	62.65259	-32.5468	-71.60296	0
11436	17.08707	-47.19286	-48.00653	18.71441	32.5468	-41.49717	64.27993	41.49717	137.51023	57.77057	-30.10579	-59.39791	0
11437	9.76404	-56.14323	-47.19286	30.10579	31.73313	-46.37919	68.34828	46.37919	146.4606	56.14323	-21.15542	-52.07488	0
11438	-4.06835	-65.90727	-46.37919	41.49717	29.29212	-52.88855	69.16195	48.00653	145.64693	58.58424	-13.83239	-46.37919	0
11439	-14.64606	-67.53461	-44.75185	45.56552	23.59643	-54.51589	67.53461	43.93818	140.76491	67.53461	-4.88202	-46.37919	0
11440	-15.45973	-59.39791	-41.49717	39.05616	13.83239	-50.44754	65.90727	36.61515	136.69656	80.55333	7.32303	-52.07488	0
11441	-12.20505	-48.8202	-36.61515	30.91946	6.50936	-43.93818	62.65259	35.80148	134.25555	91.13104	14.64606	-58.58424	0
11442	-8.95037	-39.05616	-30.10579	23.59643	3.25468	-35.80148	58.58424	42.31084	131.00087	96.01306	16.2734	-59.39791	0
11443	-6.50936	-29.29212	-23.59643	17.08707	2.44101	-26.85111	53.70222	47.19286	127.74619	98.45407	19.52808	-56.9569	0
11444	-5.69569	-21.96909	-18.71441	12.20505	3.25468	-20.34175	47.19286	43.12451	125.30518	100.08141	17.08707	-51.26121	0
11445	-6.50936	-15.45973	-13.01872	8.1367	3.25468	-13.83239	42.31084	34.98781	123.67784	100.08141	6.50936	-43.12451	0
11446	-3.25468	-3.25468	-4.06835	0	0.81367	-4.06835	31.73313	18.71441	120.42316	93.57205	0.81367	-38.24249	0
11447	3.25468	14.64606	4.06835	-13.83239	0	8.95037	13.83239	-8.1367	113.10013	81.367	0	-39.86983	0
11448	13.83239	33.36047	6.50936	-30.10579	0	20.34175	-5.69569	-33.36047	101.70875	65.90727	-4.88202	-43.12451	0
11449	26.85111	45.56552	8.95037	-40.6835	3.25468	30.10579	-21.15542	-43.93818	88.69003	51.26121	-19.52808	-43.12451	0
11450	33.36047	52.88855	15.45973	-43.93818	2.44101	38.24249	-30.91946	-43.12451	78.11232	42.31084	-43.93818	-42.31084	0
11451	31.73313	58.58424	22.78276	-43.12451	-2.44101	45.56552	-35.80148	-35.80148	74.85764	43.12451	-48.8202	-41.49717	0
11452	30.91946	62.65259	28.47845	-44.75185	-4.88202	50.44754	-39.05616	-26.03744	78.92599	53.70222	-28.47845	-39.05616	0
11453	32.5468	64.27993	29.29212	-46.37919	-4.88202	50.44754	-40.6835	-14.64606	83.80801	65.90727	0	-33.36047	0
11454	34.17414	61.02525	21.96909	-47.19286	-2.44101	43.93818	-38.24249	-0.81367	87.06269	77.29865	35.80148	-28.47845	0
11455	34.17414	52.88855	10.57771	-44.75185	3.25468	35.80148	-35.80148	6.50936	88.69003	82.18067	71.60296	-26.85111	0
11456	34.98781	43.12451	1.62734	-37.42882	11.39138	26.03744	-35.80148	2.44101	88.69003	78.11232	80.55333	-31.73313	0
11457	38.24249	35.80148	-3.25468	-30.10579	17.08707	18.71441	-35.80148	-11.39138	87.06269	67.53461	61.02525	-40.6835	0
11458	40.6835	31.73313	-6.50936	-27.66478	18.71441	13.83239	-37.42882	-30.10579	83.80801	56.14323	30.91946	-50.44754	0
11459	40.6835	30.91946	-6.50936	-29.29212	17.08707	12.20505	-41.49717	-46.37919	78.11232	45.56552	8.95037	-58.58424	0
11460	39.05616	32.5468	-2.44101	-31.73313	13.83239	13.83239	-44.75185	-52.07488	72.41663	39.05616	4.06835	-61.83892	0
11461	35.80148	34.98781	2.44101	-33.36047	6.50936	17.08707	-42.31084	-50.44754	67.53461	37.42882	5.69569	-61.02525	0
11462	27.66478	31.73313	7.32303	-28.47845	0	17.90074	-37.42882	-52.88855	58.58424	36.61515	7.32303	-56.9569	0
11463	14.64606	15.45973	3.25468	-14.64606	-0.81367	8.1367	-33.36047	-61.02525	48.8202	34.17414	7.32303	-53.70222	0
11464	5.69569	-7.32303	-12.20505	0	4.88202	-10.57771	-29.29212	-62.65259	45.56552	34.98781	0.81367	-52.07488	0
11465	4.88202	-29.29212	-33.36047	9.76404	17.90074	-30.91946	-23.59643	-50.44754	53.70222	40.6835	-10.57771	-48.8202	0
11466	9.76404	-46.37919	-53.70222	13.01872	32.5468	-46.37919	-14.64606	-27.66478	71.60296	47.19286	-13.83239	-43.12451	0
11467	20.34175	-60.21158	-75.67131	13.01872	48.8202	-59.39791	-4.06835	-4.06835	93.57205	52.88855	-7.32303	-38.24249	0
11468	33.36047	-66.72094	-96.82673	11.39138	65.0936	-71.60296	8.1367	13.01872	112.28646	56.14323	0	-34.17414	0
11469	38.24249	-67.53461	-109.84545	10.57771	69.97562	-76.48498	19.52808	19.52808	120.42316	55.32956	5.69569	-35.80148	0
11470	24.4101	-67.53461	-113.10013	19.52808	55.32956	-74.04397	26.03744	17.90074	118.79582	51.26121	9.76404	-38.24249	0
11471	0.81367	-78.11232	-107.40444	37.42882	32.5468	-74.85764	26.03744	11.39138	110.65912	44.75185	4.06835	-39.86983	0
11472	-21.96909	-101.70875	-104.14976	62.65259	13.83239	-89.5037	21.15542	0.81367	91.94471	33.36047	-13.01872	-48.8202	0
11473	-40.6835	-134.25555	-103.33609	87.87636	3.25468	-110.65912	13.01872	-10.57771	66.72094	17.08707	-30.91946	-65.0936	0
11474	-52.88855	-164.36134	-100.89508	104.96343	-0.81367	-127.74619	8.95037	-17.90074	46.37919	0	-47.19286	-76.48498	0
11475	-57.77057	-186.33043	-102.52242	113.9138	1.62734	-139.95124	9.76404	-20.34175	36.61515	-18.71441	-65.90727	-80.55333	0
11476	-56.9569	-199.34915	-110.65912	117.98215	17.08707	-152.96996	11.39138	-26.03744	30.10579	-32.5468	-77.29865	-82.99434	0
11477	-48.8202	-202.60383	-117.16848	117.16848	35.80148	-164.36134	13.01872	-35.80148	22.78276	-39.05616	-77.29865	-87.06269	0
11478	-37.42882	-188.77144	-117.98215	106.59077	48.00653	-161.92033	15.45973	-43.93818	18.71441	-38.24249	-73.2303	-90.31737	0
11479	-26.85111	-162.734	-112.28646	90.31737	52.88855	-144.83326	17.90074	-45.56552	17.08707	-30.91946	-62.65259	-91.94471	0
11480	-19.52808	-138.3239	-103.33609	77.29865	52.88855	-126.11885	19.52808	-43.12451	15.45973	-17.08707	-45.56552	-92.75838	0
11481	-15.45973	-124.49151	-100.89508	69.16195	52.07488	-116.35481	23.59643	-36.61515	16.2734	-4.88202	-32.5468	-93.57205	0
11482	-10.57771	-122.0505	-108.21811	66.72094	52.07488	-117.16848	30.10579	-30.10579	21.15542	1.62734	-27.66478	-93.57205	0
11483	-1.62734	-130.1872	-123.67784	66.72094	54.51589	-129.37353	34.98781	-26.85111	28.47845	2.44101	-29.29212	-96.01306	0
11484	5.69569	-147.27427	-136.69656	67.53461	61.83892	-148.08794	34.17414	-24.4101	37.42882	0.81367	-36.61515	-101.70875	0
11485	6.50936	-169.24336	-146.4606	70.78929	65.0936	-165.98868	29.29212	-17.90074	46.37919	-1.62734	-48.00653	-108.21811	0
11486	-3.25468	-181.44841	-150.52895	76.48498	64.27993	-173.31171	25.22377	-8.1367	58.58424	-4.88202	-48.8202	-109.03178	0
11487	-19.52808	-179.0074	-148.90161	79.73966	62.65259	-168.42969	21.15542	-2.44101	69.16195	-8.1367	-38.24249	-106.59077	0
11488	-33.36047	-171.68437	-144.01959	85.43535	57.77057	-161.10666	13.83239	-10.57771	72.41663	-12.20505	-28.47845	-105.7771	0
11489	-42.31084	-162.734	-135.88289	93.57205	50.44754	-153.78363	2.44101	-30.10579	65.90727	-17.90074	-21.15542	-105.7771	0
11490	-43.93818	-155.41097	-126.11885	96.82673	43.93818	-146.4606	-4.88202	-42.31084	61.83892	-18.71441	-11.39138	-102.52242	0
11491	-40.6835	-151.34262	-116.35481	94.38572	39.05616	-139.13757	-4.06835	-39.86983	65.90727	-7.32303	-7.32303	-96.01306	0
11492	-35.80148	-144.01959	-108.21811	89.5037	35.80148	-131.81454	0.81367	-27.66478	74.04397	9.76404	-17.90074	-90.31737	0
11493	-31.73313	-131.00087	-103.33609	84.62168	34.98781	-124.49151	7.32303	-12.20505	79.73966	26.03744	-39.05616	-87.87636	0
11494	-28.47845	-115.54114	-102.52242	78.92599	38.24249	-119.60949	17.90074	1.62734	85.43535	34.17414	-64.27993	-86.24902	0
11495	-26.85111	-104.14976	-105.7771	71.60296	43.93818	-116.35481	27.66478	9.76404	88.69003	32.5468	-80.55333	-81.367	0
11496	-25.22377	-96.82673	-109.84545	65.0936	46.37919	-113.10013	33.36047	13.83239	91.13104	26.03744	-74.85764	-76.48498	0
11497	-21.96909	-91.94471	-114.72747	60.21158	44.75185	-106.59077	35.80148	15.45973	93.57205	24.4101	-53.70222	-72.41663	0
11498	-18.71441	-95.19939	-118.79582	56.14323	41.49717	-103.33609	35.80148	7.32303	87.87636	22.78276	-38.24249	-74.85764	0
11499	-25.22377	-114.72747	-120.42316	62.65259	37.42882	-110.65912	31.73313	-17.08707	63.46626	11.39138	-31.73313	-84.62168	0
11500	-39.05616	-142.39225	-117.16848	78.92599	30.91946	-122.86417	23.59643	-62.65259	12.20505	-11.39138	-29.29212	-100.08141	0
11501	-48.8202	-161.92033	-110.65912	92.75838	23.59643	-129.37353	13.83239	-121.23683	-59.39791	-39.05616	-34.17414	-113.10013	0
11502	-56.14323	-167.61602	-100.08141	101.70875	16.2734	-127.74619	-0.81367	-189.58511	-142.39225	-66.72094	-47.19286	-115.54114	0
11503	-61.83892	-160.29299	-86.24902	104.14976	8.1367	-119.60949	-28.47845	-274.20679	-231.08228	-97.6404	-58.58424	-106.59077	0
11504	-59.39791	-132.62821	-65.0936	91.94471	0.81367	-96.82673	-64.27993	-366.96517	-325.468	-126.93252	-44.75185	-80.55333	0
11505	-47.19286	-80.55333	-29.29212	61.02525	-8.1367	-54.51589	-104.14976	-457.28254	-434.49978	-146.4606	0.81367	-34.98781	0
11506	-32.5468	-17.08707	15.45973	22.78276	-22.78276	-0.81367	-149.71528	-551.66826	-563.87331	-165.98868	46.37919	21.96909	0
11507	-19.52808	46.37919	64.27993	-14.64606	-41.49717	55.32956	-196.90814	-658.25903	-713.58859	-189.58511	76.48498	80.55333	0
11508	-4.06835	117.98215	119.60949	-58.58424	-61.83892	117.98215	-239.21898	-781.93687	-872.25424	-208.29952	113.10013	140.76491	0
11509	18.71441	205.85851	185.51676	-113.9138	-83.80801	196.09447	-271.76578	-918.63343	-1028.47888	-213.18154	157.03831	211.5542	0
11510	46.37919	316.51763	270.13844	-183.07575	-112.28646	292.9212	-297.80322	-1070.78972	-1179.8215	-205.85851	210.74053	301.0579	0
11511	75.67131	449.14584	375.10187	-262.81541	-150.52895	411.71702	-328.72268	-1240.84675	-1329.53678	-188.77144	295.36221	401.95298	0
11512	106.59077	600.48846	495.52503	-353.13278	-195.2808	546.78624	-372.66086	-1426.36351	-1483.32041	-164.36134	405.20766	503.66173	0
11513	136.69656	758.34044	623.27122	-438.56813	-244.101	690.80583	-433.68611	-1617.57596	-1635.4767	-133.44188	515.05311	596.42011	0
11514	158.66565	903.98737	745.32172	-504.4754	-292.10753	824.24771	-517.49412	-1798.2107	-1764.03656	-103.33609	624.08489	660.70004	0
11515	164.36134	1004.06878	838.0801	-549.22725	-335.23204	921.07444	-608.62516	-1947.11231	-1852.72659	-83.80801	714.40226	681.85546	0
11516	145.64693	1025.2242	876.32259	-556.55028	-363.71049	950.36656	-675.3461	-2035.80234	-1899.10578	-70.78929	733.93034	675.3461	0
11517	109.03178	943.8572	831.57074	-509.35742	-359.64214	886.9003	-708.70657	-2036.61601	-1879.5777	-62.65259	664.76839	640.35829	0
11518	77.29865	766.47714	686.73748	-414.15803	-304.31258	726.60731	-712.77492	-1947.11231	-1775.42794	-70.78929	526.44449	559.80496	0
11519	58.58424	519.93513	459.72355	-288.85285	-200.97649	489.82934	-694.06051	-1800.65171	-1618.38963	-120.42316	318.14497	431.2451	0
11520	42.31084	241.65999	200.16282	-144.83326	-78.92599	220.50457	-670.46408	-1634.66303	-1465.41967	-240.03265	54.51589	266.88376	0
11521	13.83239	-23.59643	-35.80148	1.62734	23.59643	-30.10579	-655.81802	-1471.92903	-1356.38789	-432.87244	-208.29952	96.82673	0
11522	-27.66478	-244.91467	-214.80888	134.25555	91.94471	-231.08228	-652.56334	-1323.84109	-1301.05833	-661.51371	-419.85372	-43.93818	0
11523	-69.97562	-406.02133	-333.6047	236.77797	130.1872	-370.21985	-655.81802	-1189.58554	-1288.85328	-875.50892	-563.05964	-144.83326	0
11524	-95.19939	-502.84806	-409.27601	299.43056	157.03831	-458.09621	-653.37701	-1065.09403	-1288.85328	-1027.66521	-628.15324	-207.48585	0
11525	-102.52242	-550.04092	-458.90988	329.53635	179.0074	-506.91641	-631.40792	-934.09316	-1253.86547	-1090.3178	-620.83021	-236.77797	0
11526	-93.57205	-565.50065	-488.202	335.23204	197.72181	-526.44449	-583.40139	-785.19155	-1161.10709	-1065.9077	-582.58772	-241.65999	0
11527	-72.41663	-560.61863	-502.84806	320.58598	215.62255	-527.25816	-515.05311	-624.08489	-1022.78319	-980.47235	-537.83587	-235.9643	0
11528	-42.31084	-539.46321	-506.10274	292.10753	231.08228	-517.49412	-437.75446	-467.86025	-868.18589	-867.37222	-493.08402	-230.26861	0
11529	-13.83239	-506.91641	-497.15237	259.56073	240.84632	-497.96604	-363.71049	-338.48672	-719.28428	-750.20374	-462.16456	-227.8276	0
11530	6.50936	-468.67392	-479.25163	227.8276	243.28733	-471.9286	-294.54854	-240.03265	-580.14671	-638.73095	-445.89116	-225.38659	0
11531	18.71441	-427.99042	-454.84153	197.72181	240.03265	-441.00914	-229.45494	-170.8707	-454.02786	-534.58119	-413.34436	-220.50457	0
11532	25.22377	-390.5616	-427.99042	173.31171	231.89595	-410.08968	-174.12538	-127.74619	-344.18241	-442.63648	-360.45581	-211.5542	0
11533	26.85111	-365.33783	-402.76665	157.03831	220.50457	-384.86591	-129.37353	-100.89508	-251.42403	-366.1515	-303.49891	-200.16282	0
11534	26.03744	-349.06443	-383.23857	149.71528	209.92686	-366.96517	-90.31737	-77.29865	-167.61602	-296.98955	-236.77797	-184.70309	0
11535	17.90074	-336.04571	-360.45581	149.71528	192.83979	-349.06443	-54.51589	-51.26121	-90.31737	-231.08228	-161.10666	-168.42969	0
11536	-3.25468	-322.21332	-323.02699	156.22464	161.92033	-323.02699	-24.4101	-19.52808	-24.4101	-173.31171	-103.33609	-157.85198	0
11537	-30.91946	-305.12625	-277.46147	163.54767	123.67784	-292.10753	0.81367	20.34175	26.85111	-126.93252	-71.60296	-143.20592	0
11538	-49.63387	-283.97083	-235.15063	164.36134	91.94471	-259.56073	24.4101	67.53461	65.0936	-84.62168	-49.63387	-121.23683	0
11539	-53.70222	-253.86504	-199.34915	152.15629	70.78929	-226.20026	44.75185	111.47279	98.45407	-46.37919	-30.91946	-96.01306	0
11540	-45.56552	-219.6909	-171.68437	131.00087	61.02525	-195.2808	59.39791	145.64693	132.62821	-15.45973	-13.83239	-77.29865	0
11541	-32.5468	-188.77144	-154.5973	110.65912	60.21158	-172.49804	67.53461	168.42969	163.54767	9.76404	-3.25468	-68.34828	0
11542	-15.45973	-161.10666	-146.4606	96.01306	65.90727	-154.5973	71.60296	182.26208	189.58511	33.36047	-0.81367	-65.90727	0
11543	4.06835	-137.51023	-143.20592	85.43535	75.67131	-140.76491	75.67131	190.39878	214.80888	54.51589	0	-64.27993	0
11544	19.52808	-124.49151	-139.95124	72.41663	79.73966	-132.62821	82.99434	193.65346	235.9643	72.41663	-4.06835	-65.90727	0
11545	26.85111	-122.0505	-131.81454	58.58424	71.60296	-126.93252	91.13104	192.83979	247.35568	83.80801	-16.2734	-69.97562	0
11546	23.59643	-124.49151	-119.60949	53.70222	57.77057	-122.86417	99.26774	193.65346	252.2377	87.87636	-24.4101	-72.41663	0
11547	9.76404	-126.11885	-109.03178	57.77057	45.56552	-117.98215	104.96343	196.90814	256.30605	89.5037	-21.96909	-72.41663	0
11548	-4.06835	-125.30518	-100.08141	62.65259	38.24249	-112.28646	109.84545	202.60383	259.56073	91.13104	-13.01872	-70.78929	0
11549	-16.2734	-130.1872	-98.45407	72.41663	37.42882	-113.9138	112.28646	208.29952	259.56073	89.5037	1.62734	-68.34828	0
11550	-22.78276	-145.64693	-105.7771	87.06269	39.86983	-126.11885	108.21811	209.11319	256.30605	85.43535	17.90074	-69.97562	0
11551	-26.85111	-156.22464	-116.35481	95.19939	43.12451	-136.69656	96.82673	201.79016	248.16935	80.55333	25.22377	-76.48498	0
11552	-32.5468	-151.34262	-123.67784	87.87636	51.26121	-138.3239	89.5037	192.02612	244.91467	81.367	26.85111	-82.18067	0
11553	-36.61515	-135.06922	-122.0505	73.2303	56.9569	-129.37353	92.75838	187.95777	251.42403	87.06269	27.66478	-82.18067	0
11554	-40.6835	-119.60949	-109.03178	64.27993	51.26121	-114.72747	102.52242	186.33043	264.44275	89.5037	38.24249	-78.11232	0
11555	-42.31084	-108.21811	-91.13104	61.83892	38.24249	-100.89508	113.9138	185.51676	277.46147	86.24902	57.77057	-70.78929	0
11556	-43.93818	-102.52242	-79.73966	61.83892	26.85111	-93.57205	119.60949	187.1441	280.71615	83.80801	55.32956	-65.0936	0
11557	-47.19286	-101.70875	-76.48498	63.46626	19.52808	-95.19939	119.60949	190.39878	270.95211	80.55333	23.59643	-63.46626	0
11558	-47.19286	-106.59077	-78.92599	66.72094	17.08707	-100.08141	116.35481	192.02612	256.30605	74.85764	-14.64606	-63.46626	0
11559	-40.6835	-109.84545	-82.18067	67.53461	18.71441	-103.33609	114.72747	192.02612	243.28733	72.41663	-52.88855	-63.46626	0
11560	-30.91946	-109.03178	-82.18067	64.27993	23.59643	-102.52242	116.35481	192.83979	236.77797	75.67131	-80.55333	-58.58424	0
11561	-18.71441	-105.7771	-82.18067	56.9569	29.29212	-98.45407	118.79582	196.90814	238.40531	80.55333	-74.85764	-54.51589	0
11562	-6.50936	-100.08141	-83.80801	48.8202	35.80148	-93.57205	120.42316	201.79016	244.91467	85.43535	-44.75185	-53.70222	0
11563	2.44101	-93.57205	-87.06269	42.31084	43.93818	-90.31737	121.23683	206.67218	253.86504	90.31737	-16.2734	-56.9569	0
11564	7.32303	-91.13104	-89.5037	38.24249	47.19286	-90.31737	123.67784	214.80888	261.18807	91.94471	-1.62734	-61.02525	0
11565	10.57771	-93.57205	-92.75838	36.61515	48.00653	-92.75838	128.55986	229.45494	262.81541	88.69003	0.81367	-66.72094	0
11566	14.64606	-93.57205	-97.6404	34.98781	51.26121	-95.19939	135.06922	244.101	263.62908	86.24902	5.69569	-74.04397	0
11567	13.83239	-88.69003	-95.19939	34.98781	50.44754	-91.94471	139.13757	252.2377	264.44275	87.06269	13.83239	-73.2303	0
11568	4.88202	-81.367	-84.62168	36.61515	40.6835	-81.367	137.51023	249.79669	260.3744	89.5037	19.52808	-63.46626	0
11569	-4.88202	-74.85764	-74.85764	39.05616	28.47845	-70.78929	134.25555	242.47366	253.05137	94.38572	26.03744	-54.51589	0
11570	-13.83239	-71.60296	-69.16195	39.86983	20.34175	-66.72094	130.1872	235.9643	247.35568	101.70875	32.5468	-52.07488	0
11571	-22.78276	-69.16195	-65.0936	41.49717	15.45973	-69.16195	126.11885	228.64127	240.03265	105.7771	33.36047	-55.32956	0
11572	-26.03744	-66.72094	-60.21158	40.6835	13.01872	-70.78929	124.49151	223.75925	238.40531	109.03178	31.73313	-56.14323	0
11573	-23.59643	-65.0936	-55.32956	39.86983	13.83239	-70.78929	127.74619	226.20026	245.72834	113.10013	26.85111	-55.32956	0
11574	-21.15542	-65.90727	-52.07488	39.86983	15.45973	-68.34828	131.00087	232.70962	255.49238	115.54114	16.2734	-55.32956	0
11575	-20.34175	-69.97562	-55.32956	42.31084	21.96909	-64.27993	132.62821	237.59164	260.3744	117.98215	4.06835	-60.21158	0
11576	-13.83239	-74.04397	-65.0936	43.12451	36.61515	-62.65259	133.44188	244.91467	265.25642	122.86417	3.25468	-67.53461	0
11577	-2.44101	-74.85764	-76.48498	43.93818	50.44754	-64.27993	134.25555	252.2377	270.95211	126.11885	10.57771	-66.72094	0
11578	8.1367	-72.41663	-84.62168	43.93818	56.14323	-67.53461	135.88289	256.30605	278.27514	126.11885	18.71441	-56.9569	0
11579	15.45973	-68.34828	-87.06269	40.6835	54.51589	-69.97562	139.13757	257.93339	285.59817	127.74619	27.66478	-46.37919	0
11580	17.90074	-59.39791	-82.99434	30.10579	51.26121	-67.53461	141.57858	258.74706	288.03918	135.88289	43.12451	-36.61515	0
11581	19.52808	-44.75185	-72.41663	16.2734	47.19286	-57.77057	144.83326	266.07009	296.17588	146.4606	59.39791	-28.47845	0
11582	24.4101	-30.91946	-60.21158	4.06835	43.93818	-47.19286	147.27427	279.90248	313.26295	153.78363	68.34828	-20.34175	0
11583	29.29212	-19.52808	-51.26121	-2.44101	42.31084	-36.61515	145.64693	297.80322	329.53635	155.41097	69.16195	-14.64606	0
11584	28.47845	-11.39138	-45.56552	-4.06835	39.86983	-27.66478	139.95124	315.70396	334.41837	152.15629	59.39791	-14.64606	0
11585	21.15542	-7.32303	-41.49717	0	34.98781	-23.59643	135.06922	326.28167	331.16369	147.27427	42.31084	-18.71441	0
11586	15.45973	-6.50936	-37.42882	0.81367	29.29212	-22.78276	132.62821	323.84066	325.468	142.39225	29.29212	-22.78276	0
11587	8.95037	-8.1367	-30.10579	0.81367	21.15542	-20.34175	136.69656	314.07662	322.21332	139.13757	27.66478	-22.78276	0
11588	-5.69569	-12.20505	-14.64606	4.06835	10.57771	-13.83239	143.20592	309.1946	318.95864	138.3239	33.36047	-18.71441	0
11589	-26.03744	-13.01872	8.1367	11.39138	0.81367	-2.44101	144.83326	313.26295	314.89029	135.06922	43.12451	-13.83239	0
11590	-32.5468	-8.95037	28.47845	9.76404	-6.50936	12.20505	139.13757	322.21332	316.51763	131.81454	52.07488	-6.50936	0
11591	-19.52808	-2.44101	34.98781	-3.25468	-7.32303	23.59643	124.49151	331.97736	323.02699	131.00087	54.51589	1.62734	0
11592	0	5.69569	30.91946	-16.2734	-2.44101	26.03744	100.08141	341.7414	327.90901	131.00087	48.00653	1.62734	0
11593	12.20505	13.83239	25.22377	-21.96909	2.44101	22.78276	72.41663	349.8781	327.09534	128.55986	37.42882	-6.50936	0
11594	17.90074	19.52808	21.96909	-22.78276	4.06835	19.52808	52.88855	360.45581	321.39965	127.74619	26.03744	-15.45973	0
11595	17.90074	22.78276	22.78276	-20.34175	0	20.34175	48.00653	371.84719	312.44928	130.1872	17.90074	-24.4101	0
11596	15.45973	24.4101	27.66478	-15.45973	-8.95037	21.15542	55.32956	379.98389	308.38093	131.00087	19.52808	-32.5468	0
11597	11.39138	23.59643	34.17414	-13.01872	-14.64606	21.96909	70.78929	382.4249	310.82194	126.93252	32.5468	-30.10579	0
11598	4.88202	21.96909	33.36047	-12.20505	-15.45973	20.34175	91.94471	386.49325	314.89029	117.98215	48.00653	-18.71441	0
11599	0	21.15542	30.91946	-12.20505	-15.45973	20.34175	111.47279	398.6983	318.95864	111.47279	63.46626	-2.44101	0
11600	-4.06835	31.73313	40.6835	-17.08707	-21.96909	32.5468	126.11885	414.15803	323.84066	113.9138	81.367	13.83239	0
11601	-8.1367	55.32956	62.65259	-26.85111	-36.61515	57.77057	132.62821	430.43143	329.53635	122.86417	95.19939	26.03744	0
11602	-6.50936	82.18067	82.99434	-39.86983	-48.8202	84.62168	133.44188	442.63648	331.97736	134.25555	100.89508	32.5468	0
11603	3.25468	106.59077	96.01306	-56.9569	-54.51589	105.7771	133.44188	448.33217	335.23204	143.20592	100.89508	34.98781	0
11604	19.52808	126.11885	104.96343	-73.2303	-58.58424	119.60949	133.44188	449.95951	342.55507	150.52895	94.38572	35.80148	0
11605	33.36047	139.95124	116.35481	-82.18067	-63.46626	131.00087	132.62821	448.33217	348.25076	153.78363	78.92599	34.17414	0
11606	43.93818	154.5973	130.1872	-90.31737	-67.53461	143.20592	131.00087	441.82281	344.99608	146.4606	63.46626	31.73313	0
11607	50.44754	174.12538	143.20592	-103.33609	-69.16195	158.66565	130.1872	435.31345	333.6047	132.62821	57.77057	30.10579	0
11608	52.07488	195.2808	157.03831	-117.98215	-69.97562	172.49804	127.74619	432.05877	319.77231	121.23683	65.90727	34.98781	0
11609	52.88855	215.62255	170.8707	-132.62821	-69.97562	182.26208	124.49151	432.87244	305.93992	117.16848	85.43535	48.00653	0
11610	56.9569	231.08228	183.88942	-144.83326	-66.72094	191.21245	122.0505	437.75446	293.73487	116.35481	106.59077	63.46626	0
11611	60.21158	237.59164	193.65346	-150.52895	-61.83892	201.79016	118.79582	441.00914	283.15716	117.16848	122.0505	72.41663	0
11612	54.51589	237.59164	202.60383	-148.08794	-64.27993	211.5542	114.72747	440.19547	270.95211	117.16848	128.55986	78.92599	0
11613	42.31084	235.15063	209.11319	-140.76491	-74.04397	219.6909	109.84545	438.56813	256.30605	117.16848	133.44188	84.62168	0
11614	30.10579	231.89595	213.18154	-132.62821	-83.80801	222.94558	108.21811	437.75446	240.84632	120.42316	134.25555	89.5037	0
11615	17.90074	227.8276	214.80888	-124.49151	-93.57205	222.94558	107.40444	435.31345	230.26861	125.30518	128.55986	94.38572	0
11616	8.95037	231.08228	222.13191	-122.0505	-103.33609	227.8276	105.7771	433.68611	222.13191	126.11885	123.67784	100.08141	0
11617	8.95037	248.16935	235.9643	-131.00087	-111.47279	243.28733	104.14976	432.05877	213.18154	123.67784	125.30518	105.7771	0
11618	17.08707	274.20679	254.67871	-148.08794	-117.16848	265.25642	100.89508	423.1084	200.16282	117.98215	130.1872	110.65912	0
11619	26.03744	301.0579	272.57945	-165.98868	-122.86417	287.22551	93.57205	408.46234	181.44841	107.40444	135.88289	113.9138	0
11620	34.17414	326.28167	291.29386	-179.0074	-128.55986	309.1946	82.18067	392.18894	159.47932	95.19939	141.57858	114.72747	0
11621	44.75185	356.38746	311.63561	-189.58511	-133.44188	333.6047	68.34828	375.91554	137.51023	82.99434	143.20592	113.10013	0
11622	49.63387	383.23857	334.41837	-200.16282	-142.39225	357.20113	55.32956	353.94645	114.72747	70.78929	135.88289	109.84545	0
11623	39.86983	397.88463	358.82847	-205.04484	-159.47932	376.72921	48.00653	331.16369	94.38572	57.77057	126.11885	109.03178	0
11624	20.34175	398.6983	379.17022	-200.16282	-179.0074	386.49325	44.75185	312.44928	81.367	43.93818	117.16848	114.72747	0
11625	3.25468	393.00261	392.18894	-194.46713	-191.21245	388.93426	42.31084	297.80322	77.29865	29.29212	107.40444	126.11885	0
11626	0	391.37527	397.07096	-196.09447	-195.2808	388.93426	40.6835	290.48019	71.60296	18.71441	104.14976	139.13757	0
11627	8.95037	398.6983	396.25729	-206.67218	-194.46713	388.93426	37.42882	282.34349	51.26121	8.95037	109.84545	148.90161	0
11628	20.34175	412.53069	397.07096	-219.6909	-192.02612	389.74793	29.29212	265.25642	9.76404	-5.69569	117.16848	154.5973	0
11629	24.4101	420.66739	400.32564	-226.20026	-192.83979	394.62995	17.90074	244.101	-37.42882	-27.66478	126.93252	159.47932	0
11630	15.45973	410.90335	398.6983	-216.43622	-196.09447	392.18894	5.69569	222.94558	-74.85764	-52.07488	136.69656	161.92033	0
11631	1.62734	385.67958	385.67958	-197.72181	-194.46713	377.54288	-2.44101	204.23117	-97.6404	-65.90727	142.39225	161.10666	0
11632	-4.88202	358.82847	365.33783	-183.07575	-187.1441	357.20113	-8.1367	190.39878	-109.84545	-65.0936	143.20592	160.29299	0
11633	-4.88202	340.11406	346.62342	-174.12538	-176.56639	341.7414	-13.01872	183.07575	-113.10013	-56.9569	142.39225	161.92033	0
11634	-1.62734	338.48672	339.30039	-174.93905	-169.24336	338.48672	-15.45973	181.44841	-114.72747	-51.26121	137.51023	166.80235	0
11635	4.06835	352.31911	342.55507	-185.51676	-163.54767	347.43709	-19.52808	180.63474	-114.72747	-53.70222	125.30518	174.93905	0
11636	13.01872	373.47453	349.8781	-200.97649	-161.92033	361.26948	-24.4101	170.05703	-118.79582	-59.39791	113.9138	179.0074	0
11637	17.08707	393.81628	366.96517	-211.5542	-169.24336	375.10187	-30.10579	146.4606	-133.44188	-68.34828	106.59077	174.93905	0
11638	11.39138	410.90335	396.25729	-213.99521	-185.51676	386.49325	-40.6835	109.84545	-157.85198	-82.99434	99.26774	164.36134	0
11639	2.44101	415.78537	423.1084	-206.67218	-198.53548	397.07096	-55.32956	64.27993	-189.58511	-96.01306	94.38572	152.96996	0
11640	-4.88202	406.02133	428.80409	-194.46713	-204.23117	398.6983	-68.34828	18.71441	-223.75925	-101.70875	95.19939	141.57858	0
11641	-11.39138	388.93426	415.78537	-183.88942	-203.4175	389.74793	-72.41663	-12.20505	-249.79669	-103.33609	96.82673	135.06922	0
11642	-11.39138	374.2882	394.62995	-178.19373	-198.53548	378.35655	-67.53461	-23.59643	-264.44275	-103.33609	95.19939	134.25555	0
11643	-8.1367	364.52416	372.66086	-176.56639	-192.02612	368.59251	-61.02525	-26.03744	-267.69743	-103.33609	90.31737	135.06922	0
11644	-4.06835	357.20113	356.38746	-173.31171	-186.33043	360.45581	-56.9569	-30.10579	-266.88376	-108.21811	77.29865	126.93252	0
11645	-1.62734	347.43709	345.80975	-161.92033	-182.26208	350.69177	-53.70222	-35.80148	-269.32477	-119.60949	56.14323	108.21811	0
11646	-2.44101	327.90901	333.6047	-146.4606	-178.19373	333.6047	-54.51589	-45.56552	-273.39312	-133.44188	35.80148	91.13104	0
11647	-4.06835	301.0579	313.26295	-132.62821	-168.42969	308.38093	-57.77057	-59.39791	-275.02046	-142.39225	22.78276	81.367	0
11648	-8.1367	270.95211	288.03918	-123.67784	-154.5973	280.71615	-59.39791	-71.60296	-276.6478	-145.64693	16.2734	75.67131	0
11649	-13.01872	244.91467	264.44275	-118.79582	-143.20592	255.49238	-56.9569	-82.99434	-276.6478	-144.01959	14.64606	71.60296	0
11650	-11.39138	227.8276	244.101	-117.16848	-131.00087	235.9643	-52.88855	-94.38572	-274.20679	-135.88289	17.08707	69.16195	0
11651	-3.25468	215.62255	221.31824	-116.35481	-113.9138	218.06356	-48.00653	-106.59077	-271.76578	-127.74619	17.90074	69.97562	0
11652	7.32303	200.97649	196.90814	-110.65912	-96.82673	197.72181	-45.56552	-116.35481	-267.69743	-122.0505	13.83239	65.0936	0
11653	19.52808	186.33043	176.56639	-103.33609	-82.99434	179.82107	-43.12451	-117.98215	-254.67871	-117.16848	7.32303	53.70222	0
11654	26.03744	174.12538	157.85198	-98.45407	-69.16195	164.36134	-37.42882	-104.96343	-227.8276	-105.7771	0	43.12451	0
11655	21.96909	155.41097	139.13757	-89.5037	-54.51589	143.20592	-27.66478	-81.367	-195.2808	-89.5037	-9.76404	35.80148	0
11656	12.20505	126.11885	123.67784	-73.2303	-42.31084	115.54114	-21.15542	-61.83892	-168.42969	-76.48498	-15.45973	30.91946	0
11657	1.62734	99.26774	110.65912	-55.32956	-38.24249	92.75838	-21.96909	-54.51589	-150.52895	-73.2303	-17.08707	21.15542	0
11658	-7.32303	82.18067	101.70875	-40.6835	-41.49717	82.18067	-25.22377	-57.77057	-139.13757	-74.04397	-21.96909	6.50936	0
11659	-14.64606	76.48498	100.08141	-30.91946	-51.26121	82.18067	-25.22377	-63.46626	-128.55986	-73.2303	-23.59643	-4.06835	0
11660	-22.78276	78.92599	107.40444	-26.03744	-63.46626	89.5037	-18.71441	-66.72094	-119.60949	-69.97562	-18.71441	-9.76404	0
11661	-32.5468	79.73966	111.47279	-24.4101	-69.97562	94.38572	-5.69569	-61.83892	-110.65912	-61.02525	-13.01872	-12.20505	0
11662	-39.05616	73.2303	105.7771	-19.52808	-70.78929	88.69003	8.95037	-48.00653	-99.26774	-46.37919	-7.32303	-10.57771	0
11663	-41.49717	60.21158	96.01306	-12.20505	-66.72094	77.29865	25.22377	-32.5468	-88.69003	-30.91946	-1.62734	-7.32303	0
11664	-41.49717	40.6835	78.11232	-1.62734	-57.77057	59.39791	34.98781	-24.4101	-85.43535	-16.2734	0	-6.50936	0
11665	-40.6835	14.64606	53.70222	10.57771	-45.56552	33.36047	36.61515	-26.85111	-90.31737	-3.25468	-2.44101	-6.50936	0
11666	-39.86983	-7.32303	27.66478	21.15542	-33.36047	9.76404	30.10579	-34.17414	-91.94471	4.88202	-2.44101	-5.69569	0
11667	-39.86983	-23.59643	7.32303	29.29212	-26.03744	-4.88202	17.08707	-39.86983	-83.80801	8.95037	0	-6.50936	0
11668	-37.42882	-34.17414	-4.88202	32.5468	-19.52808	-14.64606	0.81367	-41.49717	-67.53461	10.57771	1.62734	-8.95037	0
11669	-25.22377	-39.05616	-16.2734	26.85111	-8.1367	-21.15542	-12.20505	-39.05616	-47.19286	12.20505	4.06835	-13.01872	0
11670	-6.50936	-38.24249	-26.03744	16.2734	7.32303	-27.66478	-21.15542	-32.5468	-29.29212	16.2734	6.50936	-13.01872	0
11671	8.1367	-35.80148	-33.36047	8.1367	21.96909	-32.5468	-27.66478	-28.47845	-14.64606	18.71441	5.69569	-9.76404	0
11672	15.45973	-34.17414	-39.86983	4.88202	31.73313	-33.36047	-30.10579	-23.59643	-0.81367	20.34175	3.25468	-12.20505	0
11673	13.83239	-31.73313	-42.31084	6.50936	34.98781	-32.5468	-27.66478	-15.45973	13.83239	21.15542	3.25468	-20.34175	0
11674	8.1367	-30.91946	-40.6835	9.76404	30.10579	-34.98781	-21.15542	-7.32303	25.22377	19.52808	0.81367	-28.47845	0
11675	0.81367	-34.17414	-39.86983	15.45973	19.52808	-38.24249	-17.08707	-5.69569	28.47845	13.01872	-5.69569	-37.42882	0
11676	-8.95037	-44.75185	-40.6835	21.15542	9.76404	-39.86983	-14.64606	-6.50936	25.22377	5.69569	-10.57771	-48.00653	0
11677	-17.90074	-54.51589	-40.6835	26.85111	4.88202	-41.49717	-12.20505	-6.50936	24.4101	4.88202	-10.57771	-50.44754	0
11678	-18.71441	-51.26121	-35.80148	30.91946	3.25468	-37.42882	-5.69569	-4.88202	32.5468	11.39138	-5.69569	-39.86983	0
11679	-21.15542	-39.05616	-18.71441	33.36047	-4.06835	-26.85111	0	-4.06835	43.93818	17.08707	1.62734	-26.03744	0
11680	-32.5468	-30.10579	3.25468	36.61515	-21.15542	-17.08707	0.81367	-8.1367	52.07488	14.64606	8.1367	-15.45973	0
11681	-40.6835	-24.4101	19.52808	37.42882	-33.36047	-9.76404	0	-14.64606	56.14323	9.76404	7.32303	-4.88202	0
11682	-41.49717	-20.34175	23.59643	34.17414	-34.98781	-5.69569	0.81367	-21.96909	55.32956	10.57771	3.25468	-2.44101	0
11683	-37.42882	-20.34175	17.08707	29.29212	-26.85111	-7.32303	6.50936	-26.03744	49.63387	13.01872	0	-8.1367	0
11684	-31.73313	-25.22377	4.06835	26.03744	-14.64606	-13.83239	13.83239	-17.90074	50.44754	13.83239	-6.50936	-17.08707	0
11685	-27.66478	-32.5468	-7.32303	27.66478	-4.88202	-22.78276	17.90074	3.25468	61.02525	11.39138	-14.64606	-21.15542	0
11686	-26.03744	-40.6835	-17.90074	30.10579	0.81367	-30.91946	16.2734	23.59643	74.85764	12.20505	-17.08707	-23.59643	0
11687	-21.15542	-48.00653	-29.29212	33.36047	8.1367	-39.05616	8.95037	32.5468	79.73966	14.64606	-16.2734	-29.29212	0
11688	-9.76404	-56.14323	-43.93818	36.61515	21.96909	-48.8202	2.44101	35.80148	79.73966	15.45973	-16.2734	-35.80148	0
11689	3.25468	-69.16195	-57.77057	38.24249	39.05616	-56.9569	2.44101	36.61515	81.367	17.90074	-13.83239	-41.49717	0
11690	13.01872	-76.48498	-72.41663	35.80148	50.44754	-64.27993	5.69569	34.17414	82.18067	29.29212	-4.88202	-42.31084	0
11691	16.2734	-74.04397	-87.06269	30.91946	52.07488	-66.72094	10.57771	35.80148	90.31737	43.93818	4.88202	-36.61515	0
11692	6.50936	-78.92599	-96.82673	35.80148	44.75185	-72.41663	13.01872	40.6835	101.70875	52.88855	7.32303	-33.36047	0
11693	-8.95037	-94.38572	-98.45407	51.26121	34.98781	-84.62168	12.20505	40.6835	111.47279	52.88855	0.81367	-39.05616	0
11694	-20.34175	-105.7771	-92.75838	61.83892	26.85111	-91.94471	15.45973	41.49717	120.42316	52.07488	-10.57771	-44.75185	0
11695	-26.03744	-108.21811	-84.62168	65.90727	22.78276	-93.57205	26.03744	48.8202	130.1872	56.14323	-23.59643	-45.56552	0
11696	-29.29212	-104.96343	-74.85764	65.0936	18.71441	-90.31737	37.42882	57.77057	137.51023	60.21158	-30.91946	-43.12451	0
11697	-30.10579	-93.57205	-65.90727	60.21158	13.01872	-78.11232	43.12451	61.83892	136.69656	57.77057	-31.73313	-43.93818	0
11698	-30.10579	-76.48498	-59.39791	52.07488	4.88202	-61.02525	40.6835	58.58424	126.11885	48.8202	-33.36047	-47.19286	0
11699	-24.4101	-61.83892	-56.14323	43.93818	3.25468	-49.63387	33.36047	50.44754	111.47279	30.91946	-35.80148	-52.88855	0
11700	-8.95037	-51.26121	-57.77057	34.98781	13.01872	-46.37919	26.03744	45.56552	100.08141	8.95037	-31.73313	-58.58424	0
11701	8.1367	-44.75185	-63.46626	26.03744	28.47845	-49.63387	21.15542	42.31084	93.57205	-1.62734	-23.59643	-63.46626	0
11702	18.71441	-48.00653	-72.41663	20.34175	42.31084	-58.58424	21.15542	43.93818	92.75838	0.81367	-14.64606	-63.46626	0
11703	21.15542	-61.02525	-82.99434	21.15542	51.26121	-72.41663	25.22377	55.32956	102.52242	10.57771	-4.88202	-58.58424	0
11704	15.45973	-78.92599	-96.01306	24.4101	56.14323	-87.87636	30.91946	69.16195	116.35481	21.15542	0	-50.44754	0
11705	10.57771	-93.57205	-113.9138	32.5468	61.83892	-100.89508	34.98781	74.04397	123.67784	28.47845	-1.62734	-43.12451	0
11706	12.20505	-103.33609	-129.37353	42.31084	69.97562	-111.47279	38.24249	69.16195	119.60949	30.10579	-6.50936	-37.42882	0
11707	16.2734	-108.21811	-136.69656	52.07488	75.67131	-113.9138	43.12451	60.21158	108.21811	28.47845	-8.1367	-33.36047	0
11708	21.15542	-109.84545	-135.88289	59.39791	78.11232	-109.03178	48.8202	50.44754	96.82673	26.85111	-8.95037	-31.73313	0
11709	17.08707	-107.40444	-129.37353	64.27993	69.97562	-104.14976	49.63387	39.05616	88.69003	27.66478	-9.76404	-33.36047	0
11710	3.25468	-100.89508	-119.60949	66.72094	53.70222	-103.33609	45.56552	30.10579	90.31737	31.73313	-8.1367	-34.98781	0
11711	-8.95037	-97.6404	-106.59077	67.53461	39.86983	-102.52242	40.6835	36.61515	105.7771	36.61515	-8.95037	-31.73313	0
11712	-19.52808	-96.82673	-89.5037	66.72094	30.10579	-98.45407	38.24249	57.77057	131.81454	40.6835	-8.1367	-30.91946	0
11713	-26.85111	-94.38572	-75.67131	62.65259	21.15542	-91.13104	37.42882	78.92599	158.66565	46.37919	-4.06835	-34.98781	0
11714	-30.91946	-87.87636	-67.53461	55.32956	15.45973	-82.99434	37.42882	87.87636	176.56639	47.19286	-4.06835	-43.12451	0
11715	-34.17414	-82.18067	-64.27993	50.44754	10.57771	-75.67131	37.42882	87.06269	183.07575	40.6835	-13.83239	-55.32956	0
11716	-31.73313	-77.29865	-66.72094	46.37919	9.76404	-71.60296	33.36047	79.73966	179.0074	30.10579	-26.85111	-65.90727	0
11717	-21.96909	-71.60296	-68.34828	40.6835	17.08707	-70.78929	24.4101	65.90727	167.61602	20.34175	-39.86983	-75.67131	0
11718	-6.50936	-69.16195	-67.53461	32.5468	30.10579	-72.41663	9.76404	48.8202	149.71528	9.76404	-57.77057	-85.43535	0
11719	5.69569	-66.72094	-71.60296	26.03744	41.49717	-73.2303	0.81367	34.98781	131.81454	3.25468	-72.41663	-90.31737	0
11720	12.20505	-62.65259	-75.67131	23.59643	45.56552	-69.16195	3.25468	31.73313	122.86417	4.88202	-75.67131	-87.87636	0
11721	13.01872	-65.0936	-76.48498	28.47845	41.49717	-66.72094	11.39138	36.61515	119.60949	13.83239	-72.41663	-86.24902	0
11722	12.20505	-73.2303	-80.55333	35.80148	39.86983	-73.2303	22.78276	48.8202	120.42316	23.59643	-63.46626	-84.62168	0
11723	9.76404	-86.24902	-89.5037	42.31084	44.75185	-84.62168	35.80148	67.53461	126.93252	30.10579	-48.8202	-78.92599	0
11724	5.69569	-100.89508	-100.89508	50.44754	50.44754	-98.45407	48.00653	84.62168	135.88289	33.36047	-34.98781	-70.78929	0
11725	0.81367	-116.35481	-113.10013	58.58424	56.14323	-113.10013	52.07488	87.87636	142.39225	33.36047	-29.29212	-65.0936	0
11726	-3.25468	-121.23683	-116.35481	61.83892	56.9569	-117.98215	48.00653	78.92599	148.08794	31.73313	-26.03744	-62.65259	0
11727	-7.32303	-113.10013	-104.96343	58.58424	49.63387	-109.03178	41.49717	67.53461	154.5973	30.91946	-24.4101	-59.39791	0
11728	-9.76404	-100.89508	-91.94471	52.07488	40.6835	-96.01306	37.42882	62.65259	164.36134	31.73313	-26.03744	-52.88855	0
11729	-8.95037	-91.13104	-82.99434	46.37919	32.5468	-87.06269	35.80148	65.90727	175.75272	29.29212	-28.47845	-46.37919	0
11730	-8.95037	-83.80801	-75.67131	43.12451	26.85111	-80.55333	36.61515	73.2303	183.88942	21.96909	-30.10579	-39.05616	0
11731	-12.20505	-82.99434	-70.78929	44.75185	23.59643	-78.11232	37.42882	79.73966	185.51676	12.20505	-33.36047	-32.5468	0
11732	-20.34175	-91.94471	-71.60296	51.26121	21.15542	-82.99434	39.05616	83.80801	181.44841	7.32303	-34.98781	-35.80148	0
11733	-29.29212	-103.33609	-74.04397	56.14323	20.34175	-90.31737	43.12451	85.43535	176.56639	9.76404	-30.10579	-44.75185	0
11734	-31.73313	-112.28646	-78.92599	60.21158	22.78276	-97.6404	47.19286	87.87636	170.05703	18.71441	-23.59643	-53.70222	0
11735	-26.03744	-114.72747	-87.06269	60.21158	30.91946	-103.33609	48.00653	87.06269	163.54767	30.10579	-21.96909	-57.77057	0
11736	-13.83239	-112.28646	-97.6404	55.32956	43.93818	-106.59077	47.19286	81.367	161.10666	38.24249	-18.71441	-60.21158	0
11737	-0.81367	-108.21811	-107.40444	51.26121	59.39791	-109.03178	43.12451	70.78929	160.29299	38.24249	-17.90074	-62.65259	0
11738	9.76404	-104.96343	-116.35481	49.63387	70.78929	-107.40444	33.36047	56.9569	153.78363	30.10579	-26.03744	-66.72094	0
11739	16.2734	-106.59077	-123.67784	48.00653	75.67131	-104.14976	17.08707	41.49717	143.20592	19.52808	-38.24249	-73.2303	0
11740	26.03744	-103.33609	-129.37353	44.75185	80.55333	-100.89508	4.88202	34.98781	137.51023	18.71441	-43.12451	-78.11232	0
11741	40.6835	-84.62168	-126.11885	40.6835	83.80801	-92.75838	4.88202	40.6835	142.39225	26.85111	-40.6835	-77.29865	0
11742	43.12451	-61.83892	-113.10013	34.98781	74.04397	-75.67131	17.08707	57.77057	153.78363	36.61515	-34.17414	-73.2303	0
11743	26.85111	-48.00653	-95.19939	32.5468	49.63387	-57.77057	34.98781	72.41663	163.54767	43.93818	-24.4101	-67.53461	0
11744	5.69569	-46.37919	-78.92599	34.17414	28.47845	-48.8202	48.00653	74.85764	165.98868	44.75185	-17.08707	-62.65259	0
11745	-8.95037	-57.77057	-70.78929	40.6835	17.90074	-54.51589	55.32956	68.34828	157.03831	39.05616	-18.71441	-56.14323	0
11746	-21.15542	-79.73966	-73.2303	51.26121	14.64606	-69.97562	57.77057	52.88855	141.57858	31.73313	-21.15542	-51.26121	0
11747	-31.73313	-102.52242	-78.92599	65.0936	14.64606	-85.43535	55.32956	30.10579	129.37353	25.22377	-24.4101	-50.44754	0
11748	-39.86983	-119.60949	-82.99434	75.67131	16.2734	-96.82673	45.56552	12.20505	124.49151	18.71441	-31.73313	-54.51589	0
11749	-38.24249	-123.67784	-85.43535	76.48498	20.34175	-102.52242	32.5468	8.1367	122.0505	14.64606	-40.6835	-61.83892	0
11750	-23.59643	-112.28646	-85.43535	63.46626	30.10579	-99.26774	23.59643	14.64606	117.98215	17.08707	-43.93818	-71.60296	0
11751	-1.62734	-91.13104	-84.62168	42.31084	41.49717	-89.5037	17.08707	27.66478	113.9138	22.78276	-44.75185	-78.92599	0
11752	14.64606	-71.60296	-80.55333	23.59643	48.8202	-77.29865	13.83239	43.12451	116.35481	30.10579	-40.6835	-78.92599	0
11753	22.78276	-60.21158	-78.11232	14.64606	50.44754	-68.34828	15.45973	56.14323	126.93252	38.24249	-28.47845	-71.60296	0
11754	26.03744	-54.51589	-77.29865	11.39138	52.07488	-65.90727	21.15542	61.83892	139.13757	42.31084	-17.90074	-61.83892	0
11755	20.34175	-57.77057	-75.67131	16.2734	52.07488	-67.53461	29.29212	59.39791	144.01959	39.86983	-13.83239	-51.26121	0
11756	6.50936	-68.34828	-74.85764	28.47845	51.26121	-72.41663	36.61515	56.14323	144.83326	35.80148	-11.39138	-43.93818	0
11757	-4.88202	-83.80801	-79.73966	41.49717	51.26121	-80.55333	42.31084	53.70222	140.76491	32.5468	-11.39138	-43.12451	0
11758	-5.69569	-97.6404	-93.57205	48.8202	55.32956	-89.5037	43.93818	50.44754	131.00087	27.66478	-21.15542	-49.63387	0
11759	3.25468	-103.33609	-108.21811	46.37919	62.65259	-98.45407	39.86983	41.49717	117.98215	24.4101	-34.98781	-61.02525	0
11760	8.1367	-102.52242	-111.47279	43.93818	62.65259	-100.89508	33.36047	30.10579	109.84545	29.29212	-42.31084	-72.41663	0
11761	-4.06835	-106.59077	-102.52242	52.07488	49.63387	-100.89508	29.29212	25.22377	110.65912	40.6835	-43.12451	-79.73966	0
11762	-25.22377	-119.60949	-91.13104	69.97562	32.5468	-100.89508	28.47845	26.03744	118.79582	51.26121	-39.86983	-82.99434	0
11763	-45.56552	-135.06922	-85.43535	89.5037	20.34175	-98.45407	30.10579	33.36047	131.81454	61.83892	-30.91946	-82.99434	0
11764	-52.88855	-138.3239	-81.367	95.19939	14.64606	-93.57205	34.17414	42.31084	146.4606	66.72094	-19.52808	-74.04397	0
11765	-37.42882	-121.23683	-80.55333	78.92599	17.08707	-88.69003	38.24249	47.19286	158.66565	63.46626	-13.01872	-56.9569	0
11766	-4.88202	-95.19939	-88.69003	49.63387	26.03744	-84.62168	43.93818	51.26121	161.92033	57.77057	-6.50936	-43.12451	0
11767	25.22377	-71.60296	-96.82673	24.4101	40.6835	-80.55333	48.8202	52.88855	152.96996	49.63387	-2.44101	-38.24249	0
11768	37.42882	-49.63387	-88.69003	8.1367	45.56552	-69.16195	52.07488	50.44754	140.76491	42.31084	-5.69569	-40.6835	0
11769	28.47845	-31.73313	-65.0936	2.44101	33.36047	-48.00653	55.32956	47.19286	131.81454	40.6835	-14.64606	-47.19286	0
11770	9.76404	-17.08707	-42.31084	1.62734	15.45973	-26.03744	56.14323	46.37919	126.93252	48.00653	-17.90074	-55.32956	0
11771	-5.69569	-6.50936	-24.4101	0.81367	2.44101	-9.76404	56.9569	44.75185	127.74619	61.83892	-17.90074	-60.21158	0
11772	-15.45973	-5.69569	-13.83239	3.25468	-1.62734	-4.88202	56.9569	42.31084	127.74619	74.04397	-12.20505	-59.39791	0
11773	-17.90074	-12.20505	-10.57771	8.95037	-1.62734	-8.95037	56.14323	41.49717	125.30518	82.99434	1.62734	-52.07488	0
11774	-14.64606	-20.34175	-13.83239	13.83239	1.62734	-17.08707	56.14323	43.12451	119.60949	85.43535	17.08707	-41.49717	0
11775	-3.25468	-26.03744	-21.96909	12.20505	13.01872	-26.85111	56.14323	46.37919	111.47279	78.92599	26.03744	-31.73313	0
11776	12.20505	-31.73313	-32.5468	7.32303	30.91946	-39.86983	55.32956	48.8202	105.7771	69.97562	30.10579	-26.03744	0
11777	26.85111	-34.98781	-45.56552	1.62734	45.56552	-49.63387	56.14323	50.44754	101.70875	61.83892	29.29212	-26.85111	0
11778	36.61515	-24.4101	-52.88855	-4.06835	55.32956	-47.19286	60.21158	48.8202	98.45407	53.70222	18.71441	-30.91946	0
11779	40.6835	-1.62734	-52.07488	-10.57771	60.21158	-33.36047	64.27993	46.37919	94.38572	49.63387	4.06835	-36.61515	0
11780	42.31084	16.2734	-45.56552	-16.2734	57.77057	-19.52808	64.27993	46.37919	92.75838	53.70222	-4.06835	-46.37919	0
11781	36.61515	21.15542	-34.17414	-17.90074	45.56552	-5.69569	63.46626	46.37919	97.6404	61.83892	-8.95037	-55.32956	0
11782	26.03744	19.52808	-21.15542	-16.2734	28.47845	4.06835	62.65259	50.44754	109.03178	72.41663	-5.69569	-56.14323	0
11783	19.52808	21.96909	-9.76404	-17.90074	15.45973	9.76404	62.65259	60.21158	123.67784	86.24902	10.57771	-46.37919	0
11784	17.08707	24.4101	-0.81367	-19.52808	7.32303	13.83239	60.21158	67.53461	138.3239	97.6404	31.73313	-30.91946	0
11785	18.71441	23.59643	0	-18.71441	6.50936	17.08707	53.70222	66.72094	147.27427	100.89508	44.75185	-14.64606	0
11786	30.10579	27.66478	-4.06835	-21.96909	13.01872	17.08707	41.49717	52.88855	147.27427	100.08141	52.07488	-2.44101	0
11787	42.31084	35.80148	-7.32303	-32.5468	15.45973	19.52808	22.78276	24.4101	131.00087	95.19939	49.63387	0	0
11788	43.93818	44.75185	0	-45.56552	10.57771	22.78276	0.81367	-9.76404	102.52242	82.99434	32.5468	-5.69569	0
11789	39.86983	53.70222	10.57771	-55.32956	5.69569	24.4101	-17.08707	-39.05616	76.48498	71.60296	11.39138	-17.08707	0
11790	32.5468	58.58424	19.52808	-57.77057	4.06835	26.85111	-29.29212	-56.9569	63.46626	67.53461	0	-30.91946	0
11791	24.4101	55.32956	25.22377	-52.07488	4.06835	26.85111	-35.80148	-61.02525	67.53461	68.34828	-3.25468	-42.31084	0
11792	17.08707	48.00653	28.47845	-42.31084	3.25468	27.66478	-39.05616	-52.07488	84.62168	73.2303	4.06835	-43.12451	0
11793	8.95037	43.93818	34.98781	-31.73313	0	30.10579	-39.86983	-31.73313	104.14976	84.62168	26.85111	-34.17414	0
11794	0	43.12451	44.75185	-21.96909	-6.50936	32.5468	-36.61515	-10.57771	117.98215	93.57205	52.07488	-19.52808	0
11795	-5.69569	42.31084	51.26121	-13.83239	-13.01872	35.80148	-32.5468	0	126.11885	95.19939	66.72094	-3.25468	0
11796	-9.76404	41.49717	52.88855	-9.76404	-18.71441	39.05616	-28.47845	2.44101	124.49151	91.94471	73.2303	8.1367	0
11797	-11.39138	39.86983	47.19286	-9.76404	-21.96909	38.24249	-26.03744	-0.81367	107.40444	84.62168	72.41663	13.01872	0
11798	-11.39138	35.80148	34.98781	-10.57771	-24.4101	32.5468	-26.03744	-13.83239	78.92599	70.78929	56.14323	9.76404	0
11799	-8.95037	30.10579	23.59643	-11.39138	-22.78276	24.4101	-27.66478	-26.03744	51.26121	49.63387	30.91946	0	0
11800	-4.06835	22.78276	13.83239	-11.39138	-16.2734	17.08707	-25.22377	-32.5468	35.80148	28.47845	10.57771	-7.32303	0
11801	3.25468	14.64606	1.62734	-12.20505	-4.88202	7.32303	-21.96909	-33.36047	38.24249	17.90074	-4.06835	-11.39138	0
11802	19.52808	8.1367	-16.2734	-14.64606	14.64606	-4.06835	-17.90074	-33.36047	52.88855	21.15542	-8.1367	-17.08707	0
11803	44.75185	2.44101	-43.93818	-19.52808	38.24249	-21.15542	-13.83239	-32.5468	69.97562	32.5468	4.88202	-22.78276	0
11804	69.16195	-4.06835	-72.41663	-25.22377	56.9569	-37.42882	-8.95037	-29.29212	85.43535	48.00653	27.66478	-21.96909	0
11805	78.11232	-17.08707	-94.38572	-24.4101	69.16195	-51.26121	-5.69569	-22.78276	98.45407	65.0936	43.93818	-16.2734	0
11806	69.16195	-34.17414	-101.70875	-15.45973	70.78929	-60.21158	-4.88202	-17.08707	105.7771	76.48498	55.32956	-10.57771	0
11807	50.44754	-49.63387	-95.19939	-6.50936	61.02525	-65.90727	-4.88202	-8.95037	111.47279	76.48498	55.32956	-9.76404	0
11808	34.17414	-60.21158	-80.55333	0	45.56552	-66.72094	-4.88202	-1.62734	114.72747	67.53461	35.80148	-16.2734	0
11809	22.78276	-61.83892	-65.90727	4.88202	32.5468	-62.65259	1.62734	-0.81367	113.10013	53.70222	7.32303	-24.4101	0
11810	16.2734	-63.46626	-60.21158	13.83239	27.66478	-61.83892	15.45973	-4.88202	105.7771	40.6835	-16.2734	-30.10579	0
11811	9.76404	-78.11232	-66.72094	32.5468	26.85111	-73.2303	30.10579	-12.20505	95.19939	34.17414	-33.36047	-33.36047	0
11812	0	-102.52242	-86.24902	52.88855	33.36047	-95.19939	39.05616	-18.71441	82.99434	27.66478	-39.05616	-40.6835	0
11813	-11.39138	-127.74619	-108.21811	69.16195	47.19286	-121.23683	39.86983	-20.34175	67.53461	21.15542	-30.10579	-49.63387	0
11814	-20.34175	-149.71528	-126.11885	83.80801	61.02525	-144.01959	34.98781	-19.52808	52.07488	17.90074	-13.83239	-54.51589	0
11815	-24.4101	-161.92033	-139.13757	94.38572	68.34828	-157.03831	28.47845	-21.15542	43.93818	18.71441	-3.25468	-54.51589	0
11816	-24.4101	-163.54767	-145.64693	96.01306	70.78929	-158.66565	22.78276	-21.96909	43.12451	18.71441	4.88202	-51.26121	0
11817	-21.96909	-162.734	-148.08794	93.57205	71.60296	-157.85198	17.08707	-25.22377	43.12451	12.20505	4.06835	-50.44754	0
11818	-19.52808	-155.41097	-145.64693	90.31737	71.60296	-152.15629	8.95037	-34.98781	39.05616	0	-17.08707	-57.77057	0
11819	-17.90074	-142.39225	-140.76491	86.24902	72.41663	-140.76491	2.44101	-46.37919	31.73313	-14.64606	-50.44754	-72.41663	0
11820	-17.08707	-132.62821	-132.62821	82.18067	74.04397	-127.74619	0	-52.07488	27.66478	-28.47845	-76.48498	-88.69003	0
11821	-17.08707	-127.74619	-123.67784	78.11232	74.04397	-118.79582	1.62734	-48.8202	28.47845	-34.17414	-91.13104	-103.33609	0
11822	-15.45973	-122.0505	-115.54114	72.41663	70.78929	-113.10013	8.1367	-39.05616	35.80148	-30.91946	-90.31737	-109.03178	0
11823	-10.57771	-116.35481	-111.47279	65.90727	64.27993	-111.47279	17.90074	-25.22377	49.63387	-20.34175	-65.90727	-103.33609	0
11824	-4.88202	-111.47279	-113.9138	61.83892	57.77057	-114.72747	26.85111	-11.39138	61.83892	-4.06835	-31.73313	-87.06269	0
11825	0	-113.10013	-118.79582	58.58424	52.88855	-120.42316	34.17414	0	67.53461	9.76404	-5.69569	-67.53461	0
11826	0	-124.49151	-125.30518	60.21158	51.26121	-129.37353	39.05616	11.39138	69.16195	17.90074	12.20505	-48.8202	0
11827	-8.95037	-144.01959	-132.62821	71.60296	51.26121	-141.57858	43.12451	19.52808	65.0936	17.08707	17.90074	-36.61515	0
11828	-20.34175	-162.734	-139.13757	86.24902	52.07488	-151.34262	43.93818	15.45973	53.70222	7.32303	-1.62734	-38.24249	0
11829	-33.36047	-179.0074	-143.20592	100.08141	50.44754	-155.41097	39.05616	2.44101	36.61515	-5.69569	-37.42882	-55.32956	0
11830	-43.93818	-187.1441	-140.76491	110.65912	46.37919	-157.85198	30.91946	-7.32303	24.4101	-14.64606	-68.34828	-78.92599	0
11831	-52.88855	-185.51676	-130.1872	114.72747	37.42882	-155.41097	25.22377	-14.64606	24.4101	-17.90074	-87.06269	-100.08141	0
11832	-56.14323	-178.19373	-116.35481	113.10013	30.10579	-146.4606	24.4101	-16.2734	36.61515	-15.45973	-89.5037	-111.47279	0
11833	-48.00653	-168.42969	-112.28646	108.21811	32.5468	-139.95124	26.85111	-10.57771	56.14323	-5.69569	-67.53461	-109.03178	0
11834	-34.17414	-163.54767	-122.86417	101.70875	44.75185	-140.76491	31.73313	-3.25468	74.04397	4.06835	-36.61515	-96.82673	0
11835	-22.78276	-165.98868	-138.3239	97.6404	57.77057	-144.83326	34.17414	-3.25468	82.99434	8.1367	-14.64606	-83.80801	0
11836	-11.39138	-165.98868	-152.15629	89.5037	69.16195	-148.90161	34.98781	-6.50936	82.99434	6.50936	-3.25468	-73.2303	0
11837	1.62734	-159.47932	-161.92033	78.11232	76.48498	-152.15629	32.5468	-12.20505	76.48498	1.62734	-4.06835	-68.34828	0
11838	11.39138	-152.15629	-165.17501	68.34828	80.55333	-153.78363	26.85111	-22.78276	61.02525	-7.32303	-26.85111	-72.41663	0
11839	13.01872	-148.08794	-162.734	63.46626	81.367	-153.78363	17.90074	-43.12451	29.29212	-24.4101	-61.83892	-83.80801	0
11840	9.76404	-146.4606	-157.85198	62.65259	78.92599	-152.15629	5.69569	-81.367	-21.96909	-48.00653	-94.38572	-102.52242	0
11841	5.69569	-143.20592	-150.52895	62.65259	75.67131	-148.08794	-5.69569	-136.69656	-92.75838	-70.78929	-121.23683	-120.42316	0
11842	0	-133.44188	-135.06922	61.83892	66.72094	-135.88289	-17.08707	-207.48585	-175.75272	-87.87636	-128.55986	-123.67784	0
11843	-11.39138	-111.47279	-101.70875	58.58424	44.75185	-108.21811	-28.47845	-288.85285	-266.88376	-98.45407	-103.33609	-104.14976	0
11844	-24.4101	-77.29865	-52.88855	49.63387	13.83239	-66.72094	-46.37919	-373.47453	-366.96517	-105.7771	-40.6835	-62.65259	0
11845	-30.10579	-31.73313	-0.81367	30.10579	-13.83239	-17.90074	-71.60296	-455.6552	-476.81062	-112.28646	48.00653	0	0
11846	-23.59643	23.59643	47.19286	-0.81367	-34.98781	33.36047	-109.03178	-545.97257	-599.67479	-124.49151	126.11885	72.41663	0
11847	-10.57771	87.06269	97.6404	-39.86983	-53.70222	91.13104	-156.22464	-658.25903	-738.81236	-144.01959	172.49804	144.01959	0
11848	4.06835	163.54767	157.85198	-86.24902	-76.48498	159.47932	-206.67218	-794.14192	-889.34131	-163.54767	205.85851	210.74053	0
11849	24.4101	259.56073	233.52329	-144.01959	-104.96343	244.91467	-254.67871	-955.24858	-1047.19329	-174.12538	237.59164	278.27514	0
11850	45.56552	376.72921	330.35002	-213.99521	-142.39225	352.31911	-303.49891	-1150.52938	-1217.25032	-176.56639	259.56073	349.8781	0
11851	66.72094	518.30779	449.95951	-294.54854	-192.02612	483.31998	-357.20113	-1371.84762	-1401.95341	-174.12538	301.87157	430.43143	0
11852	91.94471	676.97344	583.40139	-386.49325	-245.72834	629.78058	-422.29473	-1603.74357	-1593.16586	-162.734	391.37527	519.93513	0
11853	118.79582	822.62037	703.82455	-475.99695	-292.9212	762.40879	-513.42577	-1826.68915	-1764.03656	-138.3239	515.05311	615.94819	0
11854	144.01959	931.65215	791.70091	-550.85459	-324.65433	860.04919	-629.78058	-2013.01958	-1885.27339	-90.31737	659.88637	692.43317	0
11855	163.54767	1002.44144	844.58946	-600.48846	-342.55507	921.88811	-745.32172	-2133.44274	-1955.24901	-31.73313	788.44623	730.67566	0
11856	164.36134	1008.9508	847.84414	-602.1158	-343.36874	926.77013	-825.06138	-2170.05789	-1966.64039	6.50936	833.19808	737.99869	0
11857	141.57858	911.3104	771.35916	-537.0222	-315.70396	840.52111	-851.09882	-2115.542	-1894.22376	14.64606	761.59512	705.45189	0
11858	100.89508	705.45189	604.55681	-410.90335	-252.2377	654.19068	-830.75707	-1987.79581	-1747.76316	-8.1367	585.8424	611.06617	0
11859	54.51589	426.36308	370.21985	-244.91467	-157.85198	397.07096	-786.00522	-1817.73878	-1570.3831	-85.43535	319.77231	459.72355	0
11860	6.50936	126.11885	117.98215	-69.16195	-55.32956	120.42316	-742.06704	-1635.4767	-1414.15846	-235.15063	1.62734	274.20679	0
11861	-36.61515	-141.57858	-104.96343	87.06269	33.36047	-124.49151	-711.14758	-1462.97866	-1314.07705	-449.14584	-288.85285	101.70875	0
11862	-68.34828	-346.62342	-279.90248	206.67218	104.96343	-314.07662	-692.43317	-1309.19503	-1272.57988	-670.46408	-490.64301	-18.71441	0
11863	-82.99434	-484.94732	-403.58032	283.97083	160.29299	-445.07749	-676.97344	-1164.36177	-1260.37483	-839.70744	-587.46974	-91.13104	0
11864	-83.80801	-568.75533	-479.25163	326.28167	200.16282	-522.37614	-653.37701	-1019.52851	-1241.66042	-946.29821	-585.02873	-131.00087	0
11865	-77.29865	-611.87984	-518.30779	344.18241	228.64127	-558.99129	-617.57553	-869.81323	-1189.58554	-988.60905	-519.12146	-147.27427	0
11866	-65.90727	-622.45755	-535.39486	343.36874	246.54201	-571.19634	-565.50065	-715.21593	-1092.75881	-965.01262	-445.07749	-152.15629	0
11867	-48.00653	-604.55681	-539.46321	323.84066	260.3744	-564.68698	-496.3387	-560.61863	-956.87592	-890.15498	-396.25729	-153.78363	0
11868	-20.34175	-567.94166	-536.20853	291.29386	270.95211	-548.41358	-417.41271	-419.04005	-799.83761	-786.00522	-376.72921	-154.5973	0
11869	3.25468	-528.07183	-528.07183	258.74706	275.02046	-526.44449	-337.67305	-301.0579	-640.35829	-676.15977	-374.2882	-159.47932	0
11870	17.90074	-490.64301	-508.54375	232.70962	267.69743	-500.40705	-262.81541	-212.36787	-493.89769	-571.19634	-370.21985	-162.734	0
11871	23.59643	-457.28254	-480.0653	215.62255	251.42403	-469.48759	-200.97649	-149.71528	-367.77884	-472.74227	-357.20113	-164.36134	0
11872	17.08707	-434.49978	-445.89116	207.48585	226.20026	-441.00914	-156.22464	-107.40444	-263.62908	-384.86591	-327.90901	-167.61602	0
11873	-1.62734	-419.85372	-410.90335	201.79016	197.72181	-416.59904	-121.23683	-74.04397	-174.93905	-307.56726	-269.32477	-165.17501	0
11874	-24.4101	-400.32564	-375.10187	195.2808	173.31171	-388.93426	-91.13104	-39.86983	-96.82673	-235.9643	-180.63474	-148.08794	0
11875	-42.31084	-372.66086	-336.04571	190.39878	148.90161	-356.38746	-61.83892	-2.44101	-30.91946	-171.68437	-82.99434	-125.30518	0
11876	-52.88855	-340.92773	-294.54854	183.07575	122.86417	-318.95864	-34.17414	34.98781	19.52808	-122.0505	-14.64606	-107.40444	0
11877	-52.07488	-304.31258	-257.93339	169.24336	104.96343	-282.34349	-7.32303	68.34828	55.32956	-92.75838	6.50936	-91.94471	0
11878	-35.80148	-260.3744	-228.64127	142.39225	97.6404	-245.72834	16.2734	94.38572	81.367	-75.67131	-15.45973	-80.55333	0
11879	-10.57771	-209.11319	-201.79016	106.59077	96.01306	-207.48585	37.42882	113.10013	106.59077	-65.0936	-60.21158	-81.367	0
11880	7.32303	-165.17501	-174.93905	76.48498	91.13104	-173.31171	52.07488	127.74619	135.88289	-57.77057	-96.82673	-91.94471	0
11881	10.57771	-134.25555	-146.4606	59.39791	78.11232	-146.4606	61.83892	144.01959	168.42969	-42.31084	-117.98215	-104.14976	0
11882	3.25468	-116.35481	-121.23683	55.32956	61.83892	-126.11885	72.41663	165.98868	199.34915	-17.08707	-113.10013	-107.40444	0
11883	-9.76404	-113.9138	-104.96343	61.83892	47.19286	-112.28646	85.43535	192.02612	224.57292	14.64606	-74.04397	-95.19939	0
11884	-23.59643	-123.67784	-100.08141	73.2303	38.24249	-104.14976	98.45407	215.62255	240.03265	47.19286	-21.15542	-73.2303	0
11885	-28.47845	-129.37353	-100.89508	78.92599	35.80148	-101.70875	112.28646	230.26861	246.54201	74.04397	18.71441	-47.19286	0
11886	-19.52808	-125.30518	-104.96343	71.60296	42.31084	-103.33609	122.86417	229.45494	247.35568	88.69003	44.75185	-26.85111	0
11887	-3.25468	-114.72747	-110.65912	56.9569	52.88855	-104.96343	123.67784	217.24989	240.84632	87.06269	47.19286	-20.34175	0
11888	13.83239	-103.33609	-113.9138	43.12451	63.46626	-102.52242	117.98215	200.97649	225.38659	74.04397	17.08707	-26.03744	0
11889	28.47845	-92.75838	-111.47279	33.36047	68.34828	-94.38572	109.03178	186.33043	205.85851	55.32956	-27.66478	-40.6835	0
11890	37.42882	-82.18067	-105.7771	26.85111	66.72094	-84.62168	96.82673	173.31171	192.83979	34.98781	-65.90727	-53.70222	0
11891	35.80148	-77.29865	-97.6404	27.66478	56.9569	-78.11232	87.87636	165.17501	192.02612	24.4101	-88.69003	-59.39791	0
11892	26.85111	-78.92599	-91.13104	34.17414	48.00653	-78.11232	89.5037	168.42969	205.85851	30.91946	-83.80801	-60.21158	0
11893	16.2734	-84.62168	-91.13104	40.6835	45.56552	-84.62168	104.14976	180.63474	231.08228	47.19286	-63.46626	-54.51589	0
11894	10.57771	-93.57205	-97.6404	44.75185	48.00653	-95.19939	123.67784	192.83979	257.11972	60.21158	-46.37919	-39.05616	0
11895	9.76404	-104.14976	-111.47279	48.00653	54.51589	-109.03178	139.95124	203.4175	272.57945	68.34828	-26.85111	-26.85111	0
11896	12.20505	-115.54114	-127.74619	50.44754	63.46626	-123.67784	144.01959	204.23117	271.76578	63.46626	-45.56552	-35.80148	0
11897	13.83239	-122.0505	-137.51023	51.26121	71.60296	-131.81454	138.3239	197.72181	262.81541	52.88855	-91.13104	-59.39791	0
11898	14.64606	-116.35481	-134.25555	47.19286	71.60296	-126.93252	127.74619	196.09447	257.11972	53.70222	-99.26774	-74.04397	0
11899	13.83239	-102.52242	-119.60949	40.6835	65.90727	-113.10013	117.16848	201.79016	257.93339	65.90727	-66.72094	-70.78929	0
11900	11.39138	-89.5037	-104.14976	34.17414	57.77057	-98.45407	109.03178	209.92686	262.81541	80.55333	-21.96909	-56.9569	0
11901	8.1367	-77.29865	-88.69003	30.10579	48.00653	-84.62168	105.7771	218.87723	269.32477	93.57205	16.2734	-42.31084	0
11902	8.95037	-66.72094	-78.92599	27.66478	43.93818	-73.2303	105.7771	224.57292	272.57945	97.6404	26.85111	-34.17414	0
11903	17.08707	-58.58424	-78.92599	26.03744	46.37919	-69.16195	107.40444	227.8276	270.13844	90.31737	-2.44101	-36.61515	0
11904	25.22377	-57.77057	-83.80801	25.22377	48.00653	-71.60296	113.10013	229.45494	266.07009	77.29865	-50.44754	-51.26121	0
11905	25.22377	-63.46626	-90.31737	27.66478	48.8202	-78.92599	122.0505	228.64127	266.07009	68.34828	-89.5037	-70.78929	0
11906	16.2734	-71.60296	-95.19939	34.98781	48.00653	-87.06269	130.1872	227.01393	268.5111	65.90727	-106.59077	-85.43535	0
11907	7.32303	-79.73966	-91.13104	43.12451	46.37919	-90.31737	137.51023	227.01393	275.83413	69.16195	-95.19939	-86.24902	0
11908	0.81367	-84.62168	-77.29865	51.26121	42.31084	-87.87636	144.01959	231.89595	287.22551	77.29865	-53.70222	-71.60296	0
11909	-4.06835	-85.43535	-61.83892	52.88855	35.80148	-83.80801	149.71528	241.65999	299.43056	91.13104	1.62734	-44.75185	0
11910	-2.44101	-82.99434	-55.32956	43.12451	33.36047	-77.29865	155.41097	252.2377	303.49891	102.52242	49.63387	-19.52808	0
11911	5.69569	-77.29865	-60.21158	30.91946	37.42882	-71.60296	159.47932	260.3744	297.80322	109.03178	78.11232	-4.88202	0
11912	13.83239	-69.16195	-66.72094	21.15542	43.12451	-67.53461	161.92033	262.00174	283.97083	108.21811	75.67131	-0.81367	0
11913	21.15542	-60.21158	-70.78929	13.01872	47.19286	-62.65259	161.10666	261.18807	267.69743	99.26774	37.42882	-8.1367	0
11914	25.22377	-52.07488	-70.78929	8.1367	48.00653	-58.58424	157.85198	264.44275	257.93339	87.87636	-14.64606	-26.03744	0
11915	26.85111	-42.31084	-65.90727	8.1367	46.37919	-52.88855	152.96996	270.13844	265.25642	82.99434	-54.51589	-45.56552	0
11916	30.10579	-27.66478	-55.32956	10.57771	41.49717	-40.6835	148.08794	274.20679	283.97083	87.87636	-70.78929	-57.77057	0
11917	34.98781	-12.20505	-42.31084	7.32303	34.98781	-26.85111	145.64693	278.27514	299.43056	98.45407	-56.14323	-58.58424	0
11918	39.05616	-1.62734	-34.98781	-1.62734	33.36047	-19.52808	144.83326	284.7845	308.38093	111.47279	-15.45973	-48.8202	0
11919	37.42882	2.44101	-34.98781	-11.39138	35.80148	-17.90074	142.39225	293.73487	312.44928	122.86417	33.36047	-31.73313	0
11920	27.66478	3.25468	-39.05616	-19.52808	39.05616	-19.52808	141.57858	303.49891	310.82194	129.37353	74.85764	-14.64606	0
11921	23.59643	-4.88202	-46.37919	-22.78276	42.31084	-26.85111	139.13757	310.82194	306.75359	126.11885	98.45407	-4.06835	0
11922	24.4101	-21.96909	-53.70222	-20.34175	40.6835	-37.42882	135.06922	314.07662	305.12625	114.72747	95.19939	-2.44101	0
11923	23.59643	-35.80148	-56.14323	-13.83239	37.42882	-43.12451	131.81454	311.63561	309.1946	100.89508	64.27993	-9.76404	0
11924	22.78276	-35.80148	-56.9569	-10.57771	39.05616	-42.31084	131.00087	308.38093	317.3313	89.5037	16.2734	-24.4101	0
11925	22.78276	-24.4101	-59.39791	-16.2734	46.37919	-39.05616	131.00087	310.00827	327.09534	83.80801	-26.85111	-42.31084	0
11926	24.4101	-10.57771	-56.14323	-23.59643	50.44754	-31.73313	131.00087	318.95864	333.6047	83.80801	-52.07488	-53.70222	0
11927	23.59643	0	-43.93818	-23.59643	43.12451	-21.96909	131.81454	330.35002	333.6047	89.5037	-46.37919	-55.32956	0
11928	17.08707	8.95037	-26.85111	-18.71441	28.47845	-12.20505	135.06922	340.92773	327.90901	100.08141	-8.95037	-43.93818	0
11929	10.57771	16.2734	-10.57771	-14.64606	14.64606	-2.44101	139.95124	350.69177	323.84066	113.10013	43.12451	-21.96909	0
11930	6.50936	16.2734	-1.62734	-13.83239	4.88202	1.62734	142.39225	359.64214	323.02699	123.67784	87.06269	0.81367	0
11931	4.06835	5.69569	-4.06835	-13.01872	0.81367	-2.44101	139.95124	368.59251	323.02699	130.1872	109.03178	13.83239	0
11932	4.88202	-3.25468	-11.39138	-9.76404	-1.62734	-8.95037	135.88289	373.47453	321.39965	131.00087	101.70875	14.64606	0
11933	4.88202	-7.32303	-14.64606	-1.62734	-3.25468	-11.39138	133.44188	371.03352	316.51763	123.67784	63.46626	4.06835	0
11934	-3.25468	-8.95037	-5.69569	8.1367	-8.95037	-7.32303	135.06922	365.33783	311.63561	112.28646	13.01872	-12.20505	0
11935	-16.2734	-1.62734	15.45973	12.20505	-22.78276	5.69569	140.76491	366.1515	312.44928	104.96343	-23.59643	-26.03744	0
11936	-26.03744	19.52808	45.56552	4.88202	-39.86983	32.5468	148.08794	374.2882	320.58598	102.52242	-37.42882	-30.10579	0
11937	-25.22377	48.8202	74.04397	-11.39138	-51.26121	61.02525	153.78363	386.49325	331.97736	104.96343	-22.78276	-21.15542	0
11938	-14.64606	77.29865	90.31737	-31.73313	-52.88855	82.99434	157.85198	400.32564	344.18241	113.10013	19.52808	-2.44101	0
11939	-2.44101	96.82673	96.01306	-48.8202	-48.8202	95.19939	159.47932	414.15803	354.76012	126.11885	75.67131	20.34175	0
11940	7.32303	105.7771	95.19939	-59.39791	-43.12451	99.26774	157.85198	427.17675	360.45581	139.13757	122.86417	43.93818	0
11941	19.52808	111.47279	91.94471	-68.34828	-34.17414	101.70875	156.22464	438.56813	362.08315	150.52895	152.15629	62.65259	0
11942	36.61515	116.35481	90.31737	-78.92599	-20.34175	105.7771	157.85198	449.95951	362.08315	157.03831	157.03831	71.60296	0
11943	52.88855	122.86417	90.31737	-91.94471	-10.57771	112.28646	161.10666	461.35089	360.45581	154.5973	132.62821	70.78929	0
11944	55.32956	130.1872	96.01306	-97.6404	-13.01872	119.60949	160.29299	471.11493	355.57379	144.83326	90.31737	61.02525	0
11945	43.12451	135.06922	107.40444	-93.57205	-26.85111	125.30518	155.41097	472.74227	349.06443	128.55986	45.56552	43.12451	0
11946	27.66478	139.13757	120.42316	-87.06269	-43.93818	131.81454	148.90161	470.30126	342.55507	113.9138	13.83239	23.59643	0
11947	17.90074	152.96996	138.3239	-88.69003	-58.58424	146.4606	144.83326	468.67392	339.30039	109.84545	12.20505	14.64606	0
11948	13.01872	176.56639	157.03831	-96.82673	-74.04397	168.42969	145.64693	473.55594	338.48672	120.42316	48.8202	21.15542	0
11949	10.57771	202.60383	171.68437	-106.59077	-88.69003	193.65346	149.71528	483.31998	336.04571	137.51023	103.33609	39.86983	0
11950	18.71441	226.20026	183.07575	-116.35481	-93.57205	213.99521	149.71528	491.45668	324.65433	150.52895	150.52895	65.0936	0
11951	31.73313	240.03265	189.58511	-131.00087	-88.69003	224.57292	143.20592	489.01567	305.93992	153.78363	178.19373	87.06269	0
11952	40.6835	244.91467	192.83979	-145.64693	-82.18067	226.20026	131.81454	475.99695	288.85285	147.27427	179.82107	99.26774	0
11953	43.93818	246.54201	190.39878	-153.78363	-78.92599	222.94558	119.60949	461.35089	274.20679	135.88289	154.5973	102.52242	0
11954	42.31084	247.35568	185.51676	-153.78363	-78.11232	219.6909	108.21811	451.58685	262.00174	122.86417	117.16848	96.82673	0
11955	39.86983	245.72834	183.07575	-154.5973	-78.92599	217.24989	98.45407	446.70483	250.61036	112.28646	84.62168	88.69003	0
11956	37.42882	245.72834	188.77144	-159.47932	-81.367	218.87723	91.13104	443.45015	239.21898	103.33609	66.72094	83.80801	0
11957	39.05616	257.11972	204.23117	-165.17501	-85.43535	231.08228	87.06269	441.00914	231.08228	97.6404	69.97562	89.5037	0
11958	44.75185	279.90248	232.70962	-170.05703	-97.6404	255.49238	83.80801	438.56813	222.94558	100.08141	94.38572	104.96343	0
11959	48.00653	301.87157	266.07009	-172.49804	-115.54114	282.34349	78.11232	433.68611	212.36787	102.52242	131.81454	126.93252	0
11960	48.00653	321.39965	296.17588	-176.56639	-128.55986	305.93992	71.60296	423.92207	196.90814	100.89508	166.80235	146.4606	0
11961	48.00653	344.18241	320.58598	-187.95777	-136.69656	327.09534	67.53461	412.53069	179.0074	93.57205	189.58511	161.10666	0
11962	49.63387	370.21985	341.7414	-202.60383	-145.64693	350.69177	68.34828	404.39399	160.29299	84.62168	195.2808	168.42969	0
11963	50.44754	397.88463	361.26948	-214.80888	-156.22464	375.91554	74.04397	398.6983	143.20592	73.2303	179.0074	166.80235	0
11964	46.37919	420.66739	380.79756	-223.75925	-167.61602	397.88463	78.11232	388.93426	122.86417	57.77057	144.83326	157.03831	0
11965	36.61515	433.68611	398.6983	-227.01393	-181.44841	414.15803	78.92599	372.66086	96.82673	40.6835	110.65912	143.20592	0
11966	24.4101	438.56813	412.53069	-227.01393	-192.02612	424.73574	76.48498	351.50544	66.72094	24.4101	88.69003	134.25555	0
11967	15.45973	438.56813	422.29473	-224.57292	-196.09447	429.61776	71.60296	327.09534	33.36047	13.01872	87.87636	134.25555	0
11968	15.45973	436.94079	424.73574	-225.38659	-196.09447	431.2451	62.65259	302.68524	-2.44101	5.69569	106.59077	144.83326	0
11969	21.15542	433.68611	421.48106	-229.45494	-193.65346	429.61776	49.63387	280.71615	-39.86983	-1.62734	137.51023	161.92033	0
11970	25.22377	432.87244	415.78537	-231.08228	-192.02612	426.36308	36.61515	264.44275	-72.41663	-8.1367	165.98868	180.63474	0
11971	24.4101	436.94079	414.15803	-229.45494	-193.65346	422.29473	25.22377	251.42403	-97.6404	-13.83239	186.33043	196.90814	0
11972	22.78276	445.07749	417.41271	-230.26861	-196.90814	418.22638	15.45973	233.52329	-117.16848	-21.96909	192.02612	205.04484	0
11973	30.91946	453.21419	416.59904	-235.15063	-192.83979	417.41271	4.06835	204.23117	-135.88289	-36.61515	174.93905	203.4175	0
11974	49.63387	458.90988	407.64867	-242.47366	-177.38006	417.41271	-6.50936	164.36134	-149.71528	-50.44754	139.95124	194.46713	0
11975	67.53461	458.90988	398.6983	-248.98302	-160.29299	414.15803	-11.39138	126.93252	-160.29299	-62.65259	104.96343	181.44841	0
11976	69.16195	449.14584	391.37527	-248.16935	-153.78363	407.64867	-8.95037	100.08141	-165.98868	-73.2303	84.62168	172.49804	0
11977	54.51589	429.61776	384.86591	-240.03265	-158.66565	398.6983	-3.25468	87.06269	-166.80235	-81.367	85.43535	170.8707	0
11978	32.5468	403.58032	380.79756	-229.45494	-171.68437	387.30692	0	79.73966	-170.8707	-84.62168	103.33609	173.31171	0
11979	16.2734	383.23857	382.4249	-220.50457	-187.1441	375.91554	-5.69569	69.97562	-182.26208	-84.62168	129.37353	179.82107	0
11980	6.50936	375.91554	386.49325	-212.36787	-197.72181	367.77884	-20.34175	56.14323	-202.60383	-82.18067	152.15629	187.1441	0
11981	1.62734	375.91554	385.67958	-209.11319	-196.90814	366.1515	-37.42882	39.86983	-227.8276	-81.367	165.17501	190.39878	0
11982	0	379.98389	380.79756	-209.11319	-186.33043	368.59251	-52.07488	21.96909	-246.54201	-81.367	159.47932	186.33043	0
11983	0	379.98389	378.35655	-206.67218	-175.75272	371.84719	-59.39791	4.88202	-256.30605	-86.24902	131.81454	174.12538	0
11984	0	369.40618	372.66086	-196.90814	-170.8707	375.91554	-60.21158	-12.20505	-259.56073	-95.19939	91.13104	153.78363	0
11985	-0.81367	353.13278	362.08315	-185.51676	-169.24336	374.2882	-52.88855	-27.66478	-259.56073	-104.96343	54.51589	133.44188	0
11986	0	336.85938	347.43709	-171.68437	-166.80235	361.26948	-40.6835	-40.6835	-258.74706	-111.47279	30.91946	117.16848	0
11987	0.81367	325.468	331.97736	-157.85198	-161.92033	343.36874	-31.73313	-52.88855	-259.56073	-115.54114	26.03744	105.7771	0
11988	1.62734	314.07662	314.89029	-147.27427	-155.41097	322.21332	-27.66478	-64.27993	-259.56073	-116.35481	39.05616	100.89508	0
11989	1.62734	300.24423	297.80322	-141.57858	-148.08794	301.87157	-31.73313	-74.04397	-258.74706	-113.10013	59.39791	101.70875	0
11990	3.25468	288.03918	281.52982	-139.95124	-139.95124	283.97083	-38.24249	-82.18067	-257.93339	-107.40444	74.04397	103.33609	0
11991	6.50936	273.39312	263.62908	-137.51023	-129.37353	266.88376	-43.12451	-87.87636	-254.67871	-100.08141	76.48498	100.08141	0
11992	8.95037	255.49238	242.47366	-131.00087	-117.98215	248.16935	-46.37919	-95.19939	-246.54201	-93.57205	69.16195	91.94471	0
11993	8.1367	231.89595	220.50457	-120.42316	-106.59077	226.20026	-47.19286	-100.08141	-232.70962	-87.87636	49.63387	78.11232	0
11994	4.88202	207.48585	198.53548	-109.03178	-95.19939	202.60383	-40.6835	-97.6404	-209.92686	-80.55333	23.59643	59.39791	0
11995	0	186.33043	175.75272	-99.26774	-83.80801	180.63474	-30.10579	-90.31737	-182.26208	-71.60296	-0.81367	41.49717	0
11996	-2.44101	165.98868	156.22464	-88.69003	-74.04397	161.10666	-22.78276	-82.99434	-157.03831	-64.27993	-19.52808	27.66478	0
11997	-3.25468	145.64693	138.3239	-77.29865	-65.90727	140.76491	-19.52808	-78.11232	-139.95124	-59.39791	-26.03744	17.08707	0
11998	-3.25468	125.30518	126.93252	-61.83892	-59.39791	124.49151	-17.90074	-73.2303	-129.37353	-58.58424	-17.08707	14.64606	0
11999	-5.69569	109.03178	127.74619	-44.75185	-55.32956	116.35481	-14.64606	-69.97562	-121.23683	-54.51589	3.25468	22.78276	0
12000	-9.76404	99.26774	131.00087	-31.73313	-56.9569	113.10013	-8.1367	-66.72094	-114.72747	-47.19286	24.4101	33.36047	0
12001	-12.20505	88.69003	119.60949	-21.15542	-55.32956	103.33609	-3.25468	-61.02525	-110.65912	-37.42882	36.61515	37.42882	0
12002	-10.57771	71.60296	94.38572	-13.83239	-46.37919	82.99434	-0.81367	-55.32956	-108.21811	-30.10579	34.98781	33.36047	0
12003	-9.76404	50.44754	68.34828	-7.32303	-37.42882	60.21158	0	-52.07488	-104.14976	-26.03744	16.2734	20.34175	0
12004	-9.76404	31.73313	49.63387	-0.81367	-31.73313	41.49717	0	-50.44754	-96.82673	-23.59643	-9.76404	1.62734	0
12005	-8.95037	18.71441	34.98781	2.44101	-28.47845	26.85111	0	-48.8202	-83.80801	-23.59643	-37.42882	-16.2734	0
12006	-6.50936	9.76404	21.15542	3.25468	-22.78276	15.45973	-2.44101	-46.37919	-68.34828	-26.03744	-59.39791	-33.36047	0
12007	-1.62734	5.69569	6.50936	0	-13.01872	7.32303	-6.50936	-42.31084	-52.07488	-26.85111	-61.83892	-43.93818	0
12008	4.06835	6.50936	-7.32303	-4.88202	-0.81367	2.44101	-8.1367	-36.61515	-37.42882	-21.96909	-43.12451	-46.37919	0
12009	8.1367	3.25468	-19.52808	-7.32303	8.95037	-3.25468	-4.88202	-30.91946	-26.03744	-13.83239	-14.64606	-40.6835	0
12010	7.32303	-6.50936	-29.29212	-2.44101	15.45973	-14.64606	1.62734	-24.4101	-17.90074	-2.44101	7.32303	-29.29212	0
12011	3.25468	-21.96909	-36.61515	6.50936	18.71441	-26.85111	9.76404	-20.34175	-8.95037	8.95037	21.96909	-16.2734	0
12012	-5.69569	-34.98781	-39.86983	21.96909	15.45973	-38.24249	16.2734	-18.71441	0.81367	20.34175	26.85111	-5.69569	0
12013	-18.71441	-43.12451	-42.31084	37.42882	11.39138	-48.8202	17.90074	-17.08707	11.39138	26.03744	17.08707	0	0
12014	-28.47845	-48.8202	-47.19286	48.8202	12.20505	-56.9569	15.45973	-11.39138	20.34175	26.03744	-4.06835	-0.81367	0
12015	-32.5468	-45.56552	-51.26121	56.14323	20.34175	-56.14323	10.57771	-2.44101	26.03744	23.59643	-27.66478	-7.32303	0
12016	-29.29212	-35.80148	-47.19286	60.21158	23.59643	-47.19286	7.32303	2.44101	29.29212	21.15542	-43.12451	-17.90074	0
12017	-30.91946	-32.5468	-36.61515	61.02525	13.01872	-36.61515	6.50936	2.44101	30.91946	18.71441	-43.12451	-27.66478	0
12018	-39.86983	-37.42882	-29.29212	61.02525	-2.44101	-29.29212	8.1367	0	31.73313	17.08707	-26.85111	-30.91946	0
12019	-43.93818	-41.49717	-24.4101	55.32956	-13.01872	-26.85111	13.01872	-0.81367	33.36047	17.08707	-2.44101	-29.29212	0
12020	-41.49717	-42.31084	-22.78276	44.75185	-13.01872	-26.85111	17.08707	0	38.24249	21.96909	18.71441	-21.96909	0
12021	-34.98781	-39.86983	-25.22377	32.5468	-8.1367	-28.47845	19.52808	4.06835	45.56552	29.29212	33.36047	-12.20505	0
12022	-24.4101	-37.42882	-27.66478	24.4101	-7.32303	-30.10579	19.52808	8.95037	55.32956	35.80148	34.98781	-6.50936	0
12023	-12.20505	-38.24249	-26.03744	21.96909	-10.57771	-31.73313	16.2734	13.83239	65.90727	39.86983	21.15542	-8.1367	0
12024	-3.25468	-39.05616	-21.15542	21.15542	-13.83239	-34.17414	11.39138	18.71441	76.48498	40.6835	-1.62734	-16.2734	0
12025	-4.06835	-41.49717	-17.90074	25.22377	-11.39138	-39.86983	4.88202	23.59643	82.18067	39.05616	-25.22377	-28.47845	0
12026	-13.01872	-45.56552	-21.15542	34.17414	-6.50936	-48.00653	-1.62734	25.22377	83.80801	34.17414	-44.75185	-42.31084	0
12027	-21.15542	-50.44754	-31.73313	43.93818	0	-56.9569	-7.32303	23.59643	85.43535	30.10579	-52.88855	-53.70222	0
12028	-29.29212	-58.58424	-43.93818	53.70222	8.1367	-67.53461	-9.76404	21.96909	87.87636	27.66478	-46.37919	-59.39791	0
12029	-36.61515	-70.78929	-52.07488	61.83892	17.08707	-74.85764	-6.50936	22.78276	91.13104	30.91946	-29.29212	-55.32956	0
12030	-36.61515	-84.62168	-57.77057	61.83892	22.78276	-76.48498	0.81367	26.85111	96.01306	39.86983	-8.1367	-42.31084	0
12031	-31.73313	-91.94471	-61.83892	59.39791	24.4101	-75.67131	11.39138	33.36047	100.08141	48.00653	8.1367	-30.10579	0
12032	-22.78276	-91.13104	-65.0936	52.88855	27.66478	-74.04397	15.45973	39.05616	103.33609	52.88855	14.64606	-26.03744	0
12033	-12.20505	-82.18067	-67.53461	43.12451	30.91946	-69.97562	11.39138	39.86983	101.70875	53.70222	10.57771	-33.36047	0
12034	-4.06835	-71.60296	-69.97562	32.5468	35.80148	-66.72094	8.1367	34.98781	96.82673	50.44754	-3.25468	-43.93818	0
12035	0.81367	-67.53461	-74.85764	26.85111	41.49717	-69.16195	12.20505	30.91946	96.01306	47.19286	-18.71441	-49.63387	0
12036	4.06835	-68.34828	-76.48498	26.03744	42.31084	-69.97562	21.96909	29.29212	103.33609	47.19286	-30.10579	-51.26121	0
12037	0	-74.85764	-72.41663	30.10579	37.42882	-69.97562	29.29212	29.29212	113.10013	45.56552	-36.61515	-55.32956	0
12038	-11.39138	-82.99434	-66.72094	39.86983	27.66478	-70.78929	30.10579	27.66478	118.79582	42.31084	-36.61515	-58.58424	0
12039	-21.96909	-86.24902	-60.21158	48.8202	18.71441	-69.97562	26.85111	26.03744	118.79582	39.86983	-29.29212	-56.9569	0
12040	-33.36047	-86.24902	-51.26121	55.32956	8.1367	-66.72094	25.22377	26.85111	117.16848	39.86983	-17.90074	-47.19286	0
12041	-33.36047	-78.11232	-45.56552	52.88855	4.88202	-60.21158	26.03744	30.10579	113.10013	39.86983	-8.95037	-38.24249	0
12042	-15.45973	-65.0936	-50.44754	39.05616	16.2734	-52.88855	25.22377	34.98781	108.21811	38.24249	-4.88202	-35.80148	0
12043	7.32303	-52.88855	-61.83892	21.15542	34.17414	-45.56552	20.34175	39.86983	100.89508	35.80148	-6.50936	-38.24249	0
12044	26.03744	-41.49717	-69.16195	6.50936	47.19286	-43.12451	15.45973	45.56552	96.01306	32.5468	-13.83239	-43.12451	0
12045	32.5468	-35.80148	-69.97562	0	51.26121	-48.8202	13.01872	49.63387	96.82673	28.47845	-25.22377	-48.00653	0
12046	26.85111	-43.12451	-71.60296	6.50936	49.63387	-60.21158	12.20505	50.44754	101.70875	25.22377	-35.80148	-55.32956	0
12047	9.76404	-61.83892	-74.85764	24.4101	43.12451	-74.04397	13.83239	48.8202	107.40444	20.34175	-40.6835	-64.27993	0
12048	-13.83239	-82.99434	-78.92599	47.19286	29.29212	-87.06269	17.08707	49.63387	112.28646	17.90074	-36.61515	-69.16195	0
12049	-36.61515	-96.82673	-83.80801	65.0936	13.83239	-97.6404	22.78276	53.70222	116.35481	18.71441	-27.66478	-68.34828	0
12050	-44.75185	-101.70875	-87.87636	71.60296	7.32303	-100.89508	30.91946	59.39791	121.23683	22.78276	-15.45973	-61.83892	0
12051	-33.36047	-97.6404	-90.31737	64.27993	16.2734	-97.6404	38.24249	64.27993	124.49151	30.10579	-2.44101	-52.07488	0
12052	-12.20505	-87.87636	-92.75838	49.63387	29.29212	-91.94471	42.31084	66.72094	126.93252	35.80148	0	-43.12451	0
12053	3.25468	-82.18067	-94.38572	38.24249	38.24249	-87.87636	42.31084	67.53461	129.37353	34.98781	-11.39138	-43.93818	0
12054	7.32303	-82.18067	-92.75838	35.80148	39.86983	-86.24902	40.6835	66.72094	132.62821	30.91946	-31.73313	-52.88855	0
12055	0.81367	-87.87636	-89.5037	41.49717	37.42882	-87.87636	38.24249	65.0936	135.06922	27.66478	-49.63387	-65.0936	0
12056	-9.76404	-96.01306	-86.24902	51.26121	33.36047	-90.31737	38.24249	65.90727	139.13757	26.85111	-60.21158	-74.04397	0
12057	-26.85111	-105.7771	-84.62168	64.27993	30.91946	-92.75838	39.86983	69.16195	144.83326	27.66478	-65.90727	-78.11232	0
12058	-46.37919	-115.54114	-87.87636	79.73966	32.5468	-94.38572	39.05616	70.78929	146.4606	26.85111	-65.90727	-78.92599	0
12059	-54.51589	-120.42316	-91.94471	86.24902	36.61515	-96.82673	34.98781	68.34828	143.20592	25.22377	-61.83892	-78.11232	0
12060	-40.6835	-113.10013	-95.19939	74.85764	41.49717	-96.82673	31.73313	64.27993	139.13757	24.4101	-52.88855	-74.85764	0
12061	-23.59643	-100.08141	-91.94471	60.21158	46.37919	-91.13104	30.91946	61.02525	136.69656	26.03744	-42.31084	-68.34828	0
12062	-16.2734	-87.87636	-82.18067	49.63387	48.8202	-82.18067	33.36047	60.21158	136.69656	29.29212	-34.98781	-61.83892	0
12063	-13.83239	-79.73966	-77.29865	41.49717	50.44754	-76.48498	36.61515	61.83892	139.13757	30.91946	-35.80148	-56.9569	0
12064	-9.76404	-79.73966	-79.73966	36.61515	50.44754	-78.92599	39.05616	62.65259	141.57858	27.66478	-43.12451	-56.14323	0
12065	-4.06835	-87.87636	-85.43535	34.17414	48.00653	-86.24902	39.05616	64.27993	148.08794	24.4101	-51.26121	-62.65259	0
12066	0	-94.38572	-92.75838	34.17414	48.00653	-92.75838	44.75185	74.85764	159.47932	26.85111	-52.88855	-69.16195	0
12067	8.1367	-96.82673	-96.01306	31.73313	51.26121	-93.57205	56.14323	91.94471	175.75272	39.05616	-45.56552	-69.16195	0
12068	16.2734	-99.26774	-96.01306	26.03744	53.70222	-89.5037	68.34828	109.03178	190.39878	54.51589	-28.47845	-61.83892	0
12069	22.78276	-102.52242	-92.75838	26.85111	52.07488	-87.06269	72.41663	117.16848	197.72181	64.27993	-11.39138	-51.26121	0
12070	23.59643	-104.96343	-84.62168	38.24249	40.6835	-85.43535	63.46626	113.10013	196.90814	65.0936	-3.25468	-44.75185	0
12071	20.34175	-102.52242	-79.73966	48.00653	33.36047	-84.62168	42.31084	98.45407	189.58511	56.9569	-6.50936	-47.19286	0
12072	17.08707	-100.89508	-86.24902	49.63387	38.24249	-89.5037	13.83239	81.367	174.93905	39.86983	-24.4101	-60.21158	0
12073	18.71441	-102.52242	-102.52242	47.19286	52.07488	-99.26774	-11.39138	67.53461	149.71528	17.90074	-52.88855	-78.11232	0
12074	18.71441	-104.14976	-114.72747	44.75185	62.65259	-108.21811	-21.15542	58.58424	121.23683	0.81367	-78.11232	-89.5037	0
12075	14.64606	-104.96343	-118.79582	44.75185	65.90727	-111.47279	-8.1367	56.9569	100.89508	-2.44101	-90.31737	-94.38572	0
12076	8.1367	-104.96343	-116.35481	46.37919	63.46626	-110.65912	17.90074	61.02525	95.19939	4.06835	-88.69003	-94.38572	0
12077	3.25468	-106.59077	-109.03178	48.8202	54.51589	-108.21811	45.56552	67.53461	109.03178	19.52808	-74.85764	-87.87636	0
12078	0.81367	-111.47279	-99.26774	51.26121	42.31084	-106.59077	64.27993	75.67131	134.25555	35.80148	-53.70222	-78.11232	0
12079	0.81367	-113.9138	-96.01306	56.9569	37.42882	-106.59077	69.16195	82.18067	157.03831	48.8202	-35.80148	-69.97562	0
12080	0	-111.47279	-96.82673	64.27993	39.05616	-105.7771	60.21158	82.18067	170.8707	53.70222	-24.4101	-62.65259	0
12081	-2.44101	-109.84545	-97.6404	69.16195	40.6835	-104.96343	42.31084	77.29865	175.75272	51.26121	-19.52808	-57.77057	0
12082	-9.76404	-114.72747	-97.6404	73.2303	41.49717	-107.40444	26.03744	67.53461	173.31171	42.31084	-24.4101	-58.58424	0
12083	-16.2734	-122.86417	-95.19939	76.48498	43.12451	-112.28646	17.08707	56.14323	165.98868	30.10579	-35.80148	-61.83892	0
12084	-21.15542	-128.55986	-96.01306	78.11232	43.12451	-117.16848	16.2734	45.56552	155.41097	20.34175	-48.00653	-65.0936	0
12085	-26.85111	-134.25555	-91.94471	83.80801	34.98781	-117.16848	20.34175	39.86983	143.20592	15.45973	-56.9569	-68.34828	0
12086	-30.91946	-139.95124	-82.99434	95.19939	21.96909	-113.9138	26.03744	41.49717	130.1872	14.64606	-61.83892	-73.2303	0
12087	-33.36047	-140.76491	-78.11232	99.26774	18.71441	-111.47279	32.5468	44.75185	116.35481	15.45973	-62.65259	-78.92599	0
12088	-31.73313	-135.06922	-82.18067	93.57205	25.22377	-106.59077	37.42882	49.63387	104.96343	15.45973	-57.77057	-82.18067	0
12089	-28.47845	-123.67784	-89.5037	82.18067	30.10579	-96.82673	43.93818	56.14323	101.70875	14.64606	-45.56552	-82.18067	0
12090	-24.4101	-108.21811	-93.57205	69.16195	33.36047	-83.80801	48.00653	61.83892	107.40444	16.2734	-31.73313	-74.85764	0
12091	-27.66478	-99.26774	-89.5037	63.46626	34.17414	-76.48498	49.63387	62.65259	114.72747	21.96909	-21.15542	-65.90727	0
12092	-35.80148	-100.89508	-81.367	67.53461	30.10579	-77.29865	49.63387	56.9569	118.79582	29.29212	-16.2734	-57.77057	0
12093	-40.6835	-108.21811	-74.04397	73.2303	26.03744	-83.80801	48.00653	48.8202	119.60949	36.61515	-19.52808	-55.32956	0
12094	-43.12451	-119.60949	-69.97562	79.73966	24.4101	-95.19939	43.93818	41.49717	117.98215	41.49717	-30.91946	-60.21158	0
12095	-43.12451	-127.74619	-70.78929	83.80801	25.22377	-104.96343	38.24249	37.42882	115.54114	41.49717	-42.31084	-69.16195	0
12096	-39.86983	-122.86417	-69.97562	79.73966	23.59643	-103.33609	34.98781	36.61515	114.72747	40.6835	-47.19286	-74.85764	0
12097	-34.17414	-109.03178	-65.0936	71.60296	19.52808	-92.75838	35.80148	38.24249	117.16848	42.31084	-48.8202	-75.67131	0
12098	-29.29212	-98.45407	-63.46626	64.27993	17.90074	-85.43535	37.42882	39.86983	119.60949	44.75185	-49.63387	-74.85764	0
12099	-26.85111	-93.57205	-66.72094	60.21158	19.52808	-82.99434	35.80148	38.24249	121.23683	44.75185	-50.44754	-74.85764	0
12100	-29.29212	-97.6404	-70.78929	59.39791	19.52808	-86.24902	33.36047	30.91946	118.79582	43.12451	-48.8202	-74.85764	0
12101	-34.17414	-108.21811	-78.11232	60.21158	20.34175	-93.57205	33.36047	20.34175	113.10013	39.86983	-47.19286	-73.2303	0
12102	-32.5468	-117.16848	-86.24902	61.02525	25.22377	-100.89508	34.17414	11.39138	106.59077	33.36047	-45.56552	-70.78929	0
12103	-24.4101	-118.79582	-95.19939	59.39791	34.17414	-104.96343	34.17414	8.1367	102.52242	28.47845	-45.56552	-69.16195	0
12104	-12.20505	-114.72747	-102.52242	54.51589	44.75185	-106.59077	32.5468	12.20505	101.70875	24.4101	-47.19286	-69.16195	0
12105	0.81367	-109.84545	-111.47279	48.8202	56.9569	-109.03178	31.73313	18.71441	101.70875	20.34175	-51.26121	-71.60296	0
12106	16.2734	-105.7771	-123.67784	42.31084	70.78929	-113.9138	31.73313	22.78276	100.89508	15.45973	-57.77057	-77.29865	0
12107	21.15542	-103.33609	-127.74619	39.86983	74.85764	-115.54114	33.36047	25.22377	98.45407	11.39138	-61.83892	-82.99434	0
12108	13.01872	-106.59077	-113.10013	43.93818	57.77057	-110.65912	34.98781	25.22377	96.82673	12.20505	-62.65259	-84.62168	0
12109	2.44101	-113.10013	-87.06269	47.19286	28.47845	-101.70875	38.24249	25.22377	94.38572	17.08707	-61.83892	-82.18067	0
12110	-5.69569	-109.84545	-63.46626	47.19286	5.69569	-88.69003	41.49717	23.59643	92.75838	24.4101	-56.9569	-76.48498	0
12111	-12.20505	-91.13104	-45.56552	41.49717	-1.62734	-69.16195	41.49717	25.22377	93.57205	34.17414	-43.93818	-65.90727	0
12112	-14.64606	-64.27993	-30.10579	31.73313	-4.88202	-46.37919	43.93818	30.91946	99.26774	47.19286	-26.85111	-51.26121	0
12113	-13.01872	-38.24249	-17.08707	18.71441	-3.25468	-27.66478	50.44754	38.24249	108.21811	61.02525	-11.39138	-37.42882	0
12114	-8.95037	-22.78276	-7.32303	8.95037	0.81367	-17.90074	56.9569	43.93818	118.79582	75.67131	-0.81367	-29.29212	0
12115	-6.50936	-22.78276	-4.06835	7.32303	2.44101	-16.2734	60.21158	49.63387	125.30518	87.87636	4.88202	-26.85111	0
12116	-4.88202	-34.98781	-8.95037	9.76404	1.62734	-23.59643	59.39791	49.63387	129.37353	93.57205	3.25468	-31.73313	0
12117	-4.06835	-47.19286	-20.34175	13.83239	6.50936	-34.17414	56.14323	44.75185	129.37353	89.5037	-4.88202	-41.49717	0
12118	1.62734	-48.00653	-35.80148	14.64606	17.08707	-40.6835	49.63387	39.05616	126.93252	79.73966	-16.2734	-52.88855	0
12119	11.39138	-40.6835	-49.63387	8.95037	29.29212	-43.93818	44.75185	34.98781	125.30518	69.97562	-25.22377	-62.65259	0
12120	19.52808	-34.17414	-56.14323	3.25468	35.80148	-43.93818	43.12451	30.10579	122.86417	64.27993	-30.10579	-67.53461	0
12121	26.03744	-22.78276	-53.70222	-5.69569	38.24249	-39.05616	45.56552	26.03744	116.35481	61.02525	-30.10579	-67.53461	0
12122	34.17414	-5.69569	-43.93818	-18.71441	38.24249	-27.66478	52.88855	21.96909	106.59077	61.02525	-25.22377	-61.83892	0
12123	39.86983	9.76404	-29.29212	-30.10579	34.17414	-11.39138	61.02525	19.52808	96.82673	62.65259	-17.08707	-52.88855	0
12124	42.31084	18.71441	-14.64606	-37.42882	28.47845	3.25468	65.90727	20.34175	90.31737	64.27993	-12.20505	-44.75185	0
12125	40.6835	22.78276	-6.50936	-39.86983	25.22377	11.39138	65.0936	26.85111	87.87636	67.53461	-12.20505	-42.31084	0
12126	34.98781	18.71441	-8.1367	-33.36047	22.78276	8.95037	61.02525	37.42882	89.5037	71.60296	-11.39138	-43.12451	0
12127	26.85111	8.95037	-13.83239	-21.96909	21.15542	0	51.26121	42.31084	93.57205	74.85764	-9.76404	-44.75185	0
12128	17.90074	0.81367	-16.2734	-11.39138	17.08707	-6.50936	36.61515	35.80148	96.82673	76.48498	-6.50936	-42.31084	0
12129	5.69569	-0.81367	-9.76404	-2.44101	11.39138	-5.69569	20.34175	22.78276	99.26774	78.11232	-5.69569	-35.80148	0
12130	-5.69569	1.62734	4.06835	0.81367	4.88202	2.44101	4.88202	7.32303	98.45407	79.73966	-0.81367	-26.85111	0
12131	-9.76404	10.57771	20.34175	-2.44101	-1.62734	17.08707	-9.76404	-8.1367	92.75838	78.11232	4.88202	-21.15542	0
12132	-4.88202	28.47845	34.98781	-13.83239	-8.1367	33.36047	-22.78276	-22.78276	86.24902	74.85764	12.20505	-18.71441	0
12133	3.25468	48.8202	43.93818	-26.85111	-12.20505	47.19286	-29.29212	-28.47845	87.06269	74.85764	23.59643	-16.2734	0
12134	10.57771	65.0936	48.00653	-36.61515	-14.64606	55.32956	-28.47845	-26.03744	96.82673	80.55333	34.17414	-11.39138	0
12135	13.83239	70.78929	48.8202	-42.31084	-17.08707	58.58424	-24.4101	-20.34175	112.28646	87.87636	40.6835	-6.50936	0
12136	13.01872	66.72094	42.31084	-42.31084	-19.52808	54.51589	-21.15542	-17.08707	126.11885	95.19939	43.12451	-2.44101	0
12137	14.64606	56.14323	32.5468	-39.05616	-18.71441	42.31084	-19.52808	-18.71441	135.06922	98.45407	40.6835	-4.06835	0
12138	22.78276	48.8202	21.96909	-34.98781	-9.76404	28.47845	-19.52808	-21.96909	139.13757	96.01306	33.36047	-8.1367	0
12139	30.91946	48.8202	12.20505	-28.47845	7.32303	20.34175	-21.15542	-24.4101	137.51023	89.5037	26.03744	-13.01872	0
12140	35.80148	42.31084	4.06835	-18.71441	26.03744	14.64606	-23.59643	-26.03744	130.1872	79.73966	18.71441	-18.71441	0
12141	35.80148	27.66478	-2.44101	-9.76404	33.36047	7.32303	-26.03744	-27.66478	117.98215	69.16195	10.57771	-26.03744	0
12142	32.5468	17.08707	-12.20505	-3.25468	34.98781	-1.62734	-28.47845	-30.91946	103.33609	59.39791	0	-30.91946	0
12143	27.66478	14.64606	-23.59643	0.81367	34.98781	-12.20505	-30.91946	-35.80148	87.87636	51.26121	-9.76404	-31.73313	0
12144	29.29212	17.08707	-34.98781	-1.62734	33.36047	-20.34175	-30.91946	-39.05616	76.48498	48.00653	-13.01872	-30.10579	0
12145	42.31084	17.08707	-47.19286	-14.64606	37.42882	-26.03744	-29.29212	-41.49717	70.78929	50.44754	-10.57771	-28.47845	0
12146	59.39791	8.1367	-61.02525	-29.29212	48.00653	-32.5468	-26.85111	-38.24249	71.60296	56.14323	-5.69569	-28.47845	0
12147	66.72094	-7.32303	-73.2303	-32.5468	58.58424	-43.12451	-21.96909	-30.10579	78.92599	61.83892	-2.44101	-29.29212	0
12148	58.58424	-26.85111	-84.62168	-20.34175	62.65259	-56.14323	-13.01872	-21.15542	86.24902	64.27993	0	-32.5468	0
12149	43.12451	-45.56552	-91.94471	-3.25468	60.21158	-66.72094	-5.69569	-13.01872	91.13104	66.72094	2.44101	-34.98781	0
12150	27.66478	-56.9569	-91.13104	10.57771	53.70222	-70.78929	-0.81367	-3.25468	91.94471	69.16195	8.1367	-31.73313	0
12151	17.90074	-64.27993	-89.5037	19.52808	44.75185	-74.04397	2.44101	1.62734	90.31737	66.72094	10.57771	-28.47845	0
12152	15.45973	-72.41663	-87.06269	26.03744	36.61515	-79.73966	4.06835	0	88.69003	56.14323	4.06835	-32.5468	0
12153	8.95037	-85.43535	-77.29865	35.80148	31.73313	-87.06269	7.32303	-4.06835	91.13104	43.12451	-4.88202	-41.49717	0
12154	-6.50936	-102.52242	-63.46626	52.07488	20.34175	-89.5037	12.20505	-7.32303	96.82673	34.98781	-11.39138	-49.63387	0
12155	-23.59643	-117.98215	-52.07488	66.72094	4.06835	-89.5037	12.20505	-8.95037	102.52242	30.91946	-18.71441	-56.14323	0
12156	-39.86983	-131.00087	-51.26121	79.73966	-5.69569	-91.94471	8.1367	-9.76404	106.59077	27.66478	-30.10579	-64.27993	0
12157	-53.70222	-141.57858	-65.0936	93.57205	-5.69569	-99.26774	4.06835	-8.1367	104.96343	21.15542	-45.56552	-74.85764	0
12158	-55.32956	-150.52895	-86.24902	103.33609	5.69569	-112.28646	0	-9.76404	91.94471	10.57771	-62.65259	-87.87636	0
12159	-44.75185	-156.22464	-106.59077	105.7771	24.4101	-124.49151	-0.81367	-15.45973	68.34828	-1.62734	-77.29865	-97.6404	0
12160	-32.5468	-155.41097	-119.60949	101.70875	39.86983	-131.81454	3.25468	-19.52808	45.56552	-11.39138	-85.43535	-103.33609	0
12161	-26.03744	-152.15629	-123.67784	91.94471	47.19286	-133.44188	13.01872	-21.96909	30.91946	-17.90074	-85.43535	-103.33609	0
12162	-23.59643	-148.08794	-126.11885	82.99434	50.44754	-135.88289	22.78276	-25.22377	21.96909	-18.71441	-78.11232	-98.45407	0
12163	-24.4101	-141.57858	-127.74619	79.73966	52.07488	-138.3239	26.85111	-30.10579	18.71441	-13.83239	-65.0936	-91.94471	0
12164	-25.22377	-135.88289	-125.30518	82.99434	50.44754	-137.51023	26.03744	-36.61515	21.96909	-5.69569	-52.88855	-84.62168	0
12165	-26.03744	-134.25555	-122.0505	86.24902	48.8202	-134.25555	25.22377	-38.24249	35.80148	3.25468	-43.93818	-76.48498	0
12166	-30.10579	-138.3239	-117.98215	85.43535	44.75185	-131.81454	25.22377	-29.29212	54.51589	13.83239	-37.42882	-69.97562	0
12167	-35.80148	-144.83326	-115.54114	80.55333	40.6835	-133.44188	25.22377	-13.01872	69.97562	21.15542	-35.80148	-67.53461	0
12168	-34.17414	-148.90161	-119.60949	77.29865	43.12451	-135.88289	26.03744	0	79.73966	21.96909	-38.24249	-68.34828	0
12169	-26.85111	-148.08794	-124.49151	74.85764	48.8202	-137.51023	24.4101	3.25468	83.80801	17.90074	-44.75185	-74.85764	0
12170	-18.71441	-144.83326	-128.55986	73.2303	53.70222	-137.51023	21.96909	-0.81367	83.80801	9.76404	-56.9569	-84.62168	0
12171	-13.01872	-140.76491	-129.37353	71.60296	56.9569	-135.06922	19.52808	-10.57771	78.11232	0	-69.16195	-95.19939	0
12172	-13.01872	-135.06922	-126.11885	69.16195	55.32956	-131.81454	17.08707	-20.34175	68.34828	-6.50936	-73.2303	-100.08141	0
12173	-19.52808	-128.55986	-120.42316	67.53461	49.63387	-129.37353	14.64606	-27.66478	56.9569	-9.76404	-69.16195	-100.89508	0
12174	-24.4101	-127.74619	-115.54114	70.78929	44.75185	-126.93252	12.20505	-33.36047	48.8202	-9.76404	-62.65259	-96.82673	0
12175	-27.66478	-135.88289	-112.28646	80.55333	43.12451	-125.30518	12.20505	-35.80148	45.56552	-4.88202	-56.14323	-89.5037	0
12176	-37.42882	-150.52895	-110.65912	91.13104	37.42882	-128.55986	15.45973	-29.29212	46.37919	4.06835	-48.8202	-80.55333	0
12177	-48.8202	-167.61602	-109.84545	103.33609	30.91946	-133.44188	19.52808	-16.2734	49.63387	11.39138	-43.93818	-73.2303	0
12178	-52.88855	-183.07575	-112.28646	114.72747	30.10579	-137.51023	25.22377	-7.32303	53.70222	11.39138	-41.49717	-69.97562	0
12179	-49.63387	-193.65346	-122.86417	120.42316	36.61515	-147.27427	33.36047	-3.25468	56.9569	4.88202	-43.93818	-70.78929	0
12180	-45.56552	-199.34915	-143.20592	124.49151	48.00653	-165.17501	40.6835	-5.69569	59.39791	-2.44101	-49.63387	-74.85764	0
12181	-43.93818	-198.53548	-161.92033	128.55986	57.77057	-183.07575	46.37919	-14.64606	56.9569	-8.1367	-56.9569	-79.73966	0
12182	-41.49717	-189.58511	-165.17501	126.11885	61.02525	-185.51676	48.8202	-32.5468	44.75185	-13.01872	-65.0936	-82.99434	0
12183	-31.73313	-174.12538	-157.85198	111.47279	58.58424	-173.31171	48.00653	-63.46626	13.83239	-22.78276	-73.2303	-84.62168	0
12184	-17.08707	-153.78363	-148.08794	90.31737	53.70222	-155.41097	42.31084	-108.21811	-38.24249	-38.24249	-80.55333	-85.43535	0
12185	-4.88202	-134.25555	-135.88289	71.60296	50.44754	-137.51023	30.10579	-166.80235	-110.65912	-57.77057	-85.43535	-81.367	0
12186	-1.62734	-112.28646	-114.72747	57.77057	44.75185	-114.72747	6.50936	-245.72834	-205.85851	-82.18067	-86.24902	-70.78929	0
12187	-3.25468	-82.18067	-76.48498	44.75185	26.03744	-79.73966	-26.03744	-344.99608	-323.02699	-108.21811	-77.29865	-50.44754	0
12188	-4.06835	-40.6835	-22.78276	30.10579	-1.62734	-31.73313	-66.72094	-455.6552	-454.84153	-131.00087	-52.88855	-14.64606	0
12189	-2.44101	11.39138	32.5468	5.69569	-29.29212	21.15542	-112.28646	-572.01001	-597.23378	-147.27427	-13.01872	38.24249	0
12190	0.81367	76.48498	90.31737	-30.10579	-53.70222	82.99434	-159.47932	-694.06051	-745.32172	-154.5973	40.6835	106.59077	0
12191	6.50936	157.03831	158.66565	-77.29865	-82.18067	157.85198	-202.60383	-818.55202	-890.15498	-152.96996	109.84545	184.70309	0
12192	14.64606	252.2377	242.47366	-132.62821	-116.35481	248.16935	-241.65999	-948.73922	-1030.91989	-143.20592	191.21245	269.32477	0
12193	26.85111	366.1515	341.7414	-197.72181	-157.85198	355.57379	-283.97083	-1102.52285	-1178.19416	-131.00087	280.71615	358.0148	0
12194	48.8202	502.03439	454.02786	-276.6478	-201.79016	479.25163	-336.04571	-1295.36264	-1344.99651	-120.42316	375.91554	448.33217	0
12195	78.92599	654.19068	575.26469	-368.59251	-245.72834	615.94819	-406.835	-1521.5629	-1532.95428	-112.28646	469.48759	537.83587	0
12196	112.28646	813.67	699.7562	-463.7919	-291.29386	757.52677	-504.4754	-1759.15454	-1724.9804	-93.57205	564.68698	627.33957	0
12197	143.20592	965.01262	815.29734	-556.55028	-331.97736	890.15498	-624.08489	-1963.38571	-1890.15541	-52.07488	662.32738	719.28428	0
12198	161.10666	1074.85807	897.47801	-623.27122	-361.26948	985.35437	-735.55768	-2103.33695	-2003.25554	0	742.06704	793.32825	0
12199	165.17501	1096.01349	910.49673	-637.91728	-364.52416	1002.44144	-813.67	-2184.70395	-2045.56638	34.17414	761.59512	818.55202	0
12200	158.66565	999.18676	824.24771	-585.8424	-327.09534	911.3104	-855.16717	-2190.39964	-1991.86416	37.42882	703.01088	775.42751	0
12201	136.69656	787.63256	639.54462	-467.04658	-247.35568	712.77492	-860.86286	-2101.70961	-1842.14888	13.01872	569.569	668.83674	0
12202	94.38572	489.82934	390.5616	-295.36221	-146.4606	441.00914	-834.82542	-1938.16194	-1641.17239	-56.9569	370.21985	510.17109	0
12203	34.17414	160.29299	125.30518	-100.08141	-44.75185	144.01959	-794.14192	-1739.62646	-1452.40095	-196.09447	119.60949	322.21332	0
12204	-24.4101	-139.95124	-111.47279	81.367	43.12451	-124.49151	-759.15411	-1547.60034	-1325.46843	-404.39399	-139.95124	136.69656	0
12205	-65.0936	-371.03352	-299.43056	217.24989	116.35481	-334.41837	-737.18502	-1384.05267	-1277.4619	-650.12233	-358.82847	-10.57771	0
12206	-81.367	-522.37614	-431.2451	300.24423	174.93905	-473.55594	-720.91162	-1246.54244	-1285.5986	-878.7636	-506.91641	-108.21811	0
12207	-81.367	-605.37048	-508.54375	340.11406	218.87723	-550.04092	-694.87418	-1117.16891	-1296.17631	-1036.61558	-589.91075	-165.17501	0
12208	-69.16195	-631.40792	-547.59991	347.43709	247.35568	-580.14671	-647.68132	-972.33565	-1261.1885	-1093.57248	-616.76186	-193.65346	0
12209	-50.44754	-617.57553	-557.36395	331.97736	262.00174	-580.14671	-576.07836	-804.71963	-1160.29342	-1056.95733	-594.79277	-203.4175	0
12210	-36.61515	-585.8424	-544.34523	309.1946	264.44275	-559.80496	-492.27035	-628.96691	-1008.13713	-957.68959	-544.34523	-199.34915	0
12211	-28.47845	-550.04092	-519.93513	287.22551	255.49238	-532.14018	-408.46234	-467.86025	-836.45276	-830.75707	-483.31998	-189.58511	0
12212	-25.22377	-517.49412	-493.08402	269.32477	241.65999	-503.66173	-334.41837	-336.85938	-668.83674	-699.7562	-421.48106	-179.0074	0
12213	-25.22377	-492.27035	-466.23291	256.30605	225.38659	-478.43796	-273.39312	-239.21898	-522.37614	-578.51937	-365.33783	-168.42969	0
12214	-30.10579	-471.11493	-446.70483	245.72834	213.99521	-458.09621	-222.13191	-167.61602	-397.88463	-470.30126	-314.89029	-158.66565	0
12215	-29.29212	-444.26382	-433.68611	232.70962	213.18154	-438.56813	-179.0074	-111.47279	-291.29386	-376.72921	-271.76578	-149.71528	0
12216	-19.52808	-414.9717	-420.66739	222.94558	213.99521	-417.41271	-140.76491	-69.97562	-197.72181	-299.43056	-237.59164	-141.57858	0
12217	-17.08707	-392.18894	-397.88463	213.99521	200.97649	-395.44362	-108.21811	-44.75185	-119.60949	-242.47366	-210.74053	-135.88289	0
12218	-30.10579	-376.72921	-362.89682	200.97649	172.49804	-370.21985	-79.73966	-31.73313	-60.21158	-202.60383	-187.1441	-130.1872	0
12219	-47.19286	-354.76012	-318.14497	187.95777	139.95124	-336.85938	-50.44754	-13.83239	-13.83239	-170.05703	-161.92033	-122.86417	0
12220	-51.26121	-316.51763	-270.13844	170.05703	113.10013	-293.73487	-18.71441	16.2734	26.85111	-136.69656	-135.06922	-110.65912	0
12221	-41.49717	-265.25642	-225.38659	141.57858	92.75838	-244.91467	12.20505	59.39791	65.0936	-100.08141	-105.7771	-94.38572	0
12222	-26.03744	-210.74053	-186.33043	109.84545	76.48498	-196.09447	43.12451	106.59077	103.33609	-60.21158	-76.48498	-74.85764	0
12223	-11.39138	-163.54767	-155.41097	84.62168	65.0936	-152.15629	70.78929	148.08794	142.39225	-22.78276	-49.63387	-55.32956	0
12224	0.81367	-131.00087	-135.06922	67.53461	58.58424	-120.42316	89.5037	176.56639	174.93905	5.69569	-30.91946	-40.6835	0
12225	3.25468	-109.84545	-122.86417	57.77057	52.07488	-105.7771	97.6404	191.21245	196.90814	23.59643	-25.22377	-35.80148	0
12226	-0.81367	-97.6404	-115.54114	54.51589	46.37919	-101.70875	100.08141	196.09447	208.29952	31.73313	-27.66478	-39.05616	0
12227	-5.69569	-93.57205	-109.84545	55.32956	44.75185	-102.52242	101.70875	197.72181	216.43622	39.05616	-30.10579	-46.37919	0
12228	-6.50936	-101.70875	-107.40444	57.77057	42.31084	-108.21811	100.89508	201.79016	225.38659	44.75185	-30.91946	-52.07488	0
12229	-3.25468	-121.23683	-108.21811	59.39791	39.05616	-117.98215	98.45407	208.29952	232.70962	46.37919	-32.5468	-57.77057	0
12230	0	-139.13757	-114.72747	61.02525	41.49717	-128.55986	96.82673	213.99521	232.70962	46.37919	-34.17414	-61.83892	0
12231	3.25468	-150.52895	-125.30518	61.83892	51.26121	-135.88289	97.6404	214.80888	227.8276	49.63387	-30.91946	-61.02525	0
12232	5.69569	-155.41097	-132.62821	62.65259	60.21158	-140.76491	97.6404	212.36787	220.50457	53.70222	-23.59643	-56.9569	0
12233	7.32303	-151.34262	-132.62821	61.83892	61.83892	-141.57858	96.82673	205.85851	213.18154	57.77057	-18.71441	-54.51589	0
12234	5.69569	-143.20592	-131.00087	60.21158	57.77057	-139.95124	96.82673	194.46713	209.11319	63.46626	-17.90074	-56.9569	0
12235	4.06835	-136.69656	-126.11885	62.65259	52.07488	-135.06922	97.6404	181.44841	209.92686	65.90727	-20.34175	-61.83892	0
12236	4.88202	-128.55986	-122.0505	66.72094	52.07488	-127.74619	106.59077	178.19373	220.50457	70.78929	-19.52808	-61.02525	0
12237	8.1367	-122.0505	-120.42316	68.34828	56.9569	-120.42316	122.0505	191.21245	237.59164	79.73966	-11.39138	-52.07488	0
12238	8.1367	-121.23683	-117.16848	68.34828	58.58424	-115.54114	138.3239	213.18154	253.86504	91.13104	-0.81367	-40.6835	0
12239	-2.44101	-126.93252	-109.84545	70.78929	54.51589	-114.72747	144.83326	230.26861	267.69743	98.45407	4.06835	-33.36047	0
12240	-21.96909	-133.44188	-100.08141	78.92599	48.8202	-115.54114	141.57858	233.52329	273.39312	96.82673	1.62734	-34.17414	0
12241	-36.61515	-135.06922	-91.13104	84.62168	40.6835	-113.10013	132.62821	227.01393	271.76578	89.5037	-1.62734	-36.61515	0
12242	-43.12451	-128.55986	-84.62168	83.80801	31.73313	-108.21811	126.11885	218.87723	266.07009	83.80801	-3.25468	-37.42882	0
12243	-39.86983	-118.79582	-80.55333	81.367	30.10579	-102.52242	122.0505	212.36787	262.00174	80.55333	-4.06835	-36.61515	0
12244	-30.10579	-113.10013	-77.29865	74.85764	36.61515	-96.01306	121.23683	211.5542	259.56073	80.55333	-3.25468	-35.80148	0
12245	-16.2734	-106.59077	-78.11232	65.0936	43.93818	-90.31737	123.67784	216.43622	262.00174	84.62168	-3.25468	-37.42882	0
12246	-4.88202	-98.45407	-81.367	53.70222	48.8202	-87.06269	127.74619	227.01393	269.32477	92.75838	-4.06835	-39.05616	0
12247	0	-91.13104	-85.43535	47.19286	49.63387	-86.24902	133.44188	240.84632	277.46147	100.08141	-4.88202	-41.49717	0
12248	0	-87.06269	-84.62168	44.75185	44.75185	-85.43535	138.3239	253.86504	286.41184	105.7771	-5.69569	-40.6835	0
12249	-6.50936	-82.99434	-78.92599	45.56552	35.80148	-81.367	141.57858	263.62908	290.48019	110.65912	-7.32303	-37.42882	0
12250	-10.57771	-79.73966	-71.60296	44.75185	28.47845	-75.67131	140.76491	266.88376	284.7845	113.10013	-5.69569	-31.73313	0
12251	-13.01872	-73.2303	-61.83892	41.49717	21.96909	-67.53461	136.69656	262.00174	273.39312	113.9138	0.81367	-26.85111	0
12252	-13.83239	-66.72094	-52.88855	38.24249	17.08707	-59.39791	131.81454	253.86504	262.00174	113.10013	9.76404	-21.15542	0
12253	-12.20505	-62.65259	-49.63387	34.98781	17.90074	-52.88855	128.55986	246.54201	253.86504	113.10013	18.71441	-16.2734	0
12254	-9.76404	-62.65259	-51.26121	34.17414	20.34175	-50.44754	126.11885	243.28733	251.42403	113.9138	24.4101	-13.01872	0
12255	-5.69569	-61.83892	-54.51589	31.73313	25.22377	-53.70222	123.67784	242.47366	254.67871	115.54114	24.4101	-13.01872	0
12256	0.81367	-60.21158	-63.46626	28.47845	33.36047	-60.21158	123.67784	243.28733	262.81541	117.16848	20.34175	-17.08707	0
12257	12.20505	-62.65259	-78.92599	24.4101	45.56552	-69.97562	126.93252	246.54201	270.95211	117.16848	12.20505	-26.85111	0
12258	25.22377	-69.16195	-99.26774	19.52808	62.65259	-82.99434	129.37353	256.30605	275.83413	111.47279	0	-38.24249	0
12259	34.17414	-76.48498	-117.98215	16.2734	78.11232	-95.19939	130.1872	270.95211	278.27514	101.70875	-8.95037	-48.8202	0
12260	35.80148	-79.73966	-123.67784	15.45973	82.18067	-102.52242	131.81454	281.52982	279.90248	91.13104	-13.83239	-54.51589	0
12261	30.10579	-76.48498	-113.10013	17.08707	73.2303	-101.70875	135.06922	282.34349	279.08881	82.99434	-12.20505	-55.32956	0
12262	13.83239	-68.34828	-91.13104	20.34175	53.70222	-91.13104	135.06922	273.39312	277.46147	79.73966	-3.25468	-48.8202	0
12263	-13.83239	-58.58424	-60.21158	22.78276	23.59643	-74.85764	131.00087	267.69743	279.08881	81.367	11.39138	-37.42882	0
12264	-43.12451	-50.44754	-27.66478	27.66478	-6.50936	-54.51589	128.55986	279.90248	291.29386	91.94471	26.03744	-26.03744	0
12265	-60.21158	-45.56552	-1.62734	33.36047	-27.66478	-34.98781	133.44188	304.31258	310.00827	109.84545	35.80148	-16.2734	0
12266	-63.46626	-43.12451	9.76404	39.05616	-34.98781	-22.78276	141.57858	323.84066	324.65433	125.30518	39.86983	-9.76404	0
12267	-51.26121	-41.49717	4.88202	39.05616	-26.03744	-21.96909	145.64693	331.16369	331.16369	128.55986	34.17414	-11.39138	0
12268	-25.22377	-31.73313	-7.32303	23.59643	-2.44101	-23.59643	146.4606	332.79103	334.41837	129.37353	26.85111	-18.71441	0
12269	-1.62734	-15.45973	-21.15542	1.62734	20.34175	-22.78276	148.90161	334.41837	334.41837	131.81454	22.78276	-28.47845	0
12270	15.45973	-4.06835	-27.66478	-14.64606	30.91946	-18.71441	151.34262	337.67305	333.6047	134.25555	17.90074	-34.17414	0
12271	28.47845	1.62734	-24.4101	-26.03744	28.47845	-12.20505	152.15629	343.36874	332.79103	133.44188	13.83239	-36.61515	0
12272	33.36047	9.76404	-11.39138	-31.73313	20.34175	-0.81367	152.96996	351.50544	330.35002	133.44188	13.83239	-31.73313	0
12273	34.98781	21.15542	6.50936	-34.98781	13.83239	12.20505	156.22464	361.26948	329.53635	138.3239	21.15542	-19.52808	0
12274	33.36047	30.91946	23.59643	-36.61515	4.88202	24.4101	161.10666	372.66086	334.41837	144.83326	33.36047	-4.88202	0
12275	26.85111	37.42882	33.36047	-34.17414	-2.44101	31.73313	161.92033	384.86591	344.99608	151.34262	46.37919	6.50936	0
12276	21.96909	40.6835	33.36047	-31.73313	-4.06835	34.17414	159.47932	396.25729	353.94645	154.5973	54.51589	11.39138	0
12277	25.22377	42.31084	23.59643	-30.10579	0.81367	30.91946	156.22464	405.20766	359.64214	152.15629	56.14323	9.76404	0
12278	30.10579	43.93818	13.01872	-29.29212	8.1367	27.66478	150.52895	410.08968	361.26948	145.64693	54.51589	6.50936	0
12279	25.22377	43.12451	8.95037	-30.10579	4.88202	27.66478	143.20592	413.34436	360.45581	136.69656	52.88855	4.06835	0
12280	15.45973	44.75185	10.57771	-29.29212	-5.69569	34.98781	136.69656	417.41271	358.0148	128.55986	53.70222	4.88202	0
12281	6.50936	53.70222	20.34175	-23.59643	-17.08707	44.75185	133.44188	423.92207	353.94645	122.0505	57.77057	7.32303	0
12282	-1.62734	63.46626	34.17414	-17.08707	-26.85111	55.32956	131.00087	430.43143	350.69177	119.60949	61.83892	11.39138	0
12283	-4.88202	69.97562	45.56552	-17.90074	-34.98781	69.16195	130.1872	432.87244	345.80975	123.67784	64.27993	15.45973	0
12284	7.32303	82.99434	55.32956	-34.98781	-38.24249	84.62168	132.62821	435.31345	339.30039	130.1872	67.53461	21.15542	0
12285	29.29212	106.59077	66.72094	-61.02525	-34.98781	99.26774	139.95124	440.19547	333.6047	138.3239	74.04397	29.29212	0
12286	47.19286	132.62821	81.367	-87.06269	-29.29212	114.72747	148.90161	453.21419	331.97736	146.4606	82.99434	39.86983	0
12287	55.32956	157.85198	100.89508	-105.7771	-30.10579	133.44188	156.22464	469.48759	336.04571	151.34262	87.06269	52.88855	0
12288	47.19286	174.93905	125.30518	-110.65912	-42.31084	149.71528	158.66565	481.69264	346.62342	148.08794	86.24902	63.46626	0
12289	27.66478	179.82107	147.27427	-102.52242	-61.02525	156.22464	154.5973	487.38833	351.50544	141.57858	82.99434	66.72094	0
12290	11.39138	179.82107	158.66565	-92.75838	-74.04397	157.03831	145.64693	486.57466	342.55507	131.81454	78.92599	63.46626	0
12291	6.50936	181.44841	162.734	-90.31737	-78.11232	160.29299	137.51023	480.87897	323.02699	121.23683	76.48498	58.58424	0
12292	9.76404	187.95777	165.17501	-96.82673	-78.92599	170.8707	133.44188	474.36961	304.31258	113.10013	78.11232	59.39791	0
12293	16.2734	200.16282	165.98868	-104.96343	-79.73966	188.77144	134.25555	470.30126	291.29386	110.65912	84.62168	65.90727	0
12294	25.22377	213.99521	171.68437	-110.65912	-79.73966	204.23117	134.25555	467.86025	283.97083	111.47279	93.57205	74.85764	0
12295	25.22377	223.75925	185.51676	-115.54114	-84.62168	216.43622	132.62821	467.04658	278.27514	114.72747	105.7771	82.99434	0
12296	22.78276	230.26861	200.16282	-125.30518	-91.13104	222.94558	131.00087	467.86025	273.39312	118.79582	117.16848	92.75838	0
12297	26.03744	236.77797	205.04484	-136.69656	-89.5037	225.38659	127.74619	469.48759	266.88376	118.79582	123.67784	100.89508	0
12298	30.91946	248.16935	209.11319	-147.27427	-87.06269	230.26861	122.86417	470.30126	257.11972	115.54114	128.55986	109.03178	0
12299	34.17414	262.00174	222.94558	-156.22464	-91.13104	244.101	117.98215	466.23291	242.47366	110.65912	131.81454	116.35481	0
12300	35.80148	275.02046	243.28733	-162.734	-102.52242	264.44275	112.28646	457.28254	223.75925	105.7771	132.62821	122.0505	0
12301	33.36047	290.48019	266.88376	-169.24336	-116.35481	285.59817	104.14976	443.45015	202.60383	100.08141	133.44188	126.93252	0
12302	29.29212	309.1946	292.10753	-175.75272	-131.81454	307.56726	95.19939	427.17675	181.44841	94.38572	133.44188	133.44188	0
12303	23.59643	327.09534	314.07662	-180.63474	-146.4606	327.90901	87.06269	410.90335	162.734	87.87636	132.62821	138.3239	0
12304	17.08707	341.7414	327.90901	-182.26208	-159.47932	342.55507	77.29865	396.25729	148.08794	80.55333	131.00087	139.13757	0
12305	11.39138	350.69177	335.23204	-183.88942	-165.17501	349.8781	65.90727	384.86591	135.88289	71.60296	129.37353	136.69656	0
12306	10.57771	358.82847	335.23204	-189.58511	-161.10666	352.31911	55.32956	379.98389	130.1872	62.65259	127.74619	135.06922	0
12307	14.64606	369.40618	335.23204	-199.34915	-153.78363	354.76012	48.00653	380.79756	129.37353	56.14323	129.37353	136.69656	0
12308	21.15542	381.61123	338.48672	-208.29952	-151.34262	360.45581	46.37919	380.79756	126.11885	51.26121	132.62821	142.39225	0
12309	25.22377	393.81628	344.99608	-214.80888	-152.96996	367.77884	49.63387	375.91554	111.47279	47.19286	136.69656	152.96996	0
12310	23.59643	403.58032	354.76012	-214.80888	-161.10666	373.47453	53.70222	366.96517	86.24902	43.93818	144.01959	165.98868	0
12311	21.15542	409.27601	369.40618	-208.29952	-175.75272	379.98389	51.26121	350.69177	51.26121	37.42882	151.34262	177.38006	0
12312	18.71441	413.34436	381.61123	-202.60383	-187.1441	385.67958	41.49717	327.09534	11.39138	26.03744	153.78363	183.07575	0
12313	15.45973	417.41271	388.93426	-205.85851	-192.83979	388.93426	26.85111	301.0579	-22.78276	13.83239	151.34262	184.70309	0
12314	16.2734	421.48106	393.00261	-218.06356	-192.02612	389.74793	12.20505	278.27514	-46.37919	4.06835	148.90161	184.70309	0
12315	24.4101	426.36308	391.37527	-227.01393	-184.70309	391.37527	0.81367	257.93339	-61.83892	-1.62734	146.4606	183.88942	0
12316	30.91946	428.80409	391.37527	-231.08228	-179.82107	397.07096	-5.69569	234.33696	-76.48498	-8.95037	141.57858	182.26208	0
12317	29.29212	427.17675	393.00261	-234.33696	-180.63474	402.76665	-10.57771	204.23117	-92.75838	-19.52808	134.25555	177.38006	0
12318	30.10579	424.73574	389.74793	-235.9643	-178.19373	403.58032	-11.39138	165.98868	-111.47279	-30.10579	126.11885	172.49804	0
12319	37.42882	423.1084	387.30692	-240.84632	-174.12538	402.76665	-8.1367	123.67784	-128.55986	-37.42882	119.60949	170.05703	0
12320	44.75185	425.54941	391.37527	-249.79669	-175.75272	406.02133	-3.25468	88.69003	-144.83326	-42.31084	117.16848	174.12538	0
12321	43.12451	434.49978	399.51197	-254.67871	-186.33043	419.04005	-1.62734	66.72094	-161.92033	-48.8202	118.79582	182.26208	0
12322	28.47845	439.3818	411.71702	-247.35568	-201.79016	431.2451	-8.1367	54.51589	-183.88942	-61.02525	118.79582	187.1441	0
12323	8.1367	434.49978	419.04005	-233.52329	-209.92686	432.87244	-21.15542	45.56552	-209.11319	-74.85764	114.72747	187.1441	0
12324	-10.57771	426.36308	416.59904	-222.94558	-209.11319	426.36308	-34.17414	35.80148	-231.89595	-82.18067	109.84545	183.07575	0
12325	-21.96909	414.15803	411.71702	-211.5542	-205.85851	417.41271	-44.75185	26.85111	-247.35568	-83.80801	107.40444	179.82107	0
12326	-25.22377	397.88463	403.58032	-197.72181	-203.4175	403.58032	-52.07488	15.45973	-257.93339	-85.43535	104.96343	174.93905	0
12327	-21.96909	381.61123	390.5616	-186.33043	-198.53548	382.4249	-56.14323	1.62734	-262.81541	-85.43535	97.6404	167.61602	0
12328	-18.71441	364.52416	374.2882	-174.93905	-192.02612	358.0148	-57.77057	-15.45973	-264.44275	-86.24902	84.62168	157.85198	0
12329	-13.83239	345.80975	354.76012	-165.98868	-183.07575	337.67305	-57.77057	-34.98781	-264.44275	-88.69003	71.60296	146.4606	0
12330	-8.95037	329.53635	337.67305	-160.29299	-174.12538	323.84066	-54.51589	-56.9569	-264.44275	-91.94471	60.21158	132.62821	0
12331	-8.1367	313.26295	327.09534	-150.52895	-172.49804	314.89029	-51.26121	-78.92599	-266.88376	-100.08141	48.8202	117.16848	0
12332	-12.20505	289.66652	320.58598	-132.62821	-175.75272	303.49891	-48.00653	-96.82673	-266.88376	-107.40444	37.42882	102.52242	0
12333	-20.34175	264.44275	309.1946	-113.10013	-176.56639	286.41184	-39.86983	-101.70875	-258.74706	-109.03178	30.91946	92.75838	0
12334	-30.91946	236.77797	283.15716	-98.45407	-170.05703	260.3744	-31.73313	-93.57205	-243.28733	-108.21811	29.29212	84.62168	0
12335	-40.6835	203.4175	242.47366	-87.87636	-159.47932	223.75925	-26.03744	-82.99434	-227.01393	-105.7771	26.85111	74.85764	0
12336	-46.37919	170.05703	204.23117	-81.367	-144.01959	188.77144	-21.96909	-73.2303	-210.74053	-101.70875	23.59643	64.27993	0
12337	-45.56552	145.64693	176.56639	-77.29865	-124.49151	161.92033	-15.45973	-65.90727	-196.09447	-92.75838	21.96909	56.9569	0
12338	-34.98781	133.44188	155.41097	-74.85764	-104.14976	143.20592	-8.95037	-63.46626	-184.70309	-79.73966	25.22377	54.51589	0
12339	-19.52808	131.81454	142.39225	-74.04397	-85.43535	133.44188	-6.50936	-62.65259	-175.75272	-65.0936	30.10579	55.32956	0
12340	-4.06835	138.3239	137.51023	-77.29865	-73.2303	132.62821	-5.69569	-62.65259	-165.17501	-53.70222	32.5468	53.70222	0
12341	8.1367	143.20592	133.44188	-81.367	-63.46626	134.25555	-4.88202	-65.90727	-150.52895	-46.37919	29.29212	49.63387	0
12342	13.83239	139.95124	126.93252	-79.73966	-56.14323	131.81454	-4.06835	-67.53461	-134.25555	-40.6835	21.96909	41.49717	0
12343	12.20505	128.55986	117.98215	-71.60296	-54.51589	122.86417	-2.44101	-68.34828	-118.79582	-34.98781	13.01872	32.5468	0
12344	6.50936	110.65912	105.7771	-59.39791	-56.9569	108.21811	0.81367	-66.72094	-104.96343	-30.10579	4.88202	23.59643	0
12345	-1.62734	88.69003	93.57205	-43.93818	-57.77057	92.75838	5.69569	-61.83892	-89.5037	-26.03744	0	16.2734	0
12346	-12.20505	66.72094	82.99434	-27.66478	-54.51589	77.29865	7.32303	-55.32956	-74.04397	-23.59643	-4.06835	8.95037	0
12347	-16.2734	48.8202	69.97562	-16.2734	-46.37919	59.39791	7.32303	-48.8202	-61.02525	-21.96909	-4.06835	0.81367	0
12348	-13.01872	38.24249	53.70222	-8.1367	-33.36047	43.12451	5.69569	-42.31084	-51.26121	-19.52808	-1.62734	-3.25468	0
12349	-3.25468	31.73313	36.61515	-2.44101	-18.71441	30.91946	2.44101	-35.80148	-44.75185	-17.08707	0.81367	-5.69569	0
12350	6.50936	26.85111	20.34175	-1.62734	-6.50936	21.15542	0	-30.10579	-39.86983	-14.64606	0	-8.95037	0
12351	8.95037	15.45973	6.50936	-0.81367	0	10.57771	-1.62734	-24.4101	-35.80148	-12.20505	-3.25468	-13.83239	0
12352	6.50936	0	-6.50936	0.81367	5.69569	-2.44101	-1.62734	-20.34175	-33.36047	-12.20505	-10.57771	-21.15542	0
12353	6.50936	-16.2734	-17.08707	4.06835	13.83239	-15.45973	-2.44101	-17.90074	-32.5468	-15.45973	-21.15542	-27.66478	0
12354	7.32303	-29.29212	-18.71441	7.32303	21.15542	-21.15542	-2.44101	-17.90074	-28.47845	-17.90074	-30.10579	-30.91946	0
12355	4.06835	-35.80148	-15.45973	12.20505	21.15542	-21.96909	-1.62734	-20.34175	-16.2734	-13.83239	-33.36047	-32.5468	0
12356	-1.62734	-37.42882	-13.01872	17.08707	14.64606	-22.78276	-1.62734	-23.59643	-0.81367	-2.44101	-30.91946	-32.5468	0
12357	-4.06835	-37.42882	-19.52808	19.52808	13.83239	-26.85111	-0.81367	-29.29212	8.95037	8.95037	-24.4101	-30.91946	0
12358	-6.50936	-42.31084	-30.91946	23.59643	14.64606	-35.80148	-3.25468	-34.98781	13.83239	17.90074	-18.71441	-31.73313	0
12359	-12.20505	-50.44754	-39.86983	31.73313	13.01872	-44.75185	-5.69569	-34.17414	19.52808	23.59643	-14.64606	-33.36047	0
12360	-14.64606	-56.14323	-47.19286	36.61515	13.83239	-52.88855	-5.69569	-21.96909	30.10579	28.47845	-8.95037	-34.17414	0
12361	-14.64606	-56.14323	-49.63387	36.61515	14.64606	-55.32956	0	-4.88202	43.93818	35.80148	-1.62734	-30.10579	0
12362	-13.01872	-52.07488	-48.00653	33.36047	14.64606	-52.88855	7.32303	11.39138	56.9569	43.93818	3.25468	-23.59643	0
12363	-8.1367	-47.19286	-44.75185	27.66478	16.2734	-48.8202	16.2734	24.4101	70.78929	49.63387	7.32303	-18.71441	0
12364	0	-43.12451	-44.75185	19.52808	21.96909	-44.75185	26.03744	30.10579	82.99434	53.70222	12.20505	-16.2734	0
12365	9.76404	-39.86983	-47.19286	12.20505	29.29212	-43.12451	31.73313	30.10579	89.5037	55.32956	13.01872	-15.45973	0
12366	12.20505	-40.6835	-48.8202	11.39138	31.73313	-43.93818	32.5468	25.22377	88.69003	52.07488	7.32303	-18.71441	0
12367	8.1367	-45.56552	-51.26121	20.34175	30.91946	-47.19286	29.29212	16.2734	83.80801	43.93818	-4.06835	-25.22377	0
12368	7.32303	-53.70222	-59.39791	34.98781	34.17414	-54.51589	26.03744	8.95037	78.92599	34.98781	-16.2734	-33.36047	0
12369	4.88202	-59.39791	-71.60296	41.49717	41.49717	-63.46626	24.4101	4.06835	75.67131	26.85111	-23.59643	-41.49717	0
12370	-2.44101	-63.46626	-83.80801	38.24249	50.44754	-72.41663	20.34175	0	70.78929	17.08707	-29.29212	-47.19286	0
12371	-13.01872	-72.41663	-90.31737	37.42882	56.14323	-80.55333	16.2734	-2.44101	63.46626	9.76404	-33.36047	-51.26121	0
12372	-20.34175	-82.99434	-87.06269	42.31084	56.14323	-83.80801	13.83239	0	57.77057	10.57771	-31.73313	-52.88855	0
12373	-25.22377	-86.24902	-79.73966	44.75185	48.00653	-82.18067	13.83239	6.50936	56.9569	17.90074	-24.4101	-51.26121	0
12374	-29.29212	-83.80801	-71.60296	43.93818	32.5468	-77.29865	14.64606	17.90074	64.27993	28.47845	-14.64606	-46.37919	0
12375	-28.47845	-76.48498	-59.39791	42.31084	17.08707	-68.34828	16.2734	29.29212	79.73966	40.6835	-5.69569	-40.6835	0
12376	-23.59643	-72.41663	-48.00653	41.49717	6.50936	-60.21158	18.71441	36.61515	97.6404	48.8202	-2.44101	-37.42882	0
12377	-21.96909	-72.41663	-45.56552	39.05616	4.88202	-59.39791	20.34175	41.49717	113.9138	52.07488	-3.25468	-35.80148	0
12378	-21.15542	-71.60296	-50.44754	34.98781	10.57771	-65.0936	22.78276	45.56552	128.55986	53.70222	-3.25468	-35.80148	0
12379	-17.08707	-66.72094	-53.70222	30.91946	16.2734	-72.41663	21.96909	49.63387	141.57858	52.88855	-3.25468	-35.80148	0
12380	-11.39138	-63.46626	-56.14323	29.29212	21.15542	-75.67131	17.08707	54.51589	150.52895	52.07488	-4.06835	-35.80148	0
12381	-0.81367	-64.27993	-65.90727	26.03744	31.73313	-77.29865	10.57771	58.58424	155.41097	50.44754	-7.32303	-35.80148	0
12382	13.01872	-65.90727	-80.55333	21.15542	46.37919	-81.367	5.69569	60.21158	158.66565	48.00653	-12.20505	-37.42882	0
12383	25.22377	-69.97562	-94.38572	17.90074	60.21158	-85.43535	2.44101	57.77057	158.66565	41.49717	-16.2734	-43.12451	0
12384	30.91946	-74.04397	-103.33609	18.71441	67.53461	-89.5037	1.62734	56.14323	152.96996	36.61515	-17.90074	-49.63387	0
12385	28.47845	-78.11232	-104.14976	22.78276	67.53461	-90.31737	0	54.51589	144.83326	32.5468	-19.52808	-55.32956	0
12386	17.08707	-82.99434	-97.6404	31.73313	57.77057	-89.5037	0	51.26121	135.88289	26.85111	-26.85111	-59.39791	0
12387	-0.81367	-89.5037	-82.18067	42.31084	40.6835	-81.367	0.81367	50.44754	128.55986	21.96909	-32.5468	-61.02525	0
12388	-17.90074	-96.82673	-62.65259	52.07488	21.96909	-69.16195	6.50936	52.88855	126.11885	21.96909	-34.98781	-58.58424	0
12389	-29.29212	-104.14976	-52.07488	62.65259	9.76404	-61.83892	13.01872	59.39791	126.93252	23.59643	-35.80148	-55.32956	0
12390	-35.80148	-106.59077	-48.8202	69.97562	4.88202	-61.83892	21.96909	69.97562	135.06922	29.29212	-34.17414	-50.44754	0
12391	-37.42882	-102.52242	-48.8202	69.16195	3.25468	-64.27993	31.73313	79.73966	149.71528	36.61515	-30.10579	-44.75185	0
12392	-29.29212	-93.57205	-54.51589	63.46626	10.57771	-66.72094	39.05616	82.99434	162.734	40.6835	-26.85111	-39.86983	0
12393	-8.95037	-82.18067	-67.53461	57.77057	27.66478	-70.78929	43.12451	78.11232	165.17501	39.05616	-25.22377	-39.86983	0
12394	13.83239	-69.97562	-86.24902	53.70222	49.63387	-74.85764	43.93818	69.16195	156.22464	37.42882	-23.59643	-44.75185	0
12395	27.66478	-62.65259	-104.96343	50.44754	66.72094	-79.73966	39.86983	61.02525	139.95124	32.5468	-26.85111	-49.63387	0
12396	32.5468	-61.02525	-118.79582	46.37919	76.48498	-87.87636	34.98781	53.70222	122.86417	26.03744	-34.17414	-56.14323	0
12397	32.5468	-69.16195	-126.11885	41.49717	79.73966	-96.82673	29.29212	44.75185	109.03178	20.34175	-42.31084	-63.46626	0
12398	29.29212	-82.18067	-126.11885	38.24249	77.29865	-102.52242	26.03744	39.86983	106.59077	17.08707	-47.19286	-67.53461	0
12399	14.64606	-94.38572	-121.23683	41.49717	70.78929	-104.14976	26.85111	46.37919	117.98215	17.90074	-45.56552	-65.0936	0
12400	-9.76404	-105.7771	-109.84545	57.77057	62.65259	-103.33609	30.91946	61.02525	135.06922	24.4101	-39.05616	-60.21158	0
12401	-30.10579	-115.54114	-90.31737	76.48498	51.26121	-98.45407	36.61515	76.48498	151.34262	30.91946	-34.98781	-56.9569	0
12402	-40.6835	-117.98215	-71.60296	85.43535	36.61515	-91.13104	41.49717	89.5037	162.734	34.98781	-33.36047	-56.14323	0
12403	-41.49717	-115.54114	-61.83892	82.99434	25.22377	-84.62168	44.75185	96.82673	169.24336	36.61515	-32.5468	-56.9569	0
12404	-34.98781	-106.59077	-58.58424	66.72094	20.34175	-79.73966	45.56552	97.6404	169.24336	37.42882	-32.5468	-60.21158	0
12405	-25.22377	-91.13104	-60.21158	45.56552	21.15542	-76.48498	44.75185	94.38572	165.98868	37.42882	-34.17414	-64.27993	0
12406	-14.64606	-75.67131	-69.16195	31.73313	27.66478	-78.92599	42.31084	90.31737	162.734	34.98781	-35.80148	-65.0936	0
12407	-8.1367	-67.53461	-78.11232	31.73313	33.36047	-82.99434	39.86983	89.5037	161.10666	34.17414	-36.61515	-63.46626	0
12408	-8.95037	-69.97562	-82.18067	39.05616	34.98781	-87.06269	36.61515	87.87636	162.734	34.17414	-35.80148	-61.02525	0
12409	-9.76404	-78.11232	-85.43535	48.00653	34.98781	-89.5037	34.17414	85.43535	168.42969	34.98781	-33.36047	-58.58424	0
12410	-11.39138	-85.43535	-83.80801	52.88855	32.5468	-88.69003	34.17414	83.80801	171.68437	33.36047	-34.17414	-58.58424	0
12411	-12.20505	-92.75838	-83.80801	54.51589	33.36047	-89.5037	36.61515	82.18067	163.54767	26.03744	-41.49717	-64.27993	0
12412	-11.39138	-100.89508	-91.13104	55.32956	38.24249	-95.19939	39.05616	79.73966	147.27427	15.45973	-48.8202	-74.04397	0
12413	-12.20505	-112.28646	-97.6404	57.77057	45.56552	-102.52242	39.05616	77.29865	134.25555	8.95037	-51.26121	-82.99434	0
12414	-14.64606	-122.86417	-98.45407	62.65259	51.26121	-105.7771	39.05616	73.2303	125.30518	4.88202	-52.07488	-85.43535	0
12415	-18.71441	-130.1872	-94.38572	69.16195	48.8202	-106.59077	39.05616	66.72094	125.30518	6.50936	-52.07488	-83.80801	0
12416	-27.66478	-135.06922	-89.5037	74.04397	39.86983	-105.7771	39.86983	60.21158	134.25555	13.01872	-48.8202	-80.55333	0
12417	-39.05616	-141.57858	-83.80801	78.11232	29.29212	-107.40444	39.86983	55.32956	144.01959	18.71441	-44.75185	-78.11232	0
12418	-44.75185	-145.64693	-78.11232	81.367	23.59643	-110.65912	38.24249	52.88855	149.71528	20.34175	-42.31084	-77.29865	0
12419	-45.56552	-144.01959	-76.48498	82.18067	21.15542	-116.35481	33.36047	51.26121	148.08794	19.52808	-40.6835	-75.67131	0
12420	-39.86983	-139.95124	-82.18067	80.55333	23.59643	-121.23683	28.47845	52.88855	142.39225	18.71441	-39.86983	-73.2303	0
12421	-30.91946	-135.06922	-93.57205	76.48498	31.73313	-121.23683	26.85111	55.32956	140.76491	20.34175	-40.6835	-70.78929	0
12422	-18.71441	-128.55986	-104.14976	68.34828	41.49717	-114.72747	27.66478	58.58424	142.39225	21.96909	-41.49717	-72.41663	0
12423	-4.06835	-114.72747	-107.40444	55.32956	49.63387	-104.96343	29.29212	61.02525	145.64693	21.96909	-45.56552	-77.29865	0
12424	8.1367	-96.01306	-104.14976	40.6835	55.32956	-93.57205	31.73313	61.83892	148.90161	21.96909	-51.26121	-85.43535	0
12425	17.08707	-77.29865	-94.38572	27.66478	55.32956	-80.55333	34.17414	61.02525	147.27427	22.78276	-56.14323	-91.94471	0
12426	20.34175	-63.46626	-78.11232	17.90074	48.8202	-65.0936	38.24249	57.77057	143.20592	23.59643	-56.9569	-93.57205	0
12427	15.45973	-59.39791	-60.21158	13.83239	38.24249	-50.44754	41.49717	55.32956	139.95124	18.71441	-54.51589	-91.94471	0
12428	8.1367	-63.46626	-49.63387	19.52808	26.85111	-46.37919	41.49717	52.07488	136.69656	12.20505	-55.32956	-90.31737	0
12429	1.62734	-74.04397	-49.63387	33.36047	18.71441	-53.70222	37.42882	48.00653	135.06922	6.50936	-58.58424	-90.31737	0
12430	-1.62734	-84.62168	-57.77057	47.19286	17.90074	-65.90727	31.73313	46.37919	137.51023	4.06835	-61.02525	-90.31737	0
12431	-6.50936	-91.13104	-66.72094	56.9569	21.96909	-75.67131	28.47845	49.63387	142.39225	7.32303	-60.21158	-89.5037	0
12432	-13.01872	-98.45407	-78.92599	62.65259	25.22377	-86.24902	27.66478	49.63387	135.88289	13.83239	-59.39791	-88.69003	0
12433	-19.52808	-109.03178	-96.01306	66.72094	24.4101	-104.96343	26.03744	46.37919	120.42316	21.15542	-61.83892	-87.87636	0
12434	-31.73313	-120.42316	-111.47279	73.2303	22.78276	-125.30518	26.03744	45.56552	104.96343	25.22377	-63.46626	-83.80801	0
12435	-43.12451	-131.00087	-116.35481	81.367	22.78276	-135.88289	30.91946	50.44754	93.57205	28.47845	-59.39791	-78.92599	0
12436	-37.42882	-131.00087	-114.72747	78.11232	30.10579	-132.62821	39.05616	54.51589	87.87636	31.73313	-52.88855	-74.04397	0
12437	-16.2734	-112.28646	-109.84545	60.21158	43.12451	-117.16848	43.93818	48.00653	88.69003	34.98781	-45.56552	-70.78929	0
12438	3.25468	-89.5037	-101.70875	40.6835	50.44754	-99.26774	42.31084	34.98781	92.75838	37.42882	-40.6835	-69.97562	0
12439	13.83239	-78.11232	-91.13104	32.5468	49.63387	-88.69003	36.61515	25.22377	100.89508	39.05616	-39.86983	-71.60296	0
12440	17.90074	-78.92599	-82.99434	35.80148	42.31084	-83.80801	33.36047	22.78276	113.9138	41.49717	-42.31084	-74.04397	0
12441	16.2734	-84.62168	-80.55333	41.49717	37.42882	-84.62168	34.17414	28.47845	128.55986	41.49717	-45.56552	-74.04397	0
12442	10.57771	-92.75838	-86.24902	44.75185	39.05616	-89.5037	37.42882	41.49717	140.76491	38.24249	-46.37919	-72.41663	0
12443	4.88202	-102.52242	-95.19939	48.8202	43.12451	-98.45407	39.86983	51.26121	147.27427	31.73313	-48.00653	-72.41663	0
12444	0	-109.03178	-102.52242	51.26121	47.19286	-104.96343	41.49717	51.26121	145.64693	23.59643	-51.26121	-76.48498	0
12445	-2.44101	-109.03178	-103.33609	52.07488	48.8202	-104.96343	43.12451	39.86983	135.06922	17.90074	-54.51589	-78.92599	0
12446	-2.44101	-108.21811	-96.01306	56.14323	42.31084	-100.89508	42.31084	22.78276	119.60949	13.83239	-53.70222	-78.92599	0
12447	0	-110.65912	-84.62168	65.0936	31.73313	-96.82673	39.86983	10.57771	105.7771	11.39138	-50.44754	-76.48498	0
12448	4.06835	-103.33609	-77.29865	64.27993	29.29212	-89.5037	38.24249	8.95037	96.82673	13.01872	-47.19286	-74.85764	0
12449	13.01872	-87.06269	-74.85764	49.63387	36.61515	-80.55333	36.61515	12.20505	90.31737	17.08707	-46.37919	-74.04397	0
12450	21.96909	-74.85764	-80.55333	33.36047	46.37919	-77.29865	33.36047	17.08707	88.69003	23.59643	-46.37919	-74.04397	0
12451	27.66478	-70.78929	-90.31737	22.78276	56.14323	-79.73966	27.66478	24.4101	91.13104	30.91946	-43.93818	-74.04397	0
12452	25.22377	-75.67131	-97.6404	18.71441	60.21158	-85.43535	21.96909	29.29212	95.19939	36.61515	-42.31084	-73.2303	0
12453	8.95037	-86.24902	-96.82673	23.59643	52.07488	-91.13104	17.08707	30.10579	96.82673	36.61515	-43.93818	-71.60296	0
12454	-10.57771	-91.94471	-89.5037	39.05616	39.05616	-93.57205	17.90074	30.10579	100.08141	34.17414	-45.56552	-67.53461	0
12455	-18.71441	-89.5037	-82.18067	54.51589	30.91946	-91.13104	25.22377	33.36047	104.96343	34.17414	-41.49717	-62.65259	0
12456	-16.2734	-83.80801	-69.16195	62.65259	22.78276	-80.55333	39.86983	39.05616	111.47279	38.24249	-33.36047	-56.9569	0
12457	-8.1367	-78.11232	-50.44754	64.27993	8.95037	-66.72094	56.9569	44.75185	114.72747	45.56552	-24.4101	-52.07488	0
12458	-6.50936	-69.16195	-39.86983	57.77057	-0.81367	-55.32956	69.97562	48.00653	117.16848	54.51589	-14.64606	-46.37919	0
12459	-12.20505	-59.39791	-40.6835	42.31084	-4.88202	-50.44754	76.48498	50.44754	118.79582	62.65259	-4.88202	-38.24249	0
12460	-19.52808	-53.70222	-45.56552	29.29212	0	-47.19286	76.48498	52.07488	119.60949	69.16195	0.81367	-32.5468	0
12461	-26.03744	-50.44754	-46.37919	24.4101	7.32303	-41.49717	74.04397	52.88855	121.23683	73.2303	1.62734	-32.5468	0
12462	-27.66478	-47.19286	-40.6835	21.96909	11.39138	-32.5468	72.41663	53.70222	124.49151	73.2303	-1.62734	-38.24249	0
12463	-16.2734	-40.6835	-31.73313	17.90074	14.64606	-23.59643	69.97562	51.26121	126.93252	71.60296	-6.50936	-44.75185	0
12464	4.06835	-30.10579	-26.03744	14.64606	23.59643	-14.64606	62.65259	44.75185	125.30518	67.53461	-10.57771	-49.63387	0
12465	23.59643	-18.71441	-21.96909	11.39138	34.98781	-10.57771	51.26121	31.73313	115.54114	58.58424	-15.45973	-54.51589	0
12466	30.10579	-8.95037	-22.78276	8.95037	40.6835	-13.83239	41.49717	21.96909	105.7771	50.44754	-19.52808	-55.32956	0
12467	26.03744	-1.62734	-23.59643	7.32303	35.80148	-17.08707	40.6835	19.52808	100.08141	48.00653	-17.90074	-49.63387	0
12468	19.52808	3.25468	-16.2734	4.06835	26.03744	-11.39138	48.00653	22.78276	100.89508	54.51589	-7.32303	-40.6835	0
12469	14.64606	8.1367	-2.44101	0	17.90074	-0.81367	57.77057	29.29212	106.59077	65.0936	4.06835	-35.80148	0
12470	12.20505	11.39138	8.1367	-4.88202	9.76404	7.32303	65.0936	34.98781	112.28646	71.60296	8.95037	-35.80148	0
12471	13.83239	13.83239	9.76404	-9.76404	7.32303	12.20505	65.90727	35.80148	109.84545	72.41663	7.32303	-37.42882	0
12472	21.15542	15.45973	1.62734	-11.39138	11.39138	10.57771	57.77057	31.73313	100.08141	71.60296	2.44101	-40.6835	0
12473	28.47845	13.83239	-5.69569	-10.57771	15.45973	5.69569	41.49717	24.4101	89.5037	71.60296	-2.44101	-43.12451	0
12474	31.73313	9.76404	-7.32303	-7.32303	13.01872	2.44101	19.52808	16.2734	83.80801	72.41663	-6.50936	-43.93818	0
12475	31.73313	13.01872	-2.44101	-10.57771	8.95037	6.50936	-0.81367	8.95037	87.06269	74.85764	-3.25468	-39.86983	0
12476	34.17414	27.66478	6.50936	-22.78276	5.69569	18.71441	-16.2734	0.81367	94.38572	81.367	6.50936	-30.10579	0
12477	33.36047	43.93818	18.71441	-36.61515	2.44101	32.5468	-23.59643	-6.50936	100.08141	87.06269	15.45973	-19.52808	0
12478	26.03744	55.32956	28.47845	-45.56552	-0.81367	44.75185	-23.59643	-16.2734	105.7771	89.5037	18.71441	-13.01872	0
12479	16.2734	61.02525	32.5468	-45.56552	0	53.70222	-20.34175	-26.03744	109.03178	91.13104	19.52808	-10.57771	0
12480	16.2734	68.34828	33.36047	-45.56552	2.44101	59.39791	-18.71441	-31.73313	109.84545	92.75838	20.34175	-9.76404	0
12481	27.66478	73.2303	30.10579	-52.88855	7.32303	59.39791	-17.08707	-30.10579	111.47279	94.38572	20.34175	-11.39138	0
12482	37.42882	66.72094	19.52808	-59.39791	11.39138	49.63387	-14.64606	-24.4101	114.72747	91.13104	17.90074	-15.45973	0
12483	44.75185	53.70222	5.69569	-58.58424	13.01872	33.36047	-14.64606	-17.08707	116.35481	86.24902	13.83239	-21.15542	0
12484	47.19286	41.49717	-4.06835	-52.88855	14.64606	20.34175	-17.90074	-10.57771	116.35481	79.73966	8.1367	-26.03744	0
12485	35.80148	32.5468	-7.32303	-42.31084	10.57771	10.57771	-20.34175	-9.76404	113.10013	71.60296	2.44101	-28.47845	0
12486	13.01872	26.85111	-1.62734	-32.5468	0	3.25468	-21.96909	-16.2734	105.7771	61.83892	-1.62734	-31.73313	0
12487	-4.88202	22.78276	2.44101	-21.96909	-9.76404	2.44101	-23.59643	-23.59643	96.01306	54.51589	-2.44101	-33.36047	0
12488	-5.69569	26.03744	0.81367	-14.64606	-10.57771	8.95037	-21.15542	-23.59643	90.31737	51.26121	4.06835	-32.5468	0
12489	8.95037	34.17414	-3.25468	-9.76404	-1.62734	15.45973	-17.08707	-14.64606	89.5037	52.88855	17.08707	-30.91946	0
12490	26.03744	28.47845	-17.08707	-6.50936	14.64606	8.1367	-13.83239	-4.06835	90.31737	57.77057	24.4101	-29.29212	0
12491	39.05616	4.88202	-43.93818	-4.06835	36.61515	-15.45973	-13.01872	-2.44101	91.94471	62.65259	21.15542	-30.10579	0
12492	46.37919	-22.78276	-76.48498	0	60.21158	-45.56552	-13.83239	-9.76404	91.13104	62.65259	10.57771	-34.98781	0
12493	44.75185	-44.75185	-100.89508	5.69569	78.11232	-69.97562	-14.64606	-20.34175	88.69003	57.77057	-2.44101	-41.49717	0
12494	35.80148	-57.77057	-110.65912	14.64606	80.55333	-82.99434	-16.2734	-31.73313	88.69003	52.07488	-13.83239	-43.93818	0
12495	24.4101	-61.83892	-108.21811	23.59643	73.2303	-88.69003	-15.45973	-35.80148	91.94471	47.19286	-17.08707	-43.12451	0
12496	15.45973	-61.83892	-101.70875	30.91946	62.65259	-89.5037	-12.20505	-27.66478	89.5037	39.86983	-15.45973	-43.12451	0
12497	8.95037	-64.27993	-92.75838	34.98781	52.88855	-86.24902	-4.88202	-17.08707	78.11232	30.91946	-16.2734	-46.37919	0
12498	5.69569	-76.48498	-84.62168	34.98781	46.37919	-82.99434	3.25468	-11.39138	61.83892	21.96909	-21.96909	-51.26121	0
12499	4.88202	-93.57205	-80.55333	35.80148	45.56552	-85.43535	13.01872	-13.83239	49.63387	13.83239	-30.91946	-56.9569	0
12500	3.25468	-106.59077	-83.80801	39.86983	46.37919	-91.94471	21.15542	-20.34175	43.12451	13.01872	-37.42882	-61.83892	0
12501	-2.44101	-112.28646	-90.31737	48.8202	45.56552	-100.08141	30.10579	-23.59643	47.19286	17.08707	-40.6835	-65.0936	0
12502	-14.64606	-114.72747	-97.6404	63.46626	41.49717	-109.84545	35.80148	-26.85111	61.02525	20.34175	-45.56552	-69.97562	0
12503	-21.15542	-117.98215	-100.89508	73.2303	41.49717	-118.79582	37.42882	-30.91946	74.85764	19.52808	-52.88855	-76.48498	0
12504	-14.64606	-120.42316	-103.33609	70.78929	51.26121	-125.30518	33.36047	-34.98781	78.11232	12.20505	-62.65259	-84.62168	0
12505	-5.69569	-117.16848	-106.59077	61.83892	61.83892	-126.11885	24.4101	-39.86983	63.46626	2.44101	-70.78929	-91.13104	0
12506	2.44101	-107.40444	-106.59077	50.44754	66.72094	-117.16848	14.64606	-39.05616	43.12451	-0.81367	-70.78929	-91.13104	0
12507	3.25468	-100.89508	-102.52242	45.56552	61.83892	-104.96343	6.50936	-33.36047	30.91946	0.81367	-63.46626	-85.43535	0
12508	-6.50936	-107.40444	-101.70875	54.51589	51.26121	-100.08141	2.44101	-27.66478	31.73313	5.69569	-56.9569	-79.73966	0
12509	-20.34175	-117.98215	-102.52242	66.72094	39.05616	-102.52242	4.06835	-19.52808	43.93818	11.39138	-53.70222	-78.11232	0
12510	-34.17414	-126.11885	-103.33609	78.92599	30.10579	-113.10013	8.1367	-10.57771	61.02525	14.64606	-53.70222	-78.92599	0
12511	-44.75185	-128.55986	-103.33609	92.75838	23.59643	-122.86417	11.39138	-5.69569	78.92599	13.01872	-57.77057	-84.62168	0
12512	-40.6835	-126.93252	-107.40444	104.14976	28.47845	-127.74619	18.71441	-7.32303	93.57205	10.57771	-60.21158	-88.69003	0
12513	-25.22377	-126.11885	-116.35481	111.47279	39.86983	-130.1872	29.29212	-12.20505	101.70875	10.57771	-58.58424	-88.69003	0
12514	-14.64606	-137.51023	-130.1872	115.54114	48.00653	-135.06922	39.05616	-17.90074	104.14976	12.20505	-56.14323	-85.43535	0
12515	-14.64606	-152.96996	-140.76491	113.9138	52.07488	-135.88289	43.93818	-18.71441	100.89508	13.01872	-53.70222	-80.55333	0
12516	-14.64606	-160.29299	-144.01959	108.21811	56.14323	-135.06922	42.31084	-13.01872	94.38572	13.01872	-51.26121	-76.48498	0
12517	-11.39138	-158.66565	-144.01959	101.70875	61.02525	-135.88289	36.61515	-5.69569	83.80801	10.57771	-49.63387	-75.67131	0
12518	-8.1367	-153.78363	-144.83326	93.57205	65.0936	-139.13757	30.91946	0	69.16195	8.1367	-51.26121	-76.48498	0
12519	-3.25468	-146.4606	-144.01959	82.18067	68.34828	-140.76491	27.66478	4.88202	57.77057	7.32303	-48.00653	-77.29865	0
12520	-0.81367	-137.51023	-138.3239	75.67131	66.72094	-136.69656	31.73313	10.57771	54.51589	8.95037	-38.24249	-78.11232	0
12521	-0.81367	-135.06922	-134.25555	78.92599	65.0936	-134.25555	39.86983	16.2734	59.39791	14.64606	-30.91946	-77.29865	0
12522	-8.1367	-144.01959	-135.06922	89.5037	61.02525	-138.3239	47.19286	21.96909	68.34828	20.34175	-30.91946	-74.85764	0
12523	-24.4101	-161.10666	-135.06922	103.33609	53.70222	-147.27427	51.26121	21.15542	75.67131	21.15542	-34.17414	-75.67131	0
12524	-41.49717	-179.0074	-135.06922	114.72747	45.56552	-155.41097	51.26121	11.39138	76.48498	16.2734	-38.24249	-77.29865	0
12525	-47.19286	-188.77144	-137.51023	121.23683	43.93818	-161.10666	47.19286	-3.25468	68.34828	7.32303	-46.37919	-78.92599	0
12526	-39.05616	-191.21245	-146.4606	119.60949	52.88855	-165.98868	39.86983	-26.03744	51.26121	-4.06835	-56.14323	-82.18067	0
12527	-30.91946	-188.77144	-152.96996	109.03178	60.21158	-167.61602	32.5468	-56.9569	27.66478	-17.08707	-65.0936	-84.62168	0
12528	-30.10579	-179.82107	-147.27427	95.19939	57.77057	-161.10666	25.22377	-93.57205	-4.06835	-25.22377	-74.04397	-84.62168	0
12529	-30.10579	-165.17501	-134.25555	83.80801	50.44754	-148.90161	15.45973	-138.3239	-50.44754	-33.36047	-79.73966	-82.18067	0
12530	-29.29212	-148.90161	-119.60949	75.67131	43.12451	-133.44188	-0.81367	-196.90814	-118.79582	-48.8202	-80.55333	-78.92599	0
12531	-31.73313	-132.62821	-100.08141	72.41663	33.36047	-115.54114	-29.29212	-275.83413	-214.80888	-74.04397	-74.85764	-71.60296	0
12532	-34.17414	-106.59077	-70.78929	63.46626	20.34175	-87.06269	-65.90727	-371.84719	-333.6047	-103.33609	-65.0936	-52.88855	0
12533	-24.4101	-55.32956	-28.47845	35.80148	5.69569	-39.86983	-103.33609	-478.43796	-470.30126	-131.00087	-43.93818	-14.64606	0
12534	-2.44101	18.71441	23.59643	-9.76404	-9.76404	22.78276	-138.3239	-593.16543	-621.64388	-152.96996	-4.88202	42.31084	0
12535	16.2734	100.89508	86.24902	-59.39791	-32.5468	94.38572	-173.31171	-719.28428	-782.75054	-164.36134	51.26121	113.9138	0
12536	28.47845	187.1441	161.10666	-108.21811	-64.27993	174.93905	-208.29952	-854.3535	-941.41619	-164.36134	122.86417	195.2808	0
12537	43.93818	290.48019	248.98302	-167.61602	-101.70875	270.95211	-244.101	-1000.8141	-1091.13147	-151.34262	209.11319	285.59817	0
12538	65.90727	419.04005	353.13278	-242.47366	-144.01959	386.49325	-287.22551	-1169.24379	-1241.66042	-131.81454	309.1946	384.86591	0
12539	87.06269	567.12799	479.25163	-328.72268	-196.90814	523.18981	-340.92773	-1366.15193	-1404.39442	-108.21811	416.59904	491.45668	0
12540	101.70875	720.91162	618.3892	-414.15803	-259.56073	669.65041	-410.90335	-1584.21549	-1580.96081	-82.18067	524.00348	597.23378	0
12541	111.47279	854.3535	755.08576	-493.08402	-323.02699	799.02394	-509.35742	-1812.04309	-1759.15454	-54.51589	625.71223	694.06051	0
12542	126.11885	955.24858	869.81323	-564.68698	-373.47453	895.037	-635.47627	-2009.7649	-1916.19285	-24.4101	711.96125	774.61384	0
12543	146.4606	1027.66521	934.90683	-616.76186	-396.25729	957.68959	-762.40879	-2138.32476	-2023.59729	3.25468	761.59512	821.8067	0
12544	161.10666	1030.91989	915.37875	-620.83021	-378.35655	953.62124	-856.79451	-2201.79102	-2051.26207	13.01872	745.32172	813.67	0
12545	157.85198	921.88811	794.14192	-555.73661	-318.95864	845.40313	-899.91902	-2187.95863	-1975.59076	0	659.0727	742.06704	0
12546	133.44188	709.52024	592.35176	-429.61776	-229.45494	645.24031	-889.34131	-2082.9952	-1810.41575	-33.36047	509.35742	617.57553	0
12547	92.75838	434.49978	348.25076	-266.88376	-127.74619	390.5616	-848.65781	-1911.31083	-1622.45798	-107.40444	302.68524	452.40052	0
12548	42.31084	137.51023	95.19939	-91.13104	-26.03744	117.98215	-810.41532	-1718.47104	-1481.69307	-253.05137	51.26121	264.44275	0
12549	-7.32303	-141.57858	-136.69656	74.04397	62.65259	-137.51023	-778.68219	-1541.09098	-1401.95341	-471.11493	-208.29952	83.80801	0
12550	-46.37919	-369.40618	-325.468	204.23117	137.51023	-345.80975	-747.76273	-1391.3757	-1371.84762	-720.91162	-431.2451	-61.83892	0
12551	-63.46626	-519.93513	-458.90988	284.7845	195.2808	-487.38833	-721.72529	-1255.49281	-1363.71092	-935.7205	-580.14671	-158.66565	0
12552	-62.65259	-595.60644	-537.0222	326.28167	236.77797	-563.87331	-692.43317	-1116.35524	-1338.48715	-1066.72137	-649.30866	-208.29952	0
12553	-59.39791	-620.83021	-570.38267	343.36874	261.18807	-592.35176	-645.24031	-963.38528	-1269.3252	-1099.26817	-652.56334	-221.31824	0
12554	-57.77057	-623.27122	-571.19634	343.36874	268.5111	-590.72442	-577.7057	-793.32825	-1147.2747	-1049.6343	-611.06617	-213.99521	0
12555	-56.14323	-611.87984	-555.73661	331.97736	261.18807	-576.07836	-493.08402	-616.76186	-985.35437	-942.22986	-544.34523	-199.34915	0
12556	-54.51589	-592.35176	-533.76752	317.3313	248.16935	-556.55028	-402.76665	-453.21419	-807.16064	-807.97431	-471.9286	-183.88942	0
12557	-50.44754	-566.31432	-509.35742	302.68524	233.52329	-532.95385	-315.70396	-318.95864	-635.47627	-672.90509	-405.20766	-171.68437	0
12558	-46.37919	-533.76752	-480.0653	287.22551	215.62255	-504.4754	-241.65999	-219.6909	-484.94732	-550.85459	-349.8781	-163.54767	0
12559	-42.31084	-497.96604	-447.5185	269.32477	197.72181	-471.9286	-186.33043	-150.52895	-362.08315	-445.89116	-301.0579	-157.03831	0
12560	-36.61515	-460.53722	-417.41271	247.35568	184.70309	-439.3818	-145.64693	-102.52242	-261.18807	-358.82847	-258.74706	-149.71528	0
12561	-23.59643	-420.66739	-393.00261	219.6909	176.56639	-406.835	-113.10013	-68.34828	-177.38006	-288.03918	-222.94558	-139.95124	0
12562	0	-371.84719	-368.59251	183.88942	170.05703	-369.40618	-79.73966	-39.86983	-104.96343	-229.45494	-190.39878	-127.74619	0
12563	23.59643	-314.89029	-336.85938	147.27427	163.54767	-324.65433	-40.6835	-7.32303	-37.42882	-178.19373	-158.66565	-113.10013	0
12564	37.42882	-258.74706	-294.54854	120.42316	152.15629	-275.02046	1.62734	33.36047	25.22377	-131.00087	-128.55986	-97.6404	0
12565	34.17414	-213.18154	-247.35568	104.14976	131.81454	-228.64127	40.6835	78.11232	79.73966	-89.5037	-100.89508	-83.80801	0
12566	16.2734	-186.33043	-201.79016	97.6404	104.96343	-192.83979	63.46626	117.16848	119.60949	-54.51589	-78.92599	-74.85764	0
12567	-5.69569	-170.8707	-162.734	96.01306	77.29865	-165.17501	72.41663	143.20592	146.4606	-26.85111	-61.83892	-69.16195	0
12568	-26.03744	-161.10666	-133.44188	96.82673	52.88855	-146.4606	74.04397	154.5973	161.92033	-5.69569	-49.63387	-66.72094	0
12569	-39.05616	-156.22464	-117.98215	97.6404	38.24249	-136.69656	71.60296	155.41097	170.8707	7.32303	-45.56552	-68.34828	0
12570	-37.42882	-148.90161	-111.47279	90.31737	34.98781	-133.44188	69.97562	158.66565	178.19373	17.08707	-45.56552	-71.60296	0
12571	-29.29212	-130.1872	-106.59077	78.92599	39.86983	-129.37353	75.67131	171.68437	193.65346	29.29212	-41.49717	-69.16195	0
12572	-21.15542	-107.40444	-104.96343	71.60296	49.63387	-120.42316	90.31737	186.33043	214.80888	43.93818	-34.98781	-63.46626	0
12573	-14.64606	-99.26774	-109.03178	68.34828	57.77057	-115.54114	101.70875	196.90814	233.52329	57.77057	-30.10579	-63.46626	0
12574	-11.39138	-110.65912	-114.72747	68.34828	59.39791	-119.60949	109.84545	200.16282	244.91467	66.72094	-22.78276	-67.53461	0
12575	-8.1367	-126.11885	-117.16848	66.72094	58.58424	-125.30518	117.98215	196.90814	245.72834	69.97562	-17.08707	-67.53461	0
12576	-5.69569	-131.81454	-118.79582	59.39791	59.39791	-125.30518	124.49151	189.58511	240.03265	67.53461	-14.64606	-63.46626	0
12577	-3.25468	-124.49151	-120.42316	51.26121	64.27993	-121.23683	124.49151	183.88942	234.33696	64.27993	-14.64606	-57.77057	0
12578	5.69569	-113.10013	-122.86417	43.93818	73.2303	-115.54114	119.60949	184.70309	231.08228	61.83892	-14.64606	-52.88855	0
12579	19.52808	-107.40444	-123.67784	39.05616	81.367	-113.9138	112.28646	192.02612	233.52329	61.83892	-14.64606	-52.07488	0
12580	28.47845	-108.21811	-126.93252	36.61515	87.06269	-115.54114	105.7771	201.79016	240.84632	64.27993	-16.2734	-53.70222	0
12581	34.98781	-110.65912	-131.81454	34.98781	91.94471	-114.72747	105.7771	212.36787	248.16935	67.53461	-17.90074	-56.14323	0
12582	43.93818	-109.03178	-131.00087	30.10579	96.82673	-110.65912	112.28646	220.50457	254.67871	70.78929	-20.34175	-56.14323	0
12583	47.19286	-101.70875	-123.67784	23.59643	94.38572	-103.33609	124.49151	223.75925	260.3744	74.04397	-21.96909	-54.51589	0
12584	43.93818	-93.57205	-113.10013	20.34175	84.62168	-95.19939	134.25555	224.57292	262.00174	74.04397	-24.4101	-53.70222	0
12585	37.42882	-83.80801	-104.96343	19.52808	74.04397	-87.87636	136.69656	222.94558	257.93339	70.78929	-25.22377	-54.51589	0
12586	23.59643	-79.73966	-96.82673	20.34175	61.83892	-85.43535	132.62821	218.87723	248.16935	62.65259	-26.03744	-57.77057	0
12587	1.62734	-87.06269	-89.5037	21.15542	45.56552	-87.87636	126.11885	213.99521	238.40531	52.88855	-26.03744	-61.83892	0
12588	-13.83239	-90.31737	-83.80801	24.4101	31.73313	-86.24902	125.30518	214.80888	235.15063	46.37919	-26.03744	-65.0936	0
12589	-17.08707	-84.62168	-82.18067	26.85111	24.4101	-79.73966	128.55986	221.31824	237.59164	47.19286	-27.66478	-66.72094	0
12590	-16.2734	-81.367	-82.99434	30.91946	22.78276	-75.67131	129.37353	226.20026	240.03265	54.51589	-27.66478	-65.90727	0
12591	-16.2734	-86.24902	-84.62168	40.6835	25.22377	-78.92599	126.93252	226.20026	240.03265	65.0936	-26.85111	-65.90727	0
12592	-18.71441	-96.82673	-87.87636	52.88855	27.66478	-87.87636	123.67784	220.50457	241.65999	74.85764	-24.4101	-66.72094	0
12593	-19.52808	-104.14976	-93.57205	63.46626	28.47845	-98.45407	122.86417	213.18154	248.16935	82.18067	-18.71441	-66.72094	0
12594	-17.90074	-106.59077	-98.45407	65.0936	27.66478	-104.96343	124.49151	209.92686	258.74706	88.69003	-11.39138	-64.27993	0
12595	-15.45973	-100.89508	-98.45407	58.58424	28.47845	-102.52242	130.1872	216.43622	269.32477	95.19939	-4.88202	-57.77057	0
12596	-9.76404	-90.31737	-87.06269	49.63387	28.47845	-89.5037	135.88289	229.45494	276.6478	100.08141	0.81367	-49.63387	0
12597	-4.06835	-74.85764	-72.41663	38.24249	27.66478	-73.2303	139.13757	242.47366	279.90248	104.14976	5.69569	-41.49717	0
12598	1.62734	-58.58424	-62.65259	25.22377	30.91946	-59.39791	141.57858	250.61036	283.15716	109.03178	11.39138	-37.42882	0
12599	9.76404	-48.00653	-56.9569	16.2734	34.98781	-48.8202	142.39225	256.30605	288.03918	112.28646	17.08707	-36.61515	0
12600	12.20505	-39.86983	-50.44754	12.20505	33.36047	-40.6835	143.20592	262.00174	296.98955	115.54114	17.90074	-36.61515	0
12601	6.50936	-31.73313	-42.31084	13.01872	26.03744	-34.98781	146.4606	270.13844	307.56726	120.42316	15.45973	-36.61515	0
12602	-4.06835	-25.22377	-36.61515	11.39138	21.15542	-30.91946	151.34262	283.15716	317.3313	125.30518	15.45973	-33.36047	0
12603	-17.08707	-26.03744	-39.05616	9.76404	23.59643	-33.36047	154.5973	298.61689	321.39965	128.55986	17.90074	-30.10579	0
12604	-29.29212	-40.6835	-47.19286	18.71441	24.4101	-41.49717	152.96996	309.1946	315.70396	128.55986	21.15542	-29.29212	0
12605	-34.98781	-60.21158	-52.88855	34.17414	21.15542	-47.19286	148.90161	311.63561	306.75359	122.86417	20.34175	-27.66478	0
12606	-30.10579	-69.97562	-56.14323	44.75185	20.34175	-50.44754	144.83326	308.38093	299.43056	115.54114	17.90074	-26.85111	0
12607	-17.90074	-69.97562	-58.58424	48.8202	23.59643	-52.88855	139.95124	299.43056	294.54854	110.65912	15.45973	-27.66478	0
12608	-10.57771	-65.0936	-55.32956	48.00653	28.47845	-52.88855	134.25555	292.10753	292.10753	108.21811	14.64606	-26.85111	0
12609	-13.83239	-58.58424	-43.12451	44.75185	31.73313	-50.44754	129.37353	288.85285	297.80322	111.47279	16.2734	-21.96909	0
12610	-13.83239	-47.19286	-31.73313	41.49717	31.73313	-47.19286	126.11885	292.10753	312.44928	121.23683	23.59643	-14.64606	0
12611	-5.69569	-32.5468	-28.47845	36.61515	31.73313	-41.49717	124.49151	301.87157	329.53635	131.00087	30.91946	-9.76404	0
12612	-4.88202	-25.22377	-30.91946	32.5468	32.5468	-35.80148	122.86417	316.51763	344.99608	134.25555	30.91946	-13.01872	0
12613	-14.64606	-31.73313	-30.91946	33.36047	28.47845	-35.80148	122.86417	333.6047	353.94645	131.81454	25.22377	-19.52808	0
12614	-24.4101	-43.12451	-28.47845	38.24249	21.15542	-37.42882	126.11885	351.50544	355.57379	128.55986	21.15542	-22.78276	0
12615	-29.29212	-48.8202	-27.66478	39.05616	15.45973	-38.24249	133.44188	364.52416	352.31911	127.74619	21.96909	-21.15542	0
12616	-26.85111	-47.19286	-28.47845	32.5468	13.83239	-36.61515	139.13757	369.40618	344.99608	127.74619	24.4101	-17.90074	0
12617	-16.2734	-39.05616	-29.29212	21.15542	15.45973	-31.73313	142.39225	368.59251	339.30039	131.00087	30.10579	-13.01872	0
12618	-2.44101	-25.22377	-27.66478	7.32303	17.08707	-24.4101	142.39225	366.96517	339.30039	136.69656	36.61515	-7.32303	0
12619	15.45973	-2.44101	-26.03744	-11.39138	19.52808	-12.20505	141.57858	368.59251	340.92773	143.20592	40.6835	-0.81367	0
12620	34.98781	22.78276	-22.78276	-34.98781	21.15542	4.06835	144.01959	375.91554	342.55507	150.52895	47.19286	4.88202	0
12621	50.44754	43.12451	-15.45973	-55.32956	18.71441	17.08707	149.71528	387.30692	340.92773	155.41097	53.70222	10.57771	0
12622	61.83892	56.9569	-3.25468	-67.53461	13.01872	26.03744	152.96996	397.88463	336.85938	154.5973	56.14323	12.20505	0
12623	59.39791	66.72094	13.01872	-72.41663	5.69569	30.91946	151.34262	403.58032	332.79103	148.90161	50.44754	9.76404	0
12624	42.31084	69.97562	30.91946	-72.41663	-7.32303	31.73313	144.83326	403.58032	325.468	140.76491	39.86983	7.32303	0
12625	22.78276	67.53461	48.8202	-72.41663	-26.03744	36.61515	139.95124	402.76665	320.58598	131.81454	33.36047	4.06835	0
12626	2.44101	74.85764	68.34828	-68.34828	-37.42882	55.32956	138.3239	406.835	323.84066	125.30518	35.80148	4.88202	0
12627	-17.08707	91.94471	85.43535	-55.32956	-43.12451	79.73966	135.88289	415.78537	331.97736	122.0505	45.56552	9.76404	0
12628	-30.91946	103.33609	101.70875	-42.31084	-51.26121	98.45407	133.44188	423.92207	340.11406	118.79582	56.14323	15.45973	0
12629	-40.6835	103.33609	115.54114	-30.91946	-65.0936	108.21811	133.44188	429.61776	342.55507	115.54114	62.65259	18.71441	0
12630	-43.93818	97.6404	122.86417	-25.22377	-75.67131	110.65912	135.88289	435.31345	344.18241	116.35481	65.0936	20.34175	0
12631	-35.80148	97.6404	123.67784	-30.10579	-76.48498	112.28646	140.76491	443.45015	347.43709	121.23683	65.0936	22.78276	0
12632	-18.71441	109.03178	124.49151	-44.75185	-73.2303	119.60949	149.71528	458.09621	349.06443	127.74619	68.34828	30.91946	0
12633	-1.62734	128.55986	132.62821	-63.46626	-73.2303	133.44188	159.47932	475.99695	346.62342	131.00087	74.85764	42.31084	0
12634	8.95037	150.52895	146.4606	-79.73966	-77.29865	150.52895	162.734	490.64301	340.92773	130.1872	79.73966	53.70222	0
12635	14.64606	172.49804	164.36134	-91.94471	-82.99434	170.05703	156.22464	496.3387	329.53635	124.49151	82.18067	61.83892	0
12636	19.52808	192.02612	181.44841	-104.14976	-87.06269	188.77144	141.57858	492.27035	311.63561	116.35481	84.62168	65.0936	0
12637	28.47845	211.5542	190.39878	-118.79582	-84.62168	202.60383	125.30518	480.87897	289.66652	108.21811	87.06269	66.72094	0
12638	43.12451	227.8276	189.58511	-135.88289	-75.67131	209.92686	111.47279	466.23291	267.69743	104.96343	91.94471	70.78929	0
12639	57.77057	240.03265	183.88942	-150.52895	-64.27993	212.36787	104.14976	452.40052	250.61036	108.21811	96.01306	75.67131	0
12640	67.53461	245.72834	177.38006	-159.47932	-54.51589	211.5542	105.7771	443.45015	240.84632	115.54114	100.89508	79.73966	0
12641	69.16195	247.35568	174.12538	-161.92033	-52.07488	213.99521	113.10013	441.82281	237.59164	123.67784	109.84545	85.43535	0
12642	64.27993	248.98302	180.63474	-159.47932	-59.39791	219.6909	121.23683	445.89116	239.21898	128.55986	117.98215	92.75838	0
12643	50.44754	251.42403	197.72181	-152.96996	-71.60296	229.45494	128.55986	453.21419	240.84632	128.55986	123.67784	101.70875	0
12644	32.5468	253.86504	221.31824	-144.83326	-85.43535	240.84632	133.44188	458.09621	239.21898	122.86417	124.49151	109.03178	0
12645	22.78276	260.3744	238.40531	-142.39225	-95.19939	251.42403	133.44188	456.46887	231.08228	113.10013	122.0505	112.28646	0
12646	30.91946	280.71615	251.42403	-156.22464	-99.26774	267.69743	127.74619	449.95951	218.87723	104.96343	122.86417	117.98215	0
12647	48.00653	314.07662	269.32477	-182.26208	-102.52242	292.9212	117.98215	437.75446	203.4175	99.26774	131.81454	128.55986	0
12648	55.32956	350.69177	296.98955	-204.23117	-117.16848	324.65433	104.14976	424.73574	185.51676	94.38572	147.27427	141.57858	0
12649	49.63387	374.2882	330.35002	-210.74053	-137.51023	352.31911	86.24902	411.71702	165.98868	91.94471	161.10666	150.52895	0
12650	39.05616	379.17022	357.20113	-202.60383	-152.96996	367.77884	65.90727	399.51197	144.83326	88.69003	167.61602	155.41097	0
12651	26.85111	371.84719	368.59251	-190.39878	-162.734	371.03352	47.19286	388.12059	124.49151	80.55333	164.36134	156.22464	0
12652	17.90074	364.52416	366.96517	-183.88942	-168.42969	366.96517	37.42882	374.2882	106.59077	69.97562	156.22464	154.5973	0
12653	13.83239	361.26948	362.08315	-183.07575	-170.05703	362.89682	34.98781	358.82847	91.13104	58.58424	148.08794	152.96996	0
12654	20.34175	362.89682	358.82847	-192.83979	-167.61602	362.89682	36.61515	344.18241	74.04397	46.37919	141.57858	153.78363	0
12655	36.61515	366.96517	358.82847	-213.18154	-161.10666	365.33783	34.17414	328.72268	52.88855	34.98781	139.13757	157.03831	0
12656	46.37919	378.35655	359.64214	-224.57292	-156.22464	367.77884	23.59643	309.1946	26.03744	21.96909	136.69656	161.10666	0
12657	41.49717	397.88463	359.64214	-222.13191	-158.66565	369.40618	4.88202	288.03918	0	8.1367	138.3239	166.80235	0
12658	32.5468	414.15803	366.1515	-217.24989	-166.80235	375.10187	-12.20505	271.76578	-20.34175	1.62734	144.83326	174.12538	0
12659	20.34175	422.29473	377.54288	-215.62255	-183.07575	387.30692	-21.96909	259.56073	-36.61515	0	151.34262	182.26208	0
12660	10.57771	425.54941	385.67958	-218.06356	-198.53548	396.25729	-22.78276	250.61036	-51.26121	0	153.78363	187.95777	0
12661	8.95037	427.99042	389.74793	-221.31824	-204.23117	403.58032	-17.08707	242.47366	-67.53461	-3.25468	152.15629	191.21245	0
12662	14.64606	432.05877	393.00261	-224.57292	-200.97649	408.46234	-6.50936	229.45494	-87.87636	-9.76404	148.08794	194.46713	0
12663	21.96909	433.68611	395.44362	-227.8276	-194.46713	412.53069	6.50936	209.92686	-111.47279	-17.90074	144.83326	197.72181	0
12664	26.03744	432.87244	398.6983	-229.45494	-190.39878	414.9717	15.45973	181.44841	-135.88289	-28.47845	141.57858	200.97649	0
12665	19.52808	429.61776	402.76665	-221.31824	-192.83979	414.15803	13.01872	140.76491	-165.17501	-42.31084	134.25555	204.23117	0
12666	4.88202	425.54941	407.64867	-206.67218	-200.97649	410.08968	0	96.01306	-197.72181	-56.9569	125.30518	206.67218	0
12667	-4.88202	421.48106	410.08968	-197.72181	-206.67218	406.835	-17.90074	61.83892	-227.01393	-72.41663	114.72747	204.23117	0
12668	-7.32303	416.59904	411.71702	-196.90814	-209.11319	404.39399	-33.36047	42.31084	-248.98302	-87.06269	104.14976	198.53548	0
12669	-8.1367	412.53069	411.71702	-198.53548	-209.92686	399.51197	-46.37919	30.10579	-262.81541	-96.01306	98.45407	188.77144	0
12670	-10.57771	404.39399	410.08968	-196.90814	-211.5542	394.62995	-55.32956	13.83239	-268.5111	-100.08141	93.57205	174.93905	0
12671	-21.96909	385.67958	406.02133	-189.58511	-215.62255	386.49325	-59.39791	-8.95037	-266.88376	-103.33609	86.24902	157.85198	0
12672	-41.49717	355.57379	397.88463	-179.0074	-221.31824	372.66086	-55.32956	-34.17414	-263.62908	-101.70875	81.367	144.01959	0
12673	-53.70222	327.09534	384.05224	-169.24336	-220.50457	354.76012	-46.37919	-52.07488	-258.74706	-96.01306	78.92599	135.88289	0
12674	-47.19286	310.82194	362.89682	-161.92033	-205.85851	337.67305	-41.49717	-61.02525	-254.67871	-91.13104	73.2303	129.37353	0
12675	-29.29212	299.43056	333.6047	-155.41097	-184.70309	318.14497	-42.31084	-66.72094	-256.30605	-89.5037	64.27993	120.42316	0
12676	-7.32303	286.41184	299.43056	-150.52895	-162.734	295.36221	-48.00653	-73.2303	-261.18807	-92.75838	52.88855	110.65912	0
12677	11.39138	275.02046	268.5111	-148.08794	-139.95124	271.76578	-51.26121	-77.29865	-265.25642	-96.82673	43.93818	102.52242	0
12678	21.15542	266.88376	245.72834	-145.64693	-122.86417	250.61036	-46.37919	-77.29865	-266.07009	-97.6404	42.31084	95.19939	0
12679	21.96909	253.05137	227.01393	-136.69656	-115.54114	233.52329	-38.24249	-75.67131	-261.18807	-96.01306	43.93818	89.5037	0
12680	16.2734	232.70962	214.80888	-122.86417	-113.9138	219.6909	-30.10579	-76.48498	-250.61036	-92.75838	42.31084	82.99434	0
12681	5.69569	208.29952	205.85851	-109.03178	-113.10013	205.85851	-21.15542	-80.55333	-237.59164	-88.69003	34.17414	74.04397	0
12682	-5.69569	187.95777	195.2808	-97.6404	-108.21811	192.02612	-13.01872	-83.80801	-226.20026	-82.99434	26.03744	65.90727	0
12683	-20.34175	170.05703	183.07575	-87.06269	-100.89508	179.0074	-8.1367	-82.99434	-213.18154	-78.11232	17.90074	57.77057	0
12684	-30.10579	147.27427	169.24336	-69.16195	-95.19939	160.29299	-8.1367	-77.29865	-195.2808	-75.67131	11.39138	49.63387	0
12685	-29.29212	122.86417	152.96996	-50.44754	-91.13104	139.13757	-11.39138	-73.2303	-175.75272	-73.2303	8.95037	43.93818	0
12686	-21.15542	105.7771	136.69656	-40.6835	-87.06269	122.86417	-14.64606	-74.04397	-163.54767	-71.60296	10.57771	41.49717	0
12687	-12.20505	92.75838	117.16848	-37.42882	-78.11232	106.59077	-19.52808	-78.11232	-161.10666	-67.53461	12.20505	37.42882	0
12688	-7.32303	78.92599	97.6404	-34.17414	-65.90727	88.69003	-21.15542	-76.48498	-160.29299	-59.39791	15.45973	33.36047	0
12689	-3.25468	70.78929	81.367	-33.36047	-52.88855	74.85764	-19.52808	-69.16195	-151.34262	-44.75185	20.34175	30.10579	0
12690	0	60.21158	69.97562	-29.29212	-44.75185	63.46626	-17.08707	-58.58424	-132.62821	-31.73313	18.71441	21.96909	0
12691	-4.88202	44.75185	64.27993	-10.57771	-47.19286	51.26121	-16.2734	-48.00653	-108.21811	-23.59643	9.76404	8.1367	0
12692	-19.52808	34.17414	62.65259	9.76404	-54.51589	40.6835	-13.01872	-39.86983	-82.18067	-17.08707	-0.81367	-5.69569	0
12693	-34.98781	30.10579	56.9569	23.59643	-51.26121	34.17414	-8.95037	-34.17414	-59.39791	-12.20505	-11.39138	-16.2734	0
12694	-45.56552	28.47845	47.19286	31.73313	-34.98781	27.66478	-8.95037	-33.36047	-44.75185	-10.57771	-21.15542	-21.15542	0
12695	-49.63387	17.90074	39.86983	36.61515	-19.52808	17.08707	-13.83239	-38.24249	-39.86983	-14.64606	-30.10579	-23.59643	0
12696	-52.07488	0	34.17414	41.49717	-17.08707	4.06835	-21.15542	-44.75185	-39.05616	-17.90074	-36.61515	-27.66478	0
12697	-56.14323	-16.2734	33.36047	48.8202	-21.96909	-1.62734	-22.78276	-43.12451	-29.29212	-12.20505	-33.36047	-27.66478	0
12698	-56.9569	-26.85111	35.80148	53.70222	-25.22377	-3.25468	-14.64606	-29.29212	-8.95037	3.25468	-23.59643	-19.52808	0
12699	-56.14323	-33.36047	31.73313	52.88855	-26.03744	-5.69569	-1.62734	-9.76404	13.01872	21.96909	-14.64606	-7.32303	0
12700	-59.39791	-35.80148	17.90074	44.75185	-20.34175	-11.39138	12.20505	8.1367	30.91946	34.98781	-7.32303	0	0
12701	-65.90727	-33.36047	1.62734	37.42882	-13.01872	-18.71441	24.4101	23.59643	39.86983	39.05616	-1.62734	-0.81367	0
12702	-68.34828	-37.42882	-11.39138	45.56552	-12.20505	-31.73313	30.10579	27.66478	40.6835	34.17414	-3.25468	-11.39138	0
12703	-55.32956	-52.07488	-24.4101	58.58424	-11.39138	-47.19286	27.66478	21.96909	36.61515	22.78276	-9.76404	-26.85111	0
12704	-30.91946	-60.21158	-36.61515	56.9569	-0.81367	-56.14323	21.96909	10.57771	28.47845	13.83239	-13.83239	-41.49717	0
12705	-11.39138	-61.02525	-42.31084	47.19286	9.76404	-58.58424	14.64606	-4.88202	18.71441	7.32303	-17.90074	-50.44754	0
12706	0	-61.83892	-44.75185	39.86983	17.90074	-57.77057	8.1367	-22.78276	12.20505	2.44101	-21.15542	-55.32956	0
12707	6.50936	-65.0936	-48.00653	37.42882	21.15542	-58.58424	2.44101	-36.61515	10.57771	1.62734	-23.59643	-56.14323	0
12708	12.20505	-65.90727	-49.63387	35.80148	21.15542	-57.77057	0	-44.75185	15.45973	3.25468	-22.78276	-57.77057	0
12709	14.64606	-58.58424	-50.44754	32.5468	22.78276	-54.51589	0.81367	-43.12451	22.78276	5.69569	-18.71441	-59.39791	0
12710	11.39138	-50.44754	-52.88855	30.10579	26.85111	-51.26121	2.44101	-34.17414	32.5468	9.76404	-17.90074	-61.02525	0
12711	4.88202	-49.63387	-56.14323	28.47845	30.10579	-52.88855	3.25468	-21.15542	43.93818	14.64606	-21.15542	-61.02525	0
12712	-1.62734	-59.39791	-61.83892	25.22377	30.91946	-59.39791	3.25468	-6.50936	58.58424	20.34175	-22.78276	-59.39791	0
12713	-4.88202	-71.60296	-69.97562	22.78276	30.10579	-69.16195	4.88202	8.95037	78.11232	26.85111	-18.71441	-52.88855	0
12714	-0.81367	-75.67131	-74.85764	21.15542	26.03744	-74.04397	9.76404	24.4101	93.57205	33.36047	-10.57771	-43.12451	0
12715	0	-69.97562	-74.04397	20.34175	21.96909	-74.04397	11.39138	34.98781	99.26774	34.98781	-5.69569	-34.17414	0
12716	-10.57771	-61.02525	-65.90727	21.15542	14.64606	-72.41663	7.32303	37.42882	94.38572	30.10579	-5.69569	-30.91946	0
12717	-22.78276	-62.65259	-53.70222	30.91946	6.50936	-65.90727	1.62734	35.80148	89.5037	22.78276	-11.39138	-33.36047	0
12718	-26.85111	-74.85764	-44.75185	47.19286	4.88202	-57.77057	-2.44101	34.17414	89.5037	15.45973	-19.52808	-38.24249	0
12719	-30.10579	-89.5037	-44.75185	61.02525	10.57771	-56.9569	-4.06835	29.29212	90.31737	11.39138	-24.4101	-43.12451	0
12720	-34.98781	-102.52242	-50.44754	71.60296	16.2734	-64.27993	-2.44101	20.34175	86.24902	9.76404	-27.66478	-49.63387	0
12721	-37.42882	-111.47279	-55.32956	78.11232	17.90074	-74.04397	0	14.64606	80.55333	7.32303	-32.5468	-57.77057	0
12722	-40.6835	-116.35481	-61.02525	82.18067	16.2734	-77.29865	1.62734	12.20505	75.67131	4.06835	-31.73313	-61.02525	0
12723	-39.05616	-119.60949	-69.16195	82.18067	17.08707	-74.85764	0	11.39138	70.78929	0	-27.66478	-57.77057	0
12724	-30.10579	-106.59077	-75.67131	65.90727	21.96909	-69.16195	-0.81367	16.2734	74.04397	0	-25.22377	-49.63387	0
12725	-19.52808	-79.73966	-80.55333	37.42882	27.66478	-62.65259	4.88202	29.29212	86.24902	8.1367	-21.15542	-41.49717	0
12726	-4.88202	-59.39791	-83.80801	15.45973	35.80148	-61.02525	13.83239	41.49717	97.6404	19.52808	-16.2734	-35.80148	0
12727	4.88202	-52.07488	-82.18067	8.1367	40.6835	-61.02525	18.71441	46.37919	104.14976	26.85111	-13.83239	-34.98781	0
12728	6.50936	-53.70222	-77.29865	12.20505	39.86983	-62.65259	19.52808	46.37919	108.21811	31.73313	-15.45973	-37.42882	0
12729	4.06835	-65.90727	-74.04397	26.03744	34.17414	-69.97562	18.71441	44.75185	113.9138	35.80148	-18.71441	-39.86983	0
12730	-5.69569	-86.24902	-67.53461	45.56552	21.15542	-78.11232	18.71441	46.37919	122.0505	40.6835	-20.34175	-41.49717	0
12731	-24.4101	-104.96343	-59.39791	61.02525	4.88202	-83.80801	19.52808	51.26121	131.00087	44.75185	-19.52808	-42.31084	0
12732	-36.61515	-117.16848	-61.83892	68.34828	2.44101	-90.31737	20.34175	54.51589	138.3239	45.56552	-21.15542	-44.75185	0
12733	-35.80148	-122.86417	-71.60296	70.78929	10.57771	-96.82673	19.52808	53.70222	142.39225	45.56552	-22.78276	-48.8202	0
12734	-30.91946	-122.0505	-80.55333	70.78929	21.15542	-100.89508	17.08707	47.19286	139.95124	44.75185	-22.78276	-56.14323	0
12735	-22.78276	-118.79582	-87.87636	67.53461	30.10579	-102.52242	15.45973	40.6835	135.88289	42.31084	-25.22377	-61.83892	0
12736	-15.45973	-116.35481	-87.87636	62.65259	31.73313	-100.89508	17.08707	39.86983	131.81454	35.80148	-29.29212	-63.46626	0
12737	-8.95037	-116.35481	-79.73966	54.51589	26.03744	-96.82673	19.52808	43.93818	128.55986	27.66478	-33.36047	-63.46626	0
12738	-4.88202	-110.65912	-72.41663	47.19286	24.4101	-90.31737	22.78276	50.44754	126.11885	21.15542	-37.42882	-62.65259	0
12739	-1.62734	-99.26774	-68.34828	40.6835	30.91946	-84.62168	26.85111	61.02525	127.74619	21.96909	-39.05616	-56.9569	0
12740	0	-87.87636	-63.46626	36.61515	37.42882	-80.55333	32.5468	72.41663	135.06922	29.29212	-35.80148	-48.8202	0
12741	0	-77.29865	-58.58424	34.17414	38.24249	-74.04397	38.24249	82.99434	144.01959	34.98781	-32.5468	-43.93818	0
12742	-6.50936	-74.85764	-56.9569	38.24249	33.36047	-69.97562	40.6835	90.31737	151.34262	34.17414	-38.24249	-47.19286	0
12743	-19.52808	-82.99434	-56.14323	50.44754	23.59643	-71.60296	39.86983	91.94471	153.78363	29.29212	-49.63387	-56.9569	0
12744	-34.17414	-93.57205	-52.88855	63.46626	12.20505	-73.2303	36.61515	90.31737	153.78363	24.4101	-59.39791	-66.72094	0
12745	-44.75185	-98.45407	-52.07488	72.41663	3.25468	-73.2303	32.5468	87.06269	151.34262	20.34175	-65.0936	-74.04397	0
12746	-49.63387	-99.26774	-56.14323	76.48498	0	-74.04397	26.03744	79.73966	146.4606	14.64606	-66.72094	-76.48498	0
12747	-48.8202	-100.89508	-62.65259	76.48498	2.44101	-78.92599	19.52808	73.2303	139.13757	7.32303	-64.27993	-74.04397	0
12748	-44.75185	-109.84545	-74.04397	78.11232	10.57771	-89.5037	15.45973	66.72094	131.00087	0	-60.21158	-69.16195	0
12749	-43.12451	-124.49151	-88.69003	83.80801	19.52808	-105.7771	15.45973	61.02525	124.49151	-4.88202	-57.77057	-66.72094	0
12750	-39.05616	-132.62821	-97.6404	84.62168	29.29212	-119.60949	20.34175	58.58424	123.67784	-5.69569	-56.9569	-66.72094	0
12751	-28.47845	-128.55986	-96.01306	73.2303	35.80148	-122.86417	28.47845	60.21158	127.74619	-1.62734	-51.26121	-64.27993	0
12752	-17.90074	-121.23683	-86.24902	59.39791	35.80148	-112.28646	36.61515	64.27993	134.25555	3.25468	-45.56552	-61.02525	0
12753	-12.20505	-117.98215	-80.55333	52.07488	28.47845	-101.70875	42.31084	66.72094	139.95124	8.1367	-41.49717	-61.83892	0
12754	-11.39138	-114.72747	-80.55333	52.88855	18.71441	-96.82673	43.93818	64.27993	139.95124	10.57771	-38.24249	-69.97562	0
12755	-15.45973	-109.03178	-75.67131	56.14323	11.39138	-90.31737	43.12451	60.21158	135.88289	10.57771	-38.24249	-78.11232	0
12756	-21.96909	-100.89508	-69.97562	60.21158	8.1367	-85.43535	39.86983	56.14323	130.1872	6.50936	-42.31084	-82.18067	0
12757	-26.03744	-96.82673	-73.2303	64.27993	13.83239	-87.87636	35.80148	52.88855	126.11885	4.06835	-48.00653	-82.99434	0
12758	-26.85111	-97.6404	-80.55333	67.53461	26.03744	-93.57205	34.17414	53.70222	125.30518	9.76404	-52.07488	-79.73966	0
12759	-29.29212	-102.52242	-84.62168	71.60296	39.05616	-96.01306	33.36047	57.77057	130.1872	22.78276	-55.32956	-70.78929	0
12760	-26.85111	-107.40444	-91.94471	78.11232	49.63387	-95.19939	34.17414	65.90727	139.13757	34.17414	-55.32956	-62.65259	0
12761	-21.96909	-111.47279	-98.45407	85.43535	52.88855	-96.01306	39.05616	75.67131	146.4606	38.24249	-53.70222	-59.39791	0
12762	-21.96909	-119.60949	-103.33609	87.87636	50.44754	-103.33609	42.31084	81.367	148.90161	33.36047	-56.14323	-61.83892	0
12763	-26.03744	-132.62821	-106.59077	84.62168	44.75185	-113.10013	40.6835	86.24902	149.71528	24.4101	-62.65259	-68.34828	0
12764	-27.66478	-139.13757	-107.40444	78.92599	40.6835	-118.79582	37.42882	90.31737	149.71528	17.90074	-65.90727	-72.41663	0
12765	-25.22377	-136.69656	-104.96343	74.04397	39.05616	-118.79582	34.98781	87.87636	146.4606	14.64606	-64.27993	-75.67131	0
12766	-19.52808	-128.55986	-103.33609	69.16195	40.6835	-115.54114	33.36047	80.55333	140.76491	13.01872	-61.02525	-77.29865	0
12767	-6.50936	-115.54114	-103.33609	59.39791	48.00653	-109.03178	30.91946	68.34828	134.25555	12.20505	-56.14323	-77.29865	0
12768	8.1367	-98.45407	-104.14976	44.75185	56.14323	-101.70875	28.47845	56.14323	131.00087	13.01872	-52.07488	-78.92599	0
12769	17.90074	-85.43535	-102.52242	31.73313	59.39791	-96.01306	28.47845	51.26121	131.00087	15.45973	-48.8202	-82.18067	0
12770	18.71441	-74.04397	-94.38572	23.59643	55.32956	-91.94471	32.5468	51.26121	138.3239	20.34175	-45.56552	-82.99434	0
12771	13.01872	-68.34828	-78.92599	25.22377	43.12451	-83.80801	40.6835	55.32956	148.90161	30.10579	-39.86983	-78.92599	0
12772	5.69569	-70.78929	-66.72094	35.80148	30.10579	-76.48498	50.44754	62.65259	154.5973	39.05616	-37.42882	-73.2303	0
12773	0	-78.92599	-62.65259	45.56552	19.52808	-75.67131	56.14323	63.46626	150.52895	39.86983	-40.6835	-70.78929	0
12774	-5.69569	-86.24902	-64.27993	51.26121	12.20505	-77.29865	58.58424	55.32956	143.20592	34.17414	-47.19286	-69.16195	0
12775	-10.57771	-92.75838	-68.34828	55.32956	10.57771	-81.367	54.51589	45.56552	135.06922	25.22377	-49.63387	-67.53461	0
12776	-14.64606	-96.82673	-73.2303	58.58424	15.45973	-85.43535	43.12451	38.24249	127.74619	14.64606	-52.07488	-66.72094	0
12777	-20.34175	-100.89508	-82.18067	61.02525	21.96909	-93.57205	28.47845	33.36047	122.0505	5.69569	-54.51589	-67.53461	0
12778	-28.47845	-106.59077	-96.01306	61.83892	26.85111	-104.14976	20.34175	32.5468	121.23683	1.62734	-56.14323	-69.16195	0
12779	-28.47845	-113.9138	-110.65912	61.83892	34.98781	-113.10013	18.71441	36.61515	124.49151	1.62734	-56.9569	-71.60296	0
12780	-19.52808	-120.42316	-122.86417	60.21158	47.19286	-117.98215	17.90074	41.49717	127.74619	5.69569	-56.14323	-74.04397	0
12781	-8.95037	-122.86417	-128.55986	59.39791	56.9569	-118.79582	18.71441	46.37919	130.1872	12.20505	-52.07488	-74.04397	0
12782	-6.50936	-122.86417	-124.49151	62.65259	59.39791	-117.16848	21.96909	50.44754	131.81454	17.08707	-49.63387	-74.04397	0
12783	-11.39138	-122.86417	-113.10013	71.60296	56.14323	-113.10013	25.22377	50.44754	131.81454	19.52808	-48.00653	-74.85764	0
12784	-20.34175	-123.67784	-99.26774	79.73966	47.19286	-108.21811	30.10579	48.8202	128.55986	21.96909	-43.93818	-77.29865	0
12785	-33.36047	-119.60949	-79.73966	83.80801	29.29212	-98.45407	36.61515	45.56552	120.42316	21.96909	-41.49717	-78.11232	0
12786	-45.56552	-109.84545	-57.77057	82.99434	9.76404	-83.80801	46.37919	39.86983	107.40444	22.78276	-39.05616	-75.67131	0
12787	-50.44754	-100.89508	-43.93818	77.29865	0	-72.41663	55.32956	30.91946	94.38572	27.66478	-36.61515	-69.97562	0
12788	-45.56552	-97.6404	-43.12451	72.41663	0.81367	-69.16195	61.83892	21.96909	87.06269	34.98781	-30.91946	-65.90727	0
12789	-31.73313	-96.82673	-52.88855	69.16195	12.20505	-70.78929	63.46626	18.71441	87.87636	43.93818	-25.22377	-65.0936	0
12790	-20.34175	-95.19939	-67.53461	68.34828	26.85111	-75.67131	60.21158	22.78276	95.19939	50.44754	-23.59643	-65.90727	0
12791	-13.83239	-101.70875	-83.80801	71.60296	38.24249	-87.87636	50.44754	26.85111	102.52242	48.00653	-30.10579	-68.34828	0
12792	-13.83239	-113.9138	-96.82673	76.48498	41.49717	-103.33609	35.80148	28.47845	106.59077	36.61515	-42.31084	-74.04397	0
12793	-22.78276	-125.30518	-105.7771	80.55333	39.05616	-117.98215	19.52808	26.85111	104.96343	23.59643	-56.14323	-78.11232	0
12794	-34.17414	-135.06922	-109.84545	82.99434	37.42882	-127.74619	4.06835	23.59643	97.6404	14.64606	-66.72094	-78.11232	0
12795	-38.24249	-134.25555	-104.14976	82.18067	33.36047	-124.49151	-5.69569	19.52808	87.06269	10.57771	-68.34828	-76.48498	0
12796	-34.17414	-121.23683	-85.43535	75.67131	23.59643	-106.59077	-7.32303	17.90074	74.85764	9.76404	-61.02525	-71.60296	0
12797	-28.47845	-99.26774	-65.90727	62.65259	16.2734	-83.80801	0	17.90074	65.90727	15.45973	-48.8202	-64.27993	0
12798	-21.96909	-78.11232	-55.32956	47.19286	17.08707	-66.72094	13.01872	14.64606	63.46626	22.78276	-36.61515	-57.77057	0
12799	-14.64606	-65.0936	-52.88855	36.61515	19.52808	-59.39791	25.22377	5.69569	65.90727	28.47845	-29.29212	-55.32956	0
12800	-9.76404	-61.83892	-54.51589	32.5468	21.96909	-59.39791	34.98781	-0.81367	69.97562	30.10579	-28.47845	-55.32956	0
12801	-6.50936	-66.72094	-61.83892	34.17414	26.85111	-65.0936	43.12451	-3.25468	74.85764	28.47845	-34.17414	-58.58424	0
12802	-2.44101	-74.85764	-76.48498	39.05616	36.61515	-77.29865	48.8202	0	81.367	27.66478	-43.12451	-63.46626	0
12803	-0.81367	-80.55333	-90.31737	46.37919	43.93818	-89.5037	51.26121	6.50936	90.31737	28.47845	-50.44754	-69.16195	0
12804	-4.06835	-83.80801	-96.01306	53.70222	45.56552	-94.38572	51.26121	16.2734	100.89508	28.47845	-52.88855	-71.60296	0
12805	-6.50936	-83.80801	-91.94471	55.32956	42.31084	-90.31737	52.88855	24.4101	109.84545	30.91946	-46.37919	-67.53461	0
12806	-8.1367	-82.18067	-80.55333	51.26121	35.80148	-81.367	56.9569	30.91946	115.54114	39.86983	-32.5468	-56.14323	0
12807	-7.32303	-77.29865	-65.0936	42.31084	28.47845	-67.53461	61.83892	35.80148	115.54114	48.8202	-16.2734	-43.12451	0
12808	-2.44101	-69.97562	-53.70222	34.17414	22.78276	-56.14323	61.02525	36.61515	105.7771	51.26121	-6.50936	-35.80148	0
12809	3.25468	-64.27993	-44.75185	32.5468	18.71441	-50.44754	53.70222	31.73313	90.31737	47.19286	-5.69569	-37.42882	0
12810	8.95037	-54.51589	-34.17414	30.10579	17.08707	-45.56552	47.19286	28.47845	79.73966	41.49717	-10.57771	-43.12451	0
12811	10.57771	-39.86983	-24.4101	22.78276	15.45973	-41.49717	44.75185	29.29212	78.11232	39.86983	-14.64606	-48.00653	0
12812	6.50936	-26.85111	-15.45973	16.2734	11.39138	-34.98781	45.56552	30.91946	82.99434	41.49717	-17.90074	-49.63387	0
12813	0.81367	-21.15542	-11.39138	13.83239	6.50936	-27.66478	48.8202	29.29212	87.87636	44.75185	-20.34175	-48.8202	0
12814	-2.44101	-20.34175	-9.76404	12.20505	4.06835	-21.96909	52.07488	28.47845	91.13104	47.19286	-21.96909	-46.37919	0
12815	-5.69569	-20.34175	-9.76404	13.83239	1.62734	-19.52808	56.14323	33.36047	95.19939	48.8202	-21.96909	-43.12451	0
12816	-8.95037	-21.15542	-13.01872	16.2734	2.44101	-21.15542	59.39791	43.12451	104.14976	52.07488	-17.90074	-38.24249	0
12817	-8.1367	-22.78276	-19.52808	17.90074	5.69569	-24.4101	59.39791	53.70222	115.54114	58.58424	-12.20505	-31.73313	0
12818	-4.88202	-21.15542	-21.96909	14.64606	8.1367	-23.59643	58.58424	62.65259	125.30518	65.90727	-3.25468	-27.66478	0
12819	2.44101	-8.1367	-21.96909	3.25468	8.95037	-14.64606	58.58424	66.72094	132.62821	75.67131	6.50936	-25.22377	0
12820	9.76404	7.32303	-21.96909	-8.95037	6.50936	-0.81367	57.77057	65.90727	136.69656	82.18067	12.20505	-21.96909	0
12821	16.2734	18.71441	-21.15542	-18.71441	7.32303	8.1367	51.26121	58.58424	135.88289	83.80801	9.76404	-20.34175	0
12822	23.59643	25.22377	-17.08707	-22.78276	10.57771	14.64606	40.6835	48.8202	131.81454	81.367	7.32303	-21.15542	0
12823	26.85111	29.29212	-8.95037	-23.59643	11.39138	21.96909	26.03744	36.61515	125.30518	77.29865	7.32303	-23.59643	0
12824	22.78276	32.5468	4.06835	-22.78276	8.1367	30.91946	9.76404	21.96909	117.98215	72.41663	7.32303	-23.59643	0
12825	20.34175	38.24249	14.64606	-25.22377	8.1367	39.05616	-4.06835	4.06835	108.21811	68.34828	8.1367	-21.15542	0
12826	23.59643	43.93818	19.52808	-31.73313	11.39138	43.12451	-17.90074	-13.01872	95.19939	63.46626	8.95037	-17.90074	0
12827	25.22377	48.00653	21.96909	-35.80148	9.76404	43.93818	-30.10579	-30.10579	80.55333	60.21158	11.39138	-14.64606	0
12828	17.90074	45.56552	26.03744	-30.91946	5.69569	41.49717	-41.49717	-43.12451	71.60296	63.46626	16.2734	-12.20505	0
12829	5.69569	37.42882	27.66478	-21.15542	4.06835	34.17414	-48.8202	-47.19286	73.2303	69.97562	20.34175	-10.57771	0
12830	1.62734	26.85111	26.03744	-17.08707	4.06835	28.47845	-46.37919	-41.49717	86.24902	78.11232	23.59643	-9.76404	0
12831	11.39138	19.52808	21.15542	-24.4101	7.32303	26.85111	-31.73313	-30.10579	105.7771	87.87636	26.85111	-6.50936	0
12832	25.22377	17.90074	12.20505	-33.36047	13.83239	24.4101	-13.83239	-17.90074	121.23683	94.38572	25.22377	-6.50936	0
12833	34.17414	21.15542	2.44101	-35.80148	19.52808	18.71441	0	-6.50936	129.37353	94.38572	20.34175	-11.39138	0
12834	37.42882	29.29212	-2.44101	-34.98781	21.15542	13.83239	4.88202	0	126.93252	88.69003	14.64606	-17.90074	0
12835	39.05616	40.6835	-0.81367	-38.24249	20.34175	15.45973	3.25468	-4.06835	112.28646	76.48498	7.32303	-21.96909	0
12836	45.56552	52.88855	2.44101	-46.37919	21.15542	22.78276	-2.44101	-20.34175	87.06269	63.46626	0.81367	-23.59643	0
12837	48.00653	59.39791	2.44101	-52.07488	20.34175	26.85111	-9.76404	-40.6835	59.39791	52.88855	0	-24.4101	0
12838	44.75185	57.77057	0	-48.00653	17.90074	26.03744	-14.64606	-54.51589	41.49717	48.00653	0	-20.34175	0
12839	43.93818	47.19286	-4.06835	-39.05616	21.96909	19.52808	-15.45973	-56.14323	37.42882	50.44754	0.81367	-9.76404	0
12840	46.37919	30.91946	-13.83239	-30.10579	31.73313	6.50936	-14.64606	-44.75185	48.00653	57.77057	4.06835	-0.81367	0
12841	44.75185	5.69569	-33.36047	-17.90074	42.31084	-15.45973	-13.83239	-27.66478	65.90727	64.27993	8.95037	0.81367	0
12842	35.80148	-30.91946	-62.65259	1.62734	52.07488	-47.19286	-15.45973	-11.39138	85.43535	68.34828	11.39138	-2.44101	0
12843	22.78276	-70.78929	-93.57205	27.66478	60.21158	-84.62168	-17.90074	-1.62734	100.08141	69.16195	8.95037	-12.20505	0
12844	8.1367	-100.89508	-117.16848	52.88855	63.46626	-115.54114	-17.90074	-2.44101	107.40444	65.0936	1.62734	-21.96909	0
12845	-2.44101	-117.16848	-128.55986	65.90727	64.27993	-131.81454	-16.2734	-8.1367	105.7771	58.58424	-6.50936	-28.47845	0
12846	-8.95037	-119.60949	-129.37353	67.53461	65.0936	-132.62821	-12.20505	-15.45973	99.26774	49.63387	-12.20505	-32.5468	0
12847	-7.32303	-110.65912	-122.0505	61.83892	63.46626	-121.23683	-7.32303	-21.15542	93.57205	39.86983	-18.71441	-36.61515	0
12848	-3.25468	-101.70875	-112.28646	56.14323	60.21158	-109.84545	-2.44101	-22.78276	87.87636	30.91946	-29.29212	-40.6835	0
12849	0	-101.70875	-106.59077	56.14323	54.51589	-105.7771	2.44101	-21.96909	81.367	21.96909	-39.05616	-47.19286	0
12850	0	-112.28646	-104.96343	63.46626	47.19286	-109.03178	9.76404	-20.34175	74.85764	12.20505	-47.19286	-53.70222	0
12851	-4.88202	-126.11885	-107.40444	74.85764	42.31084	-117.16848	18.71441	-15.45973	67.53461	4.06835	-52.88855	-59.39791	0
12852	-14.64606	-136.69656	-112.28646	83.80801	43.12451	-124.49151	26.03744	-8.95037	61.02525	-0.81367	-56.14323	-64.27993	0
12853	-27.66478	-140.76491	-113.9138	86.24902	43.12451	-126.93252	29.29212	-4.88202	55.32956	-4.06835	-58.58424	-67.53461	0
12854	-41.49717	-141.57858	-110.65912	91.13104	39.05616	-124.49151	29.29212	-7.32303	48.00653	-9.76404	-61.83892	-69.97562	0
12855	-53.70222	-139.95124	-109.03178	101.70875	31.73313	-121.23683	25.22377	-18.71441	35.80148	-19.52808	-66.72094	-74.04397	0
12856	-60.21158	-137.51023	-108.21811	109.03178	26.85111	-120.42316	21.96909	-30.91946	24.4101	-24.4101	-66.72094	-74.85764	0
12857	-58.58424	-137.51023	-102.52242	110.65912	21.96909	-119.60949	21.15542	-34.17414	19.52808	-19.52808	-59.39791	-69.16195	0
12858	-51.26121	-136.69656	-96.01306	109.03178	13.83239	-118.79582	21.15542	-27.66478	21.96909	-6.50936	-47.19286	-59.39791	0
12859	-43.12451	-135.88289	-96.82673	101.70875	8.95037	-120.42316	23.59643	-15.45973	30.91946	7.32303	-35.80148	-52.88855	0
12860	-33.36047	-136.69656	-103.33609	90.31737	15.45973	-122.86417	26.85111	-4.88202	43.93818	16.2734	-30.91946	-52.88855	0
12861	-21.96909	-140.76491	-113.10013	79.73966	30.10579	-126.11885	27.66478	1.62734	58.58424	15.45973	-34.98781	-60.21158	0
12862	-13.01872	-142.39225	-122.86417	74.04397	45.56552	-131.00087	26.85111	5.69569	70.78929	8.1367	-45.56552	-71.60296	0
12863	-8.1367	-143.20592	-129.37353	70.78929	56.14323	-135.06922	25.22377	6.50936	78.11232	0.81367	-56.14323	-80.55333	0
12864	-4.06835	-144.01959	-133.44188	69.97562	60.21158	-137.51023	21.96909	3.25468	80.55333	-1.62734	-61.02525	-82.99434	0
12865	0.81367	-144.83326	-139.13757	68.34828	62.65259	-139.13757	15.45973	-4.06835	77.29865	-3.25468	-62.65259	-82.99434	0
12866	5.69569	-147.27427	-149.71528	69.16195	68.34828	-141.57858	8.95037	-17.08707	69.16195	-6.50936	-65.90727	-84.62168	0
12867	3.25468	-151.34262	-157.03831	75.67131	73.2303	-147.27427	4.88202	-30.91946	59.39791	-8.95037	-69.97562	-88.69003	0
12868	-9.76404	-157.85198	-154.5973	87.06269	67.53461	-152.15629	6.50936	-37.42882	56.9569	-4.06835	-72.41663	-89.5037	0
12869	-30.91946	-163.54767	-145.64693	100.08141	56.9569	-151.34262	12.20505	-30.10579	65.0936	6.50936	-74.04397	-85.43535	0
12870	-48.00653	-166.80235	-138.3239	109.03178	48.8202	-144.83326	21.96909	-14.64606	78.11232	18.71441	-71.60296	-78.92599	0
12871	-55.32956	-167.61602	-131.00087	109.84545	43.93818	-138.3239	31.73313	1.62734	87.87636	26.03744	-67.53461	-76.48498	0
12872	-50.44754	-165.17501	-126.93252	106.59077	43.93818	-135.88289	39.86983	13.83239	89.5037	26.85111	-65.0936	-78.92599	0
12873	-33.36047	-160.29299	-126.11885	98.45407	45.56552	-139.13757	43.12451	17.90074	82.99434	21.96909	-65.0936	-82.18067	0
12874	-11.39138	-157.03831	-126.11885	87.06269	45.56552	-144.83326	40.6835	10.57771	65.0936	11.39138	-64.27993	-83.80801	0
12875	-2.44101	-155.41097	-126.93252	83.80801	44.75185	-148.08794	34.17414	-10.57771	35.80148	-1.62734	-66.72094	-84.62168	0
12876	-19.52808	-158.66565	-124.49151	90.31737	37.42882	-150.52895	26.03744	-43.93818	-3.25468	-16.2734	-72.41663	-87.06269	0
12877	-48.8202	-167.61602	-116.35481	96.82673	23.59643	-151.34262	21.15542	-85.43535	-45.56552	-31.73313	-77.29865	-88.69003	0
12878	-68.34828	-170.8707	-107.40444	100.08141	13.83239	-146.4606	20.34175	-131.81454	-87.06269	-45.56552	-78.11232	-82.99434	0
12879	-71.60296	-165.17501	-99.26774	100.89508	10.57771	-137.51023	15.45973	-187.1441	-135.06922	-61.02525	-76.48498	-75.67131	0
12880	-67.53461	-153.78363	-91.94471	98.45407	8.95037	-126.11885	-1.62734	-255.49238	-199.34915	-78.92599	-72.41663	-65.90727	0
12881	-52.88855	-127.74619	-78.11232	83.80801	10.57771	-104.96343	-31.73313	-336.04571	-288.03918	-98.45407	-65.0936	-48.8202	0
12882	-26.03744	-77.29865	-52.88855	49.63387	12.20505	-65.90727	-68.34828	-427.99042	-402.76665	-119.60949	-47.19286	-17.08707	0
12883	3.25468	-2.44101	-8.1367	-0.81367	6.50936	-5.69569	-108.21811	-537.0222	-541.09055	-138.3239	-17.08707	32.5468	0
12884	23.59643	83.80801	58.58424	-56.14323	-14.64606	71.60296	-152.15629	-667.2094	-699.7562	-154.5973	27.66478	95.19939	0
12885	31.73313	174.93905	141.57858	-107.40444	-51.26121	157.85198	-196.90814	-810.41532	-865.74488	-162.734	90.31737	167.61602	0
12886	39.05616	273.39312	234.33696	-159.47932	-94.38572	253.05137	-238.40531	-955.24858	-1030.10622	-157.03831	172.49804	251.42403	0
12887	53.70222	393.00261	338.48672	-226.20026	-139.13757	365.33783	-279.90248	-1107.40487	-1192.02655	-139.95124	273.39312	350.69177	0
12888	77.29865	532.14018	454.02786	-306.75359	-186.33043	492.27035	-327.90901	-1285.5986	-1357.20156	-119.60949	384.05224	458.90988	0
12889	101.70875	683.4828	579.33304	-393.81628	-237.59164	630.59425	-390.5616	-1496.33913	-1529.6996	-95.19939	495.52503	567.12799	0
12890	120.42316	834.01175	698.12886	-478.43796	-287.22551	771.35916	-477.62429	-1729.04875	-1700.5703	-61.02525	593.16543	662.32738	0
12891	132.62821	965.01262	787.63256	-549.22725	-323.84066	895.85067	-596.42011	-1961.75837	-1842.96255	-15.45973	667.2094	734.74401	0
12892	142.39225	1051.26164	850.28515	-596.42011	-349.8781	978.03134	-719.28428	-2159.48018	-1937.34827	26.03744	720.91162	787.63256	0
12893	151.34262	1066.72137	868.18589	-608.62516	-354.76012	990.23639	-810.41532	-2282.34435	-1987.79581	45.56552	734.74401	807.16064	0
12894	149.71528	983.72703	806.34697	-567.12799	-326.28167	910.49673	-863.30387	-2296.17674	-1969.0814	35.80148	684.29647	770.54549	0
12895	127.74619	796.58293	657.44536	-462.97823	-263.62908	733.93034	-878.7636	-2200.16368	-1855.1676	2.44101	563.87331	672.90509	0
12896	87.06269	525.63082	437.75446	-307.56726	-174.93905	483.31998	-858.42185	-2027.66564	-1680.22855	-69.97562	373.47453	518.30779	0
12897	35.80148	218.87723	186.33043	-128.55986	-74.85764	200.97649	-818.55202	-1823.43447	-1503.66216	-204.23117	128.55986	331.16369	0
12898	-8.95037	-67.53461	-49.63387	39.86983	17.08707	-61.02525	-777.05485	-1621.64431	-1376.72964	-398.6983	-128.55986	147.27427	0
12899	-42.31084	-296.98955	-236.77797	170.8707	88.69003	-269.32477	-745.32172	-1442.63691	-1318.1454	-627.33957	-351.50544	0.81367	0
12900	-64.27993	-456.46887	-369.40618	252.2377	140.76491	-415.78537	-720.09795	-1288.03961	-1309.19503	-831.57074	-510.98476	-95.19939	0
12901	-67.53461	-548.41358	-462.16456	291.29386	187.1441	-507.73008	-693.24684	-1144.02002	-1302.68567	-964.19895	-602.1158	-152.15629	0
12902	-56.14323	-585.02873	-524.00348	308.38093	227.01393	-558.99129	-657.44536	-998.37309	-1258.74749	-1023.59686	-634.6626	-183.07575	0
12903	-46.37919	-590.72442	-557.36395	317.3313	251.42403	-584.21506	-606.99782	-849.47148	-1161.10709	-1017.0875	-624.89856	-196.09447	0
12904	-41.49717	-582.58772	-567.12799	314.89029	263.62908	-587.46974	-537.83587	-693.24684	-1021.15585	-951.18023	-584.21506	-194.46713	0
12905	-35.80148	-563.05964	-558.99129	298.61689	268.5111	-572.01001	-452.40052	-532.95385	-860.86286	-844.58946	-523.18981	-184.70309	0
12906	-26.85111	-533.76752	-537.83587	275.02046	266.07009	-543.53156	-362.08315	-384.05224	-700.56987	-718.47061	-451.58685	-171.68437	0
12907	-19.52808	-502.03439	-504.4754	254.67871	251.42403	-507.73008	-278.27514	-265.25642	-553.2956	-593.9791	-382.4249	-158.66565	0
12908	-20.34175	-469.48759	-462.16456	240.03265	227.01393	-467.86025	-213.18154	-185.51676	-423.1084	-483.31998	-323.84066	-148.90161	0
12909	-26.85111	-440.19547	-419.85372	231.08228	199.34915	-431.2451	-169.24336	-136.69656	-310.82194	-390.5616	-275.83413	-140.76491	0
12910	-35.80148	-415.78537	-381.61123	224.57292	173.31171	-399.51197	-139.13757	-104.96343	-217.24989	-315.70396	-238.40531	-133.44188	0
12911	-44.75185	-392.18894	-347.43709	218.87723	150.52895	-371.03352	-114.72747	-78.11232	-141.57858	-255.49238	-209.11319	-126.11885	0
12912	-47.19286	-362.08315	-314.07662	205.04484	131.81454	-338.48672	-90.31737	-45.56552	-74.04397	-203.4175	-183.88942	-117.98215	0
12913	-45.56552	-320.58598	-276.6478	180.63474	116.35481	-298.61689	-60.21158	-3.25468	-10.57771	-157.85198	-159.47932	-106.59077	0
12914	-44.75185	-274.20679	-240.84632	151.34262	104.14976	-257.93339	-25.22377	43.12451	46.37919	-116.35481	-135.06922	-94.38572	0
12915	-40.6835	-235.9643	-209.92686	126.93252	93.57205	-223.75925	8.95037	87.06269	92.75838	-80.55333	-112.28646	-82.99434	0
12916	-30.91946	-210.74053	-183.88942	113.9138	80.55333	-198.53548	37.42882	117.98215	126.93252	-51.26121	-94.38572	-74.85764	0
12917	-21.96909	-187.95777	-165.98868	101.70875	73.2303	-178.19373	58.58424	139.13757	152.15629	-26.03744	-78.92599	-68.34828	0
12918	-13.83239	-161.92033	-154.5973	87.06269	74.85764	-159.47932	75.67131	154.5973	170.8707	-0.81367	-65.0936	-63.46626	0
12919	-4.06835	-135.06922	-149.71528	75.67131	76.48498	-145.64693	89.5037	168.42969	187.1441	21.96909	-56.14323	-61.02525	0
12920	4.88202	-118.79582	-148.90161	67.53461	71.60296	-140.76491	100.89508	184.70309	202.60383	37.42882	-48.8202	-58.58424	0
12921	9.76404	-120.42316	-146.4606	58.58424	62.65259	-143.20592	108.21811	196.09447	215.62255	41.49717	-45.56552	-57.77057	0
12922	8.95037	-131.00087	-143.20592	53.70222	57.77057	-144.01959	110.65912	198.53548	224.57292	36.61515	-47.19286	-61.02525	0
12923	7.32303	-135.06922	-139.13757	50.44754	58.58424	-141.57858	113.10013	196.90814	228.64127	31.73313	-50.44754	-61.83892	0
12924	8.95037	-132.62821	-136.69656	49.63387	63.46626	-134.25555	118.79582	195.2808	227.8276	28.47845	-52.07488	-59.39791	0
12925	11.39138	-126.93252	-136.69656	51.26121	69.16195	-126.93252	126.11885	192.83979	222.13191	26.85111	-48.8202	-56.14323	0
12926	13.01872	-121.23683	-136.69656	52.88855	73.2303	-121.23683	132.62821	192.02612	213.99521	29.29212	-38.24249	-52.07488	0
12927	9.76404	-117.16848	-131.00087	53.70222	70.78929	-117.98215	136.69656	191.21245	210.74053	37.42882	-25.22377	-48.00653	0
12928	4.06835	-114.72747	-119.60949	54.51589	63.46626	-111.47279	135.06922	192.83979	213.18154	48.8202	-14.64606	-46.37919	0
12929	0	-113.9138	-109.03178	52.88855	56.9569	-104.14976	129.37353	194.46713	222.94558	61.83892	-8.1367	-48.8202	0
12930	-0.81367	-112.28646	-104.96343	55.32956	55.32956	-101.70875	123.67784	193.65346	239.21898	71.60296	-4.88202	-51.26121	0
12931	-0.81367	-114.72747	-104.14976	61.83892	52.88855	-104.14976	122.86417	195.2808	256.30605	78.92599	-5.69569	-53.70222	0
12932	-0.81367	-118.79582	-104.14976	68.34828	48.00653	-108.21811	126.93252	203.4175	270.13844	82.18067	-8.95037	-53.70222	0
12933	-4.06835	-122.86417	-103.33609	72.41663	43.12451	-109.03178	131.00087	213.99521	278.27514	83.80801	-15.45973	-54.51589	0
12934	-9.76404	-125.30518	-101.70875	73.2303	39.86983	-104.14976	132.62821	221.31824	279.08881	84.62168	-21.96909	-56.14323	0
12935	-12.20505	-126.11885	-96.82673	69.16195	37.42882	-96.82673	131.00087	221.31824	275.02046	82.99434	-24.4101	-56.14323	0
12936	-9.76404	-125.30518	-91.94471	59.39791	39.05616	-91.94471	125.30518	218.06356	268.5111	80.55333	-21.15542	-53.70222	0
12937	-11.39138	-126.11885	-90.31737	49.63387	39.05616	-92.75838	118.79582	216.43622	264.44275	78.92599	-17.08707	-48.8202	0
12938	-26.03744	-130.1872	-87.06269	42.31084	30.91946	-97.6404	114.72747	218.06356	264.44275	81.367	-13.83239	-44.75185	0
12939	-41.49717	-130.1872	-82.99434	39.86983	19.52808	-100.08141	113.9138	224.57292	269.32477	89.5037	-11.39138	-41.49717	0
12940	-43.93818	-118.79582	-80.55333	40.6835	13.83239	-96.01306	117.98215	232.70962	275.02046	96.82673	-6.50936	-40.6835	0
12941	-37.42882	-103.33609	-77.29865	43.12451	13.01872	-91.94471	123.67784	240.03265	279.90248	104.14976	0	-39.05616	0
12942	-26.85111	-89.5037	-74.04397	43.93818	17.08707	-87.06269	130.1872	246.54201	283.97083	111.47279	4.88202	-34.98781	0
12943	-13.83239	-78.92599	-72.41663	40.6835	24.4101	-80.55333	133.44188	249.79669	287.22551	114.72747	8.95037	-34.17414	0
12944	-4.88202	-73.2303	-71.60296	36.61515	29.29212	-75.67131	129.37353	248.98302	286.41184	113.9138	10.57771	-34.98781	0
12945	2.44101	-69.97562	-74.04397	31.73313	32.5468	-74.85764	121.23683	245.72834	281.52982	110.65912	5.69569	-34.17414	0
12946	10.57771	-65.90727	-79.73966	25.22377	38.24249	-74.85764	112.28646	242.47366	273.39312	104.14976	0	-33.36047	0
12947	16.2734	-62.65259	-81.367	18.71441	43.93818	-74.04397	108.21811	238.40531	263.62908	96.82673	-3.25468	-34.98781	0
12948	14.64606	-63.46626	-83.80801	16.2734	45.56552	-73.2303	105.7771	235.15063	255.49238	93.57205	-3.25468	-38.24249	0
12949	8.95037	-69.16195	-89.5037	20.34175	43.93818	-76.48498	107.40444	235.15063	252.2377	93.57205	-1.62734	-42.31084	0
12950	2.44101	-76.48498	-96.01306	28.47845	43.12451	-83.80801	111.47279	235.9643	254.67871	93.57205	-1.62734	-48.8202	0
12951	-4.88202	-82.18067	-98.45407	34.98781	41.49717	-92.75838	117.16848	240.84632	258.74706	88.69003	-7.32303	-54.51589	0
12952	-12.20505	-83.80801	-93.57205	38.24249	35.80148	-93.57205	126.11885	245.72834	261.18807	83.80801	-11.39138	-55.32956	0
12953	-18.71441	-81.367	-84.62168	38.24249	30.91946	-86.24902	135.88289	253.05137	262.81541	84.62168	-8.95037	-52.88855	0
12954	-23.59643	-77.29865	-74.85764	36.61515	27.66478	-78.11232	143.20592	265.25642	265.25642	87.06269	-3.25468	-46.37919	0
12955	-26.85111	-71.60296	-59.39791	34.17414	21.15542	-65.0936	148.08794	280.71615	270.95211	93.57205	5.69569	-34.98781	0
12956	-32.5468	-65.0936	-34.17414	34.17414	5.69569	-45.56552	152.15629	298.61689	287.22551	106.59077	20.34175	-18.71441	0
12957	-40.6835	-56.9569	-12.20505	37.42882	-9.76404	-30.10579	150.52895	317.3313	310.00827	120.42316	32.5468	-4.88202	0
12958	-48.00653	-48.00653	-2.44101	44.75185	-19.52808	-26.03744	143.20592	332.79103	329.53635	129.37353	39.86983	-1.62734	0
12959	-51.26121	-43.93818	-3.25468	49.63387	-23.59643	-26.85111	135.88289	344.99608	344.99608	133.44188	44.75185	-4.06835	0
12960	-48.8202	-40.6835	-11.39138	48.8202	-23.59643	-26.03744	135.88289	355.57379	354.76012	133.44188	47.19286	-8.95037	0
12961	-35.80148	-36.61515	-17.08707	39.05616	-17.08707	-22.78276	142.39225	362.89682	354.76012	130.1872	45.56552	-11.39138	0
12962	-14.64606	-30.10579	-20.34175	23.59643	-4.06835	-17.08707	151.34262	367.77884	348.25076	126.93252	41.49717	-9.76404	0
12963	7.32303	-17.90074	-24.4101	11.39138	10.57771	-9.76404	158.66565	366.1515	339.30039	125.30518	39.05616	-8.95037	0
12964	20.34175	-5.69569	-29.29212	4.88202	21.96909	-0.81367	161.10666	359.64214	329.53635	125.30518	39.05616	-12.20505	0
12965	23.59643	0	-30.10579	0	26.03744	6.50936	160.29299	353.13278	322.21332	123.67784	39.86983	-14.64606	0
12966	22.78276	3.25468	-22.78276	-3.25468	21.96909	10.57771	157.85198	347.43709	320.58598	121.23683	37.42882	-14.64606	0
12967	23.59643	8.1367	-9.76404	-6.50936	13.01872	13.83239	154.5973	344.99608	324.65433	120.42316	34.98781	-13.83239	0
12968	29.29212	19.52808	0.81367	-14.64606	7.32303	17.90074	150.52895	347.43709	330.35002	119.60949	31.73313	-11.39138	0
12969	36.61515	34.17414	7.32303	-27.66478	9.76404	22.78276	144.01959	356.38746	335.23204	117.98215	26.03744	-7.32303	0
12970	39.86983	43.12451	8.95037	-36.61515	14.64606	24.4101	137.51023	368.59251	337.67305	117.16848	22.78276	-4.88202	0
12971	37.42882	45.56552	8.1367	-37.42882	17.08707	22.78276	135.06922	381.61123	340.92773	116.35481	21.96909	-4.88202	0
12972	29.29212	45.56552	8.1367	-30.91946	12.20505	19.52808	135.88289	394.62995	342.55507	117.16848	25.22377	-4.88202	0
12973	21.15542	46.37919	14.64606	-26.85111	3.25468	22.78276	139.13757	409.27601	346.62342	120.42316	31.73313	-0.81367	0
12974	17.90074	47.19286	24.4101	-26.85111	-4.06835	30.10579	143.20592	423.92207	353.13278	122.86417	38.24249	4.88202	0
12975	16.2734	51.26121	34.17414	-30.91946	-10.57771	39.05616	143.20592	434.49978	354.76012	122.0505	41.49717	8.95037	0
12976	20.34175	65.90727	46.37919	-36.61515	-13.83239	53.70222	138.3239	440.19547	353.13278	120.42316	47.19286	14.64606	0
12977	32.5468	90.31737	58.58424	-43.12451	-13.01872	72.41663	132.62821	441.82281	349.8781	124.49151	56.14323	25.22377	0
12978	39.05616	113.10013	68.34828	-55.32956	-13.83239	87.06269	126.93252	440.19547	344.18241	131.00087	65.90727	34.98781	0
12979	33.36047	126.11885	83.80801	-70.78929	-21.15542	96.01306	125.30518	439.3818	337.67305	136.69656	74.04397	43.12451	0
12980	27.66478	128.55986	105.7771	-81.367	-28.47845	104.96343	127.74619	446.70483	336.04571	143.20592	81.367	52.07488	0
12981	25.22377	130.1872	122.0505	-86.24902	-34.98781	116.35481	132.62821	462.16456	337.67305	150.52895	89.5037	62.65259	0
12982	22.78276	136.69656	130.1872	-87.87636	-43.12451	126.93252	137.51023	477.62429	339.30039	155.41097	96.01306	69.97562	0
12983	21.96909	145.64693	138.3239	-89.5037	-51.26121	138.3239	139.13757	489.01567	340.92773	154.5973	101.70875	71.60296	0
12984	25.22377	157.85198	145.64693	-96.01306	-55.32956	148.90161	135.88289	493.89769	340.92773	148.90161	105.7771	69.16195	0
12985	34.98781	172.49804	149.71528	-106.59077	-54.51589	157.85198	131.81454	494.71136	338.48672	141.57858	106.59077	67.53461	0
12986	46.37919	191.21245	152.96996	-120.42316	-51.26121	169.24336	130.1872	494.71136	331.97736	135.88289	104.96343	69.97562	0
12987	61.02525	213.99521	156.22464	-139.13757	-45.56552	182.26208	129.37353	495.52503	323.84066	134.25555	107.40444	78.11232	0
12988	76.48498	235.9643	163.54767	-159.47932	-42.31084	200.16282	131.00087	497.96604	317.3313	139.13757	109.84545	87.06269	0
12989	77.29865	247.35568	182.26208	-170.05703	-51.26121	220.50457	135.06922	499.59338	310.82194	145.64693	109.03178	91.94471	0
12990	58.58424	248.16935	206.67218	-162.734	-71.60296	235.9643	134.25555	495.52503	297.80322	144.83326	106.59077	93.57205	0
12991	32.5468	245.72834	227.8276	-145.64693	-90.31737	244.101	126.93252	484.13365	274.20679	135.06922	104.96343	94.38572	0
12992	12.20505	244.91467	241.65999	-132.62821	-104.14976	248.16935	117.16848	469.48759	245.72834	119.60949	106.59077	96.82673	0
12993	0.81367	252.2377	252.2377	-131.00087	-114.72747	254.67871	108.21811	458.09621	221.31824	104.14976	113.9138	104.96343	0
12994	-1.62734	270.95211	263.62908	-138.3239	-121.23683	267.69743	97.6404	449.14584	205.85851	96.01306	122.86417	117.16848	0
12995	0.81367	294.54854	281.52982	-146.4606	-129.37353	288.03918	84.62168	441.00914	194.46713	94.38572	131.81454	131.00087	0
12996	0	313.26295	305.12625	-152.15629	-144.01959	310.00827	70.78929	431.2451	184.70309	95.19939	139.13757	142.39225	0
12997	-2.44101	321.39965	326.28167	-152.96996	-158.66565	324.65433	58.58424	421.48106	172.49804	93.57205	145.64693	151.34262	0
12998	-0.81367	323.02699	336.04571	-151.34262	-164.36134	330.35002	48.8202	414.9717	154.5973	89.5037	148.90161	157.85198	0
12999	6.50936	326.28167	334.41837	-155.41097	-161.10666	329.53635	45.56552	410.90335	136.69656	85.43535	147.27427	163.54767	0
13000	18.71441	335.23204	326.28167	-165.98868	-152.96996	325.468	46.37919	406.835	122.86417	80.55333	144.83326	165.98868	0
13001	32.5468	344.99608	318.14497	-175.75272	-144.01959	325.468	51.26121	399.51197	113.9138	73.2303	144.01959	165.98868	0
13002	41.49717	351.50544	314.89029	-184.70309	-136.69656	329.53635	55.32956	388.93426	103.33609	61.83892	142.39225	162.734	0
13003	43.12451	356.38746	320.58598	-192.02612	-135.06922	336.04571	56.9569	379.98389	87.06269	48.8202	138.3239	161.10666	0
13004	40.6835	370.21985	335.23204	-205.04484	-139.13757	349.8781	55.32956	366.1515	69.97562	39.05616	139.95124	165.17501	0
13005	37.42882	396.25729	353.94645	-224.57292	-146.4606	371.84719	49.63387	345.80975	51.26121	33.36047	146.4606	174.93905	0
13006	35.80148	423.1084	375.10187	-241.65999	-157.03831	396.25729	41.49717	323.02699	27.66478	27.66478	151.34262	183.07575	0
13007	39.05616	444.26382	394.62995	-253.05137	-167.61602	418.22638	30.91946	298.61689	0.81367	19.52808	152.96996	187.1441	0
13008	42.31084	452.40052	406.835	-257.93339	-175.75272	431.2451	17.08707	272.57945	-26.03744	10.57771	149.71528	186.33043	0
13009	44.75185	449.14584	409.27601	-256.30605	-179.0074	432.87244	0	246.54201	-50.44754	1.62734	144.83326	182.26208	0
13010	43.93818	441.82281	409.27601	-251.42403	-181.44841	428.80409	-12.20505	227.8276	-70.78929	-5.69569	138.3239	178.19373	0
13011	37.42882	434.49978	414.9717	-244.101	-189.58511	425.54941	-15.45973	213.99521	-86.24902	-12.20505	132.62821	175.75272	0
13012	34.17414	432.87244	421.48106	-242.47366	-195.2808	428.80409	-10.57771	200.16282	-100.08141	-17.90074	128.55986	177.38006	0
13013	34.98781	443.45015	426.36308	-246.54201	-196.90814	436.12712	-4.88202	176.56639	-120.42316	-26.03744	125.30518	181.44841	0
13014	36.61515	460.53722	429.61776	-249.79669	-197.72181	442.63648	-3.25468	143.20592	-150.52895	-39.05616	120.42316	183.07575	0
13015	43.12451	477.62429	431.2451	-257.93339	-194.46713	448.33217	-7.32303	105.7771	-186.33043	-57.77057	117.98215	181.44841	0
13016	50.44754	482.50631	426.36308	-263.62908	-187.95777	451.58685	-17.90074	69.97562	-222.13191	-76.48498	114.72747	179.0074	0
13017	43.12451	467.86025	417.41271	-253.86504	-186.33043	449.95951	-31.73313	40.6835	-250.61036	-91.94471	108.21811	176.56639	0
13018	27.66478	441.82281	410.90335	-233.52329	-190.39878	441.82281	-42.31084	21.15542	-264.44275	-97.6404	106.59077	177.38006	0
13019	17.08707	416.59904	405.20766	-214.80888	-192.83979	428.80409	-47.19286	13.01872	-267.69743	-93.57205	110.65912	181.44841	0
13020	12.20505	399.51197	397.88463	-203.4175	-192.02612	414.15803	-47.19286	12.20505	-266.88376	-85.43535	113.9138	185.51676	0
13021	4.88202	386.49325	391.37527	-192.83979	-192.83979	398.6983	-47.19286	10.57771	-264.44275	-78.92599	114.72747	185.51676	0
13022	-8.1367	369.40618	384.05224	-181.44841	-196.90814	381.61123	-47.19286	2.44101	-261.18807	-75.67131	110.65912	179.0074	0
13023	-16.2734	347.43709	367.77884	-173.31171	-192.83979	358.82847	-49.63387	-16.2734	-260.3744	-79.73966	98.45407	164.36134	0
13024	-6.50936	326.28167	335.23204	-166.80235	-172.49804	330.35002	-55.32956	-43.12451	-263.62908	-91.13104	78.11232	144.01959	0
13025	15.45973	309.1946	296.17588	-159.47932	-140.76491	303.49891	-58.58424	-69.97562	-270.13844	-104.96343	58.58424	125.30518	0
13026	32.5468	294.54854	262.81541	-157.85198	-115.54114	283.97083	-56.9569	-88.69003	-276.6478	-113.9138	45.56552	112.28646	0
13027	39.05616	282.34349	243.28733	-161.10666	-101.70875	270.13844	-52.88855	-96.01306	-275.83413	-112.28646	40.6835	103.33609	0
13028	40.6835	275.83413	231.08228	-164.36134	-95.19939	260.3744	-47.19286	-95.19939	-266.07009	-103.33609	44.75185	97.6404	0
13029	43.93818	275.02046	221.31824	-165.17501	-90.31737	254.67871	-39.86983	-88.69003	-254.67871	-96.01306	50.44754	95.19939	0
13030	35.80148	262.00174	213.99521	-152.15629	-90.31737	243.28733	-34.17414	-79.73966	-241.65999	-90.31737	48.00653	89.5037	0
13031	13.83239	220.50457	205.04484	-114.72747	-100.08141	215.62255	-32.5468	-71.60296	-226.20026	-87.06269	34.98781	74.85764	0
13032	-4.88202	165.98868	187.1441	-69.16195	-107.40444	177.38006	-31.73313	-65.90727	-213.99521	-84.62168	19.52808	58.58424	0
13033	-13.83239	121.23683	166.80235	-34.98781	-105.7771	146.4606	-27.66478	-64.27993	-203.4175	-79.73966	8.95037	48.8202	0
13034	-16.2734	92.75838	152.96996	-16.2734	-98.45407	127.74619	-21.15542	-69.16195	-192.83979	-73.2303	1.62734	43.12451	0
13035	-17.90074	77.29865	145.64693	-9.76404	-94.38572	114.72747	-16.2734	-82.18067	-181.44841	-66.72094	-1.62734	39.86983	0
13036	-22.78276	70.78929	135.88289	-11.39138	-88.69003	102.52242	-14.64606	-91.94471	-166.80235	-59.39791	-0.81367	37.42882	0
13037	-24.4101	66.72094	119.60949	-14.64606	-77.29865	91.13104	-14.64606	-87.87636	-148.08794	-52.07488	4.06835	33.36047	0
13038	-23.59643	61.83892	101.70875	-17.90074	-63.46626	78.11232	-14.64606	-73.2303	-127.74619	-43.93818	8.1367	26.03744	0
13039	-16.2734	58.58424	85.43535	-21.15542	-47.19286	63.46626	-12.20505	-56.9569	-107.40444	-35.80148	11.39138	17.90074	0
13040	-4.06835	61.83892	74.04397	-29.29212	-34.17414	53.70222	-5.69569	-43.12451	-88.69003	-30.10579	12.20505	12.20505	0
13041	6.50936	69.16195	65.90727	-37.42882	-25.22377	51.26121	1.62734	-33.36047	-72.41663	-25.22377	8.95037	7.32303	0
13042	13.83239	69.16195	56.14323	-40.6835	-18.71441	50.44754	8.95037	-26.85111	-59.39791	-19.52808	2.44101	0	0
13043	9.76404	55.32956	45.56552	-31.73313	-17.08707	43.12451	11.39138	-22.78276	-46.37919	-15.45973	-1.62734	-8.1367	0
13044	-1.62734	32.5468	34.98781	-16.2734	-18.71441	30.10579	9.76404	-17.90074	-34.17414	-12.20505	-2.44101	-15.45973	0
13045	-14.64606	13.01872	29.29212	-3.25468	-22.78276	19.52808	5.69569	-13.01872	-22.78276	-8.95037	-3.25468	-19.52808	0
13046	-24.4101	4.88202	31.73313	4.06835	-28.47845	17.08707	0.81367	-10.57771	-13.01872	-4.06835	-3.25468	-19.52808	0
13047	-26.85111	5.69569	33.36047	9.76404	-30.10579	18.71441	-1.62734	-11.39138	-3.25468	1.62734	-1.62734	-15.45973	0
13048	-24.4101	4.06835	29.29212	12.20505	-26.85111	16.2734	-3.25468	-11.39138	4.88202	8.95037	-0.81367	-13.01872	0
13049	-21.96909	0	20.34175	13.83239	-21.15542	8.1367	0	-11.39138	12.20505	13.01872	-2.44101	-14.64606	0
13050	-19.52808	-8.1367	4.88202	9.76404	-10.57771	-2.44101	4.88202	-9.76404	18.71441	15.45973	-5.69569	-19.52808	0
13051	-17.08707	-13.83239	-13.01872	4.06835	4.06835	-14.64606	13.01872	-4.06835	23.59643	17.08707	-8.95037	-22.78276	0
13052	-15.45973	-21.96909	-27.66478	0	13.83239	-25.22377	21.15542	0.81367	26.85111	17.90074	-11.39138	-26.03744	0
13053	-17.90074	-34.17414	-33.36047	0	14.64606	-34.17414	26.85111	2.44101	30.10579	17.08707	-11.39138	-29.29212	0
13054	-24.4101	-44.75185	-32.5468	7.32303	8.1367	-41.49717	28.47845	1.62734	34.98781	14.64606	-8.1367	-31.73313	0
13055	-30.10579	-47.19286	-28.47845	20.34175	0.81367	-45.56552	26.03744	0.81367	43.93818	14.64606	-4.06835	-30.10579	0
13056	-30.91946	-48.00653	-27.66478	26.03744	-0.81367	-48.8202	21.15542	0	52.07488	17.08707	-2.44101	-27.66478	0
13057	-30.10579	-51.26121	-27.66478	23.59643	-0.81367	-48.8202	15.45973	-1.62734	56.14323	19.52808	-1.62734	-26.85111	0
13058	-27.66478	-48.8202	-26.03744	19.52808	0	-43.93818	11.39138	0	56.14323	21.15542	-4.06835	-28.47845	0
13059	-22.78276	-43.12451	-23.59643	18.71441	0	-37.42882	8.95037	4.88202	57.77057	25.22377	-8.95037	-30.10579	0
13060	-17.90074	-39.05616	-22.78276	21.15542	1.62734	-33.36047	5.69569	11.39138	61.83892	28.47845	-10.57771	-30.91946	0
13061	-15.45973	-42.31084	-26.85111	24.4101	4.06835	-35.80148	4.06835	17.08707	67.53461	27.66478	-11.39138	-32.5468	0
13062	-15.45973	-54.51589	-39.05616	27.66478	9.76404	-47.19286	2.44101	21.96909	72.41663	22.78276	-13.83239	-37.42882	0
13063	-11.39138	-67.53461	-56.14323	30.91946	20.34175	-61.83892	-0.81367	22.78276	77.29865	15.45973	-19.52808	-43.12451	0
13064	-3.25468	-77.29865	-74.04397	32.5468	34.17414	-74.85764	-4.88202	21.15542	81.367	11.39138	-24.4101	-43.12451	0
13065	4.06835	-82.18067	-87.87636	31.73313	46.37919	-85.43535	-5.69569	21.15542	84.62168	10.57771	-23.59643	-41.49717	0
13066	13.01872	-78.11232	-92.75838	28.47845	54.51589	-86.24902	-2.44101	21.96909	89.5037	16.2734	-14.64606	-37.42882	0
13067	16.2734	-68.34828	-87.06269	27.66478	53.70222	-78.92599	4.06835	21.15542	96.01306	25.22377	-4.06835	-31.73313	0
13068	8.1367	-61.83892	-73.2303	30.91946	43.12451	-69.16195	10.57771	21.96909	103.33609	34.17414	0.81367	-30.10579	0
13069	-2.44101	-61.83892	-61.83892	32.5468	30.91946	-63.46626	16.2734	25.22377	112.28646	40.6835	2.44101	-33.36047	0
13070	-8.95037	-63.46626	-56.9569	33.36047	24.4101	-61.83892	21.96909	32.5468	122.0505	43.12451	-0.81367	-39.05616	0
13071	-8.1367	-63.46626	-55.32956	33.36047	22.78276	-61.02525	26.03744	38.24249	130.1872	42.31084	-5.69569	-42.31084	0
13072	-4.88202	-56.9569	-52.07488	31.73313	21.96909	-55.32956	26.85111	40.6835	134.25555	40.6835	-7.32303	-42.31084	0
13073	5.69569	-47.19286	-52.88855	28.47845	27.66478	-50.44754	26.85111	42.31084	133.44188	35.80148	-13.01872	-41.49717	0
13074	21.96909	-42.31084	-64.27993	25.22377	39.86983	-53.70222	27.66478	43.12451	127.74619	25.22377	-24.4101	-45.56552	0
13075	30.10579	-44.75185	-74.04397	22.78276	45.56552	-59.39791	28.47845	39.86983	118.79582	15.45973	-34.98781	-52.07488	0
13076	28.47845	-48.00653	-75.67131	20.34175	43.93818	-62.65259	26.85111	35.80148	112.28646	13.01872	-38.24249	-55.32956	0
13077	23.59643	-52.88855	-75.67131	20.34175	43.93818	-65.0936	25.22377	34.98781	111.47279	16.2734	-36.61515	-56.14323	0
13078	16.2734	-61.83892	-78.11232	24.4101	43.93818	-70.78929	23.59643	38.24249	113.9138	21.96909	-32.5468	-54.51589	0
13079	4.88202	-74.85764	-80.55333	34.17414	41.49717	-79.73966	24.4101	45.56552	118.79582	28.47845	-26.85111	-53.70222	0
13080	-9.76404	-87.06269	-78.11232	48.00653	33.36047	-87.06269	26.85111	55.32956	125.30518	33.36047	-21.15542	-52.88855	0
13081	-26.85111	-95.19939	-69.16195	61.02525	20.34175	-87.87636	30.91946	64.27993	133.44188	36.61515	-18.71441	-52.07488	0
13082	-39.05616	-100.89508	-62.65259	70.78929	9.76404	-86.24902	32.5468	70.78929	140.76491	34.98781	-20.34175	-50.44754	0
13083	-40.6835	-104.96343	-64.27993	74.04397	10.57771	-87.87636	31.73313	71.60296	143.20592	30.10579	-25.22377	-52.88855	0
13084	-35.80148	-104.96343	-72.41663	70.78929	15.45973	-90.31737	30.91946	69.97562	140.76491	28.47845	-24.4101	-55.32956	0
13085	-26.03744	-96.82673	-79.73966	66.72094	21.15542	-89.5037	33.36047	66.72094	134.25555	28.47845	-21.96909	-54.51589	0
13086	-12.20505	-82.99434	-83.80801	61.83892	29.29212	-83.80801	36.61515	62.65259	127.74619	29.29212	-21.15542	-51.26121	0
13087	-4.06835	-73.2303	-82.18067	57.77057	34.17414	-78.92599	39.86983	58.58424	123.67784	33.36047	-20.34175	-47.19286	0
13088	-5.69569	-72.41663	-80.55333	56.9569	34.98781	-77.29865	41.49717	58.58424	123.67784	40.6835	-19.52808	-44.75185	0
13089	-8.95037	-80.55333	-83.80801	57.77057	36.61515	-78.11232	39.86983	61.83892	128.55986	45.56552	-20.34175	-44.75185	0
13090	-11.39138	-96.01306	-88.69003	60.21158	38.24249	-82.99434	36.61515	68.34828	131.81454	43.12451	-26.85111	-50.44754	0
13091	-8.1367	-109.84545	-99.26774	61.02525	43.93818	-95.19939	34.17414	75.67131	130.1872	34.17414	-38.24249	-60.21158	0
13092	-1.62734	-117.98215	-112.28646	59.39791	53.70222	-108.21811	30.91946	82.18067	126.93252	22.78276	-47.19286	-66.72094	0
13093	0	-118.79582	-115.54114	57.77057	56.9569	-114.72747	27.66478	86.24902	124.49151	13.83239	-53.70222	-65.90727	0
13094	3.25468	-112.28646	-112.28646	52.07488	56.9569	-112.28646	26.85111	83.80801	121.23683	6.50936	-58.58424	-57.77057	0
13095	9.76404	-100.89508	-107.40444	41.49717	56.9569	-105.7771	27.66478	74.85764	120.42316	4.88202	-56.9569	-47.19286	0
13096	16.2734	-91.94471	-100.89508	29.29212	52.07488	-100.08141	26.03744	65.90727	123.67784	8.95037	-47.19286	-39.05616	0
13097	21.15542	-90.31737	-97.6404	23.59643	47.19286	-100.89508	22.78276	61.02525	129.37353	15.45973	-37.42882	-38.24249	0
13098	22.78276	-94.38572	-102.52242	26.85111	49.63387	-106.59077	20.34175	61.02525	134.25555	19.52808	-35.80148	-45.56552	0
13099	17.90074	-103.33609	-107.40444	35.80148	52.88855	-110.65912	18.71441	65.90727	139.95124	21.15542	-38.24249	-56.14323	0
13100	0	-116.35481	-100.08141	51.26121	49.63387	-108.21811	20.34175	72.41663	146.4606	21.15542	-40.6835	-64.27993	0
13101	-28.47845	-130.1872	-85.43535	73.2303	42.31084	-104.14976	22.78276	77.29865	151.34262	22.78276	-41.49717	-69.97562	0
13102	-54.51589	-142.39225	-76.48498	95.19939	31.73313	-105.7771	25.22377	80.55333	153.78363	23.59643	-43.12451	-76.48498	0
13103	-68.34828	-152.96996	-72.41663	109.03178	22.78276	-108.21811	26.85111	80.55333	152.15629	22.78276	-45.56552	-82.99434	0
13104	-66.72094	-156.22464	-69.97562	110.65912	21.15542	-105.7771	27.66478	78.11232	145.64693	22.78276	-45.56552	-87.87636	0
13105	-54.51589	-147.27427	-69.16195	100.08141	24.4101	-100.08141	29.29212	77.29865	137.51023	21.15542	-47.19286	-87.87636	0
13106	-39.05616	-126.93252	-69.16195	83.80801	26.03744	-91.94471	35.80148	76.48498	133.44188	21.15542	-48.00653	-82.18067	0
13107	-21.96909	-105.7771	-68.34828	67.53461	29.29212	-82.18067	45.56552	76.48498	133.44188	23.59643	-45.56552	-72.41663	0
13108	-7.32303	-92.75838	-72.41663	52.07488	34.98781	-77.29865	55.32956	74.85764	134.25555	23.59643	-42.31084	-65.0936	0
13109	-4.88202	-90.31737	-76.48498	43.93818	35.80148	-79.73966	58.58424	73.2303	135.88289	21.15542	-41.49717	-63.46626	0
13110	-9.76404	-94.38572	-78.92599	46.37919	33.36047	-85.43535	56.14323	74.85764	139.13757	16.2734	-44.75185	-69.16195	0
13111	-14.64606	-99.26774	-82.18067	52.88855	30.91946	-90.31737	50.44754	79.73966	144.83326	11.39138	-52.88855	-78.11232	0
13112	-20.34175	-100.08141	-82.99434	56.9569	28.47845	-93.57205	43.93818	83.80801	149.71528	8.95037	-61.02525	-87.06269	0
13113	-26.03744	-95.19939	-82.99434	58.58424	26.03744	-96.01306	35.80148	82.18067	151.34262	8.95037	-65.0936	-94.38572	0
13114	-28.47845	-87.06269	-80.55333	56.9569	24.4101	-95.19939	29.29212	73.2303	147.27427	12.20505	-63.46626	-96.01306	0
13115	-24.4101	-78.92599	-74.04397	52.88855	25.22377	-88.69003	26.85111	61.83892	139.95124	16.2734	-60.21158	-93.57205	0
13116	-15.45973	-72.41663	-69.16195	44.75185	28.47845	-80.55333	26.85111	52.07488	131.81454	17.90074	-57.77057	-88.69003	0
13117	-0.81367	-67.53461	-69.97562	32.5468	36.61515	-73.2303	27.66478	48.00653	124.49151	19.52808	-52.88855	-81.367	0
13118	8.95037	-73.2303	-74.85764	26.03744	43.12451	-71.60296	30.91946	48.8202	122.86417	21.15542	-47.19286	-73.2303	0
13119	5.69569	-88.69003	-81.367	34.17414	47.19286	-78.11232	36.61515	51.26121	126.93252	21.15542	-47.19286	-69.16195	0
13120	-4.88202	-104.14976	-87.06269	49.63387	49.63387	-87.87636	44.75185	54.51589	134.25555	18.71441	-50.44754	-67.53461	0
13121	-13.83239	-113.9138	-91.13104	61.83892	48.8202	-97.6404	52.88855	58.58424	141.57858	18.71441	-51.26121	-65.90727	0
13122	-17.90074	-118.79582	-96.01306	67.53461	47.19286	-104.96343	59.39791	63.46626	145.64693	21.15542	-48.8202	-63.46626	0
13123	-17.90074	-117.16848	-100.08141	69.16195	46.37919	-106.59077	62.65259	64.27993	146.4606	23.59643	-43.93818	-61.83892	0
13124	-17.90074	-111.47279	-101.70875	69.97562	43.93818	-102.52242	62.65259	61.83892	140.76491	24.4101	-39.05616	-63.46626	0
13125	-18.71441	-105.7771	-97.6404	67.53461	39.86983	-96.82673	57.77057	56.14323	131.00087	24.4101	-38.24249	-67.53461	0
13126	-17.08707	-99.26774	-91.13104	61.83892	37.42882	-91.94471	48.8202	50.44754	121.23683	23.59643	-41.49717	-72.41663	0
13127	-12.20505	-96.82673	-85.43535	59.39791	33.36047	-89.5037	39.05616	43.93818	113.9138	20.34175	-47.19286	-78.92599	0
13128	-6.50936	-100.89508	-80.55333	62.65259	27.66478	-90.31737	27.66478	39.86983	109.84545	15.45973	-56.14323	-87.06269	0
13129	-2.44101	-100.89508	-78.11232	62.65259	26.03744	-90.31737	21.15542	39.86983	109.03178	15.45973	-63.46626	-92.75838	0
13130	0	-89.5037	-77.29865	52.07488	30.91946	-84.62168	21.96909	41.49717	111.47279	21.96909	-65.90727	-89.5037	0
13131	-0.81367	-71.60296	-73.2303	35.80148	35.80148	-74.04397	30.10579	45.56552	118.79582	34.17414	-61.02525	-79.73966	0
13132	-7.32303	-61.83892	-68.34828	29.29212	34.98781	-66.72094	37.42882	52.07488	126.93252	43.12451	-51.26121	-70.78929	0
13133	-23.59643	-75.67131	-66.72094	43.12451	27.66478	-71.60296	39.86983	51.26121	126.11885	39.86983	-46.37919	-67.53461	0
13134	-46.37919	-101.70875	-65.90727	69.16195	14.64606	-83.80801	38.24249	42.31084	115.54114	28.47845	-46.37919	-68.34828	0
13135	-63.46626	-122.0505	-64.27993	88.69003	4.06835	-93.57205	33.36047	29.29212	103.33609	17.08707	-43.12451	-66.72094	0
13136	-65.0936	-133.44188	-69.16195	96.82673	1.62734	-101.70875	27.66478	20.34175	94.38572	8.1367	-41.49717	-67.53461	0
13137	-51.26121	-135.88289	-83.80801	91.94471	7.32303	-109.84545	25.22377	19.52808	89.5037	2.44101	-41.49717	-69.97562	0
13138	-30.10579	-128.55986	-96.82673	79.73966	21.15542	-113.10013	26.85111	23.59643	91.94471	5.69569	-38.24249	-69.97562	0
13139	-8.95037	-114.72747	-106.59077	67.53461	37.42882	-113.9138	30.10579	29.29212	101.70875	14.64606	-31.73313	-68.34828	0
13140	7.32303	-100.89508	-111.47279	56.9569	51.26121	-113.10013	32.5468	35.80148	112.28646	23.59643	-27.66478	-66.72094	0
13141	13.83239	-96.01306	-107.40444	53.70222	57.77057	-110.65912	33.36047	39.05616	113.10013	28.47845	-30.10579	-69.97562	0
13142	8.1367	-98.45407	-100.08141	56.9569	55.32956	-106.59077	32.5468	37.42882	106.59077	27.66478	-37.42882	-75.67131	0
13143	-1.62734	-101.70875	-90.31737	60.21158	46.37919	-102.52242	30.91946	32.5468	96.01306	21.96909	-47.19286	-78.11232	0
13144	-13.01872	-104.96343	-76.48498	63.46626	33.36047	-97.6404	28.47845	26.03744	85.43535	15.45973	-54.51589	-74.85764	0
13145	-21.96909	-106.59077	-62.65259	64.27993	21.15542	-90.31737	27.66478	18.71441	78.92599	13.83239	-55.32956	-69.16195	0
13146	-30.91946	-106.59077	-48.8202	61.83892	9.76404	-78.11232	29.29212	14.64606	78.92599	17.90074	-48.8202	-64.27993	0
13147	-39.86983	-103.33609	-38.24249	61.83892	0	-66.72094	30.10579	10.57771	81.367	23.59643	-43.12451	-61.83892	0
13148	-44.75185	-100.08141	-38.24249	63.46626	-2.44101	-63.46626	29.29212	9.76404	86.24902	26.85111	-41.49717	-61.83892	0
13149	-44.75185	-100.08141	-46.37919	66.72094	0.81367	-68.34828	30.10579	11.39138	93.57205	28.47845	-39.86983	-61.83892	0
13150	-36.61515	-102.52242	-60.21158	66.72094	10.57771	-78.11232	33.36047	12.20505	101.70875	30.10579	-36.61515	-60.21158	0
13151	-21.15542	-105.7771	-78.11232	60.21158	26.03744	-87.87636	37.42882	11.39138	107.40444	30.91946	-35.80148	-60.21158	0
13152	-6.50936	-104.96343	-95.19939	51.26121	43.93818	-96.01306	40.6835	10.57771	104.96343	28.47845	-36.61515	-62.65259	0
13153	0.81367	-97.6404	-105.7771	39.86983	57.77057	-98.45407	39.86983	8.1367	93.57205	26.03744	-39.05616	-63.46626	0
13154	3.25468	-88.69003	-104.96343	33.36047	61.02525	-95.19939	35.80148	2.44101	76.48498	23.59643	-43.93818	-65.0936	0
13155	2.44101	-83.80801	-97.6404	33.36047	56.14323	-90.31737	30.10579	-1.62734	59.39791	18.71441	-46.37919	-65.0936	0
13156	0.81367	-78.11232	-87.06269	33.36047	48.8202	-82.99434	30.91946	0	54.51589	18.71441	-39.86983	-61.83892	0
13157	0.81367	-69.16195	-73.2303	30.10579	40.6835	-71.60296	36.61515	12.20505	61.83892	26.03744	-27.66478	-53.70222	0
13158	0	-57.77057	-57.77057	26.85111	30.10579	-58.58424	44.75185	27.66478	76.48498	36.61515	-17.08707	-45.56552	0
13159	-6.50936	-46.37919	-43.12451	26.03744	17.08707	-44.75185	55.32956	43.93818	93.57205	43.93818	-12.20505	-36.61515	0
13160	-12.20505	-39.86983	-37.42882	26.85111	6.50936	-35.80148	64.27993	54.51589	109.84545	50.44754	-9.76404	-31.73313	0
13161	-15.45973	-36.61515	-37.42882	25.22377	4.06835	-32.5468	68.34828	52.07488	118.79582	53.70222	-8.95037	-32.5468	0
13162	-20.34175	-30.10579	-36.61515	17.90074	8.95037	-29.29212	66.72094	39.05616	116.35481	53.70222	-9.76404	-35.80148	0
13163	-25.22377	-22.78276	-30.91946	13.01872	12.20505	-24.4101	61.02525	21.96909	100.89508	50.44754	-9.76404	-39.86983	0
13164	-30.91946	-23.59643	-21.15542	16.2734	9.76404	-18.71441	53.70222	8.95037	81.367	44.75185	-8.1367	-43.12451	0
13165	-33.36047	-27.66478	-12.20505	21.96909	4.88202	-12.20505	46.37919	4.88202	69.16195	39.86983	-8.1367	-42.31084	0
13166	-25.22377	-26.85111	-10.57771	20.34175	4.88202	-9.76404	40.6835	9.76404	72.41663	39.86983	-8.1367	-41.49717	0
13167	-2.44101	-15.45973	-14.64606	10.57771	13.83239	-7.32303	40.6835	21.15542	89.5037	48.00653	-4.06835	-39.86983	0
13168	24.4101	5.69569	-16.2734	0	22.78276	-0.81367	46.37919	34.17414	112.28646	60.21158	0	-36.61515	0
13169	43.93818	24.4101	-13.83239	-10.57771	25.22377	7.32303	52.07488	43.12451	127.74619	65.90727	-1.62734	-33.36047	0
13170	49.63387	30.91946	-15.45973	-17.90074	23.59643	10.57771	51.26121	45.56552	128.55986	64.27993	-6.50936	-34.17414	0
13171	48.00653	28.47845	-17.08707	-21.96909	21.15542	7.32303	43.12451	43.12451	118.79582	60.21158	-10.57771	-38.24249	0
13172	39.86983	21.96909	-10.57771	-21.15542	13.83239	4.88202	30.10579	38.24249	106.59077	57.77057	-8.1367	-37.42882	0
13173	25.22377	20.34175	4.88202	-17.90074	0.81367	12.20505	16.2734	28.47845	97.6404	61.02525	0	-28.47845	0
13174	9.76404	27.66478	27.66478	-16.2734	-14.64606	28.47845	4.06835	14.64606	91.94471	67.53461	9.76404	-17.08707	0
13175	-2.44101	38.24249	50.44754	-17.08707	-29.29212	45.56552	-5.69569	-3.25468	86.24902	74.85764	17.90074	-8.95037	0
13176	-8.1367	46.37919	63.46626	-19.52808	-35.80148	54.51589	-15.45973	-18.71441	80.55333	80.55333	21.96909	-5.69569	0
13177	-5.69569	44.75185	61.02525	-20.34175	-29.29212	50.44754	-26.03744	-27.66478	75.67131	82.18067	17.90074	-8.95037	0
13178	4.88202	39.05616	43.93818	-23.59643	-13.83239	37.42882	-30.91946	-30.10579	74.04397	79.73966	10.57771	-16.2734	0
13179	22.78276	36.61515	19.52808	-32.5468	5.69569	23.59643	-29.29212	-26.03744	78.11232	75.67131	7.32303	-24.4101	0
13180	38.24249	34.17414	-1.62734	-42.31084	22.78276	12.20505	-21.96909	-17.90074	86.24902	74.85764	9.76404	-30.91946	0
13181	47.19286	30.91946	-15.45973	-47.19286	31.73313	4.88202	-13.01872	-11.39138	94.38572	73.2303	10.57771	-34.17414	0
13182	48.00653	25.22377	-19.52808	-40.6835	30.91946	0	-7.32303	-14.64606	99.26774	67.53461	6.50936	-34.98781	0
13183	40.6835	12.20505	-17.08707	-26.85111	21.15542	-2.44101	-4.88202	-22.78276	98.45407	60.21158	1.62734	-35.80148	0
13184	27.66478	0.81367	-10.57771	-17.90074	9.76404	-4.06835	-8.1367	-29.29212	92.75838	54.51589	1.62734	-34.17414	0
13185	14.64606	-3.25468	-6.50936	-13.01872	2.44101	-1.62734	-13.01872	-27.66478	85.43535	53.70222	4.06835	-29.29212	0
13186	8.1367	-3.25468	-7.32303	-9.76404	1.62734	0.81367	-19.52808	-22.78276	79.73966	55.32956	4.06835	-23.59643	0
13187	9.76404	-2.44101	-17.08707	-8.95037	7.32303	-0.81367	-24.4101	-24.4101	75.67131	56.9569	2.44101	-21.15542	0
13188	11.39138	-9.76404	-34.17414	-4.06835	15.45973	-12.20505	-26.85111	-30.91946	74.04397	56.9569	1.62734	-25.22377	0
13189	8.95037	-28.47845	-52.07488	7.32303	23.59643	-32.5468	-25.22377	-34.17414	76.48498	57.77057	0	-31.73313	0
13190	7.32303	-52.07488	-70.78929	20.34175	33.36047	-56.9569	-19.52808	-27.66478	83.80801	58.58424	0	-38.24249	0
13191	7.32303	-73.2303	-87.06269	31.73313	43.12451	-78.92599	-13.01872	-13.83239	91.13104	60.21158	-1.62734	-40.6835	0
13192	8.1367	-87.87636	-99.26774	40.6835	50.44754	-93.57205	-7.32303	0	98.45407	59.39791	-2.44101	-39.05616	0
13193	8.95037	-93.57205	-104.14976	43.93818	54.51589	-99.26774	2.44101	7.32303	103.33609	58.58424	-0.81367	-33.36047	0
13194	8.1367	-91.13104	-103.33609	41.49717	57.77057	-98.45407	15.45973	8.1367	101.70875	56.14323	0.81367	-27.66478	0
13195	8.95037	-86.24902	-105.7771	34.17414	63.46626	-96.82673	21.96909	0.81367	90.31737	50.44754	3.25468	-27.66478	0
13196	13.01872	-85.43535	-113.10013	29.29212	72.41663	-100.89508	22.78276	-8.95037	71.60296	43.93818	-0.81367	-33.36047	0
13197	13.83239	-88.69003	-119.60949	34.17414	74.04397	-107.40444	19.52808	-17.90074	52.88855	34.17414	-11.39138	-42.31084	0
13198	4.06835	-96.82673	-116.35481	45.56552	65.0936	-112.28646	17.08707	-21.96909	41.49717	27.66478	-21.96909	-50.44754	0
13199	-10.57771	-110.65912	-109.84545	61.83892	51.26121	-113.9138	17.90074	-22.78276	39.86983	23.59643	-30.91946	-58.58424	0
13200	-24.4101	-124.49151	-105.7771	76.48498	39.86983	-117.16848	22.78276	-25.22377	43.93818	19.52808	-38.24249	-65.0936	0
13201	-30.10579	-135.88289	-104.14976	84.62168	34.17414	-118.79582	31.73313	-26.85111	49.63387	14.64606	-42.31084	-67.53461	0
13202	-25.22377	-137.51023	-104.14976	82.99434	36.61515	-116.35481	43.12451	-27.66478	54.51589	11.39138	-43.12451	-65.90727	0
13203	-12.20505	-126.93252	-103.33609	78.11232	43.12451	-109.03178	51.26121	-27.66478	55.32956	7.32303	-43.12451	-61.83892	0
13204	-3.25468	-114.72747	-100.08141	72.41663	48.00653	-104.14976	50.44754	-27.66478	51.26121	2.44101	-44.75185	-58.58424	0
13205	-2.44101	-109.84545	-95.19939	68.34828	50.44754	-104.96343	42.31084	-27.66478	44.75185	0	-46.37919	-59.39791	0
13206	-7.32303	-109.03178	-93.57205	69.16195	48.8202	-109.03178	29.29212	-25.22377	39.05616	-1.62734	-46.37919	-62.65259	0
13207	-14.64606	-113.10013	-96.82673	71.60296	46.37919	-113.9138	17.08707	-19.52808	37.42882	-0.81367	-43.12451	-64.27993	0
13208	-18.71441	-120.42316	-98.45407	76.48498	40.6835	-117.16848	10.57771	-9.76404	41.49717	4.88202	-41.49717	-65.90727	0
13209	-22.78276	-129.37353	-96.82673	83.80801	31.73313	-118.79582	8.95037	-2.44101	50.44754	9.76404	-43.93818	-69.16195	0
13210	-26.85111	-135.88289	-93.57205	90.31737	24.4101	-118.79582	13.83239	0	59.39791	11.39138	-49.63387	-73.2303	0
13211	-28.47845	-136.69656	-95.19939	89.5037	24.4101	-118.79582	21.96909	0	63.46626	9.76404	-52.88855	-75.67131	0
13212	-21.15542	-137.51023	-106.59077	83.80801	34.98781	-123.67784	30.91946	-1.62734	61.83892	5.69569	-55.32956	-78.11232	0
13213	-4.06835	-137.51023	-121.23683	73.2303	49.63387	-134.25555	34.98781	-7.32303	55.32956	0	-61.83892	-83.80801	0
13214	18.71441	-134.25555	-129.37353	57.77057	59.39791	-143.20592	34.17414	-14.64606	47.19286	-7.32303	-69.97562	-90.31737	0
13215	29.29212	-126.93252	-131.00087	50.44754	62.65259	-147.27427	28.47845	-19.52808	44.75185	-10.57771	-73.2303	-92.75838	0
13216	8.95037	-124.49151	-122.0505	63.46626	52.07488	-143.20592	22.78276	-20.34175	49.63387	-8.95037	-70.78929	-90.31737	0
13217	-28.47845	-131.00087	-103.33609	87.87636	30.91946	-134.25555	20.34175	-19.52808	56.9569	-2.44101	-64.27993	-85.43535	0
13218	-56.9569	-137.51023	-86.24902	103.33609	17.90074	-126.93252	22.78276	-17.90074	65.0936	4.06835	-56.14323	-79.73966	0
13219	-63.46626	-140.76491	-81.367	104.96343	17.08707	-126.11885	28.47845	-17.08707	68.34828	9.76404	-50.44754	-75.67131	0
13220	-53.70222	-144.01959	-88.69003	98.45407	24.4101	-128.55986	33.36047	-16.2734	67.53461	10.57771	-47.19286	-74.85764	0
13221	-39.05616	-148.08794	-102.52242	91.13104	35.80148	-132.62821	37.42882	-15.45973	64.27993	6.50936	-48.00653	-78.11232	0
13222	-21.96909	-148.90161	-120.42316	82.99434	43.93818	-138.3239	39.86983	-15.45973	61.02525	0.81367	-50.44754	-82.18067	0
13223	-4.06835	-147.27427	-139.13757	74.04397	46.37919	-144.01959	39.05616	-20.34175	55.32956	-4.88202	-54.51589	-87.06269	0
13224	-2.44101	-157.03831	-152.15629	78.92599	42.31084	-149.71528	34.17414	-30.91946	45.56552	-11.39138	-61.83892	-90.31737	0
13225	-17.90074	-178.19373	-155.41097	100.08141	36.61515	-152.15629	28.47845	-47.19286	29.29212	-17.90074	-68.34828	-89.5037	0
13226	-30.91946	-197.72181	-152.15629	121.23683	32.5468	-156.22464	21.15542	-74.04397	0	-23.59643	-72.41663	-90.31737	0
13227	-34.98781	-201.79016	-147.27427	126.93252	35.80148	-158.66565	12.20505	-116.35481	-48.00653	-32.5468	-78.11232	-90.31737	0
13228	-26.85111	-184.70309	-140.76491	112.28646	44.75185	-152.15629	0	-179.0074	-117.98215	-44.75185	-80.55333	-84.62168	0
13229	-10.57771	-147.27427	-125.30518	83.80801	50.44754	-131.81454	-17.90074	-264.44275	-211.5542	-58.58424	-74.04397	-65.90727	0
13230	1.62734	-96.82673	-94.38572	50.44754	45.56552	-96.01306	-45.56552	-370.21985	-327.90901	-77.29865	-58.58424	-34.98781	0
13231	7.32303	-39.86983	-44.75185	17.90074	24.4101	-44.75185	-82.99434	-489.01567	-463.7919	-100.89508	-33.36047	6.50936	0
13232	7.32303	26.85111	19.52808	-16.2734	-6.50936	20.34175	-129.37353	-615.13452	-613.50718	-121.23683	4.06835	61.02525	0
13233	13.83239	111.47279	96.01306	-62.65259	-40.6835	101.70875	-179.0074	-740.4397	-769.73182	-131.00087	56.9569	126.11885	0
13234	33.36047	210.74053	174.93905	-122.0505	-69.97562	192.02612	-223.75925	-864.93121	-923.51545	-131.81454	126.11885	200.97649	0
13235	54.51589	316.51763	260.3744	-185.51676	-100.89508	288.03918	-263.62908	-1003.25511	-1077.29908	-128.55986	212.36787	287.22551	0
13236	65.90727	427.99042	362.08315	-247.35568	-145.64693	394.62995	-309.1946	-1176.56682	-1242.47409	-123.67784	314.07662	384.05224	0
13237	68.34828	554.10927	485.76099	-311.63561	-206.67218	519.93513	-362.89682	-1390.56203	-1427.99085	-117.16848	421.48106	487.38833	0
13238	69.16195	696.50152	627.33957	-383.23857	-278.27514	662.32738	-429.61776	-1631.40835	-1627.34	-105.7771	525.63082	589.91075	0
13239	77.29865	829.12973	755.89943	-461.35089	-345.80975	791.70091	-521.56247	-1875.50935	-1822.6208	-79.73966	611.87984	676.97344	0
13240	91.94471	928.39747	844.58946	-537.0222	-395.44362	884.45929	-639.54462	-2091.1319	-1982.10012	-43.93818	672.90509	741.25337	0
13241	102.52242	994.30474	895.85067	-587.46974	-419.04005	943.04353	-758.34044	-2247.35654	-2077.29951	-15.45973	716.0296	786.81889	0
13242	105.7771	999.18676	890.96865	-587.46974	-409.27601	943.04353	-845.40313	-2311.63647	-2082.18153	0.81367	722.53896	799.83761	0
13243	101.70875	899.91902	792.51458	-524.81715	-354.76012	845.40313	-884.45929	-2270.1393	-1982.91379	4.88202	659.0727	751.83108	0
13244	92.75838	690.80583	592.35176	-404.39399	-253.05137	641.17196	-882.83195	-2139.13843	-1803.09272	-23.59643	515.05311	634.6626	0
13245	74.04397	401.95298	324.65433	-242.47366	-124.49151	362.89682	-853.53983	-1953.62167	-1611.0666	-109.03178	297.80322	458.09621	0
13246	43.93818	89.5037	44.75185	-67.53461	1.62734	66.72094	-815.29734	-1750.20417	-1468.67435	-269.32477	33.36047	257.93339	0
13247	13.01872	-183.88942	-196.09447	86.24902	107.40444	-189.58511	-782.75054	-1558.99172	-1387.30735	-490.64301	-227.8276	74.04397	0
13248	-11.39138	-382.4249	-369.40618	198.53548	182.26208	-375.91554	-759.15411	-1390.56203	-1354.76055	-729.04832	-437.75446	-61.83892	0
13249	-32.5468	-502.84806	-471.11493	270.95211	226.20026	-489.01567	-735.55768	-1240.84675	-1349.06486	-927.5838	-571.19634	-144.83326	0
13250	-49.63387	-562.24597	-520.7488	312.44928	244.101	-548.41358	-702.19721	-1097.64083	-1331.97779	-1048.00696	-633.03526	-187.95777	0
13251	-56.14323	-587.46974	-540.27688	328.72268	248.16935	-572.01001	-654.19068	-952.80757	-1273.39355	-1081.36743	-640.35829	-207.48585	0
13252	-51.26121	-589.09708	-538.64954	322.21332	246.54201	-568.75533	-589.09708	-801.46495	-1165.17544	-1039.05659	-613.50718	-215.62255	0
13253	-43.12451	-572.82368	-524.81715	305.93992	241.65999	-550.04092	-509.35742	-647.68132	-1017.0875	-944.67087	-563.05964	-213.99521	0
13254	-38.24249	-550.04092	-505.28907	292.10753	233.52329	-528.07183	-420.66739	-499.59338	-847.84414	-822.62037	-499.59338	-204.23117	0
13255	-37.42882	-524.81715	-482.50631	279.08881	222.94558	-504.4754	-334.41837	-368.59251	-678.60078	-692.43317	-432.05877	-189.58511	0
13256	-34.98781	-493.08402	-454.84153	262.00174	210.74053	-474.36961	-260.3744	-262.81541	-523.18981	-567.94166	-366.96517	-174.12538	0
13257	-30.91946	-454.84153	-427.99042	237.59164	203.4175	-441.00914	-200.97649	-182.26208	-386.49325	-456.46887	-309.1946	-158.66565	0
13258	-23.59643	-416.59904	-406.02133	211.5542	199.34915	-411.71702	-155.41097	-122.0505	-269.32477	-363.71049	-260.3744	-145.64693	0
13259	-14.64606	-382.4249	-384.05224	189.58511	192.02612	-384.05224	-119.60949	-79.73966	-174.12538	-288.85285	-218.87723	-135.06922	0
13260	-8.95037	-351.50544	-354.76012	174.12538	177.38006	-354.76012	-89.5037	-49.63387	-96.82673	-227.8276	-187.1441	-124.49151	0
13261	-8.1367	-321.39965	-318.95864	161.10666	157.03831	-322.21332	-60.21158	-17.90074	-30.91946	-177.38006	-163.54767	-115.54114	0
13262	-17.90074	-294.54854	-279.08881	155.41097	129.37353	-288.85285	-29.29212	19.52808	24.4101	-131.81454	-140.76491	-109.03178	0
13263	-37.42882	-272.57945	-238.40531	155.41097	97.6404	-255.49238	0	61.83892	69.16195	-94.38572	-115.54114	-104.14976	0
13264	-48.8202	-244.101	-203.4175	147.27427	65.90727	-219.6909	27.66478	100.89508	105.7771	-62.65259	-93.57205	-99.26774	0
13265	-43.12451	-207.48585	-179.0074	124.49151	45.56552	-187.95777	52.07488	134.25555	135.06922	-37.42882	-76.48498	-93.57205	0
13266	-35.80148	-174.93905	-159.47932	99.26774	39.05616	-162.734	73.2303	163.54767	160.29299	-13.83239	-61.02525	-84.62168	0
13267	-32.5468	-149.71528	-137.51023	82.99434	38.24249	-140.76491	91.13104	189.58511	183.07575	11.39138	-43.12451	-70.78929	0
13268	-29.29212	-131.81454	-117.16848	73.2303	35.80148	-122.86417	103.33609	209.92686	204.23117	37.42882	-26.03744	-56.14323	0
13269	-27.66478	-122.86417	-102.52242	70.78929	33.36047	-113.10013	111.47279	220.50457	222.94558	57.77057	-13.83239	-44.75185	0
13270	-27.66478	-119.60949	-93.57205	73.2303	30.91946	-109.03178	118.79582	220.50457	236.77797	70.78929	-8.95037	-38.24249	0
13271	-24.4101	-119.60949	-92.75838	78.92599	32.5468	-108.21811	122.0505	213.99521	246.54201	74.85764	-9.76404	-37.42882	0
13272	-17.08707	-120.42316	-100.08141	83.80801	39.86983	-113.10013	120.42316	205.04484	250.61036	72.41663	-14.64606	-42.31084	0
13273	-12.20505	-125.30518	-107.40444	87.06269	48.00653	-115.54114	116.35481	197.72181	246.54201	65.90727	-18.71441	-49.63387	0
13274	-10.57771	-130.1872	-105.7771	84.62168	53.70222	-112.28646	108.21811	195.2808	235.9643	60.21158	-17.90074	-58.58424	0
13275	-9.76404	-125.30518	-97.6404	76.48498	54.51589	-102.52242	100.08141	194.46713	222.13191	56.9569	-16.2734	-63.46626	0
13276	-11.39138	-114.72747	-92.75838	65.90727	55.32956	-98.45407	93.57205	193.65346	210.74053	56.14323	-14.64606	-65.0936	0
13277	-13.83239	-106.59077	-100.89508	56.14323	59.39791	-106.59077	87.87636	192.02612	205.85851	56.9569	-13.83239	-66.72094	0
13278	-12.20505	-104.96343	-117.16848	48.8202	68.34828	-118.79582	84.62168	192.02612	207.48585	61.83892	-13.83239	-69.16195	0
13279	-2.44101	-109.03178	-132.62821	44.75185	79.73966	-129.37353	87.87636	196.09447	219.6909	67.53461	-8.95037	-69.97562	0
13280	9.76404	-111.47279	-144.01959	42.31084	88.69003	-135.06922	97.6404	205.04484	242.47366	74.04397	0	-68.34828	0
13281	17.90074	-110.65912	-148.08794	38.24249	92.75838	-135.06922	108.21811	213.99521	266.07009	82.99434	5.69569	-61.02525	0
13282	19.52808	-109.03178	-144.01959	37.42882	88.69003	-130.1872	116.35481	220.50457	281.52982	88.69003	4.06835	-53.70222	0
13283	13.83239	-109.03178	-133.44188	43.12451	77.29865	-122.86417	121.23683	222.13191	284.7845	85.43535	-2.44101	-52.07488	0
13284	4.88202	-105.7771	-116.35481	48.00653	62.65259	-111.47279	122.0505	219.6909	278.27514	78.11232	-7.32303	-52.07488	0
13285	-5.69569	-99.26774	-98.45407	52.07488	45.56552	-98.45407	121.23683	213.99521	264.44275	67.53461	-8.95037	-51.26121	0
13286	-19.52808	-98.45407	-87.06269	56.14323	29.29212	-91.94471	122.0505	205.04484	248.16935	57.77057	-11.39138	-53.70222	0
13287	-29.29212	-105.7771	-87.87636	58.58424	22.78276	-96.01306	125.30518	194.46713	235.15063	49.63387	-17.08707	-60.21158	0
13288	-26.85111	-115.54114	-96.01306	59.39791	27.66478	-104.96343	127.74619	190.39878	229.45494	48.00653	-21.15542	-65.90727	0
13289	-17.90074	-113.10013	-105.7771	55.32956	39.05616	-106.59077	126.93252	200.16282	234.33696	52.07488	-21.96909	-69.16195	0
13290	-7.32303	-98.45407	-111.47279	46.37919	49.63387	-96.01306	124.49151	221.31824	248.16935	56.9569	-23.59643	-69.97562	0
13291	0.81367	-82.99434	-109.84545	38.24249	54.51589	-85.43535	126.11885	243.28733	262.00174	63.46626	-22.78276	-67.53461	0
13292	1.62734	-80.55333	-103.33609	32.5468	52.07488	-82.99434	131.81454	260.3744	270.13844	71.60296	-17.90074	-61.83892	0
13293	-5.69569	-88.69003	-96.82673	29.29212	44.75185	-87.06269	135.06922	266.88376	270.95211	81.367	-11.39138	-52.88855	0
13294	-15.45973	-95.19939	-93.57205	26.85111	34.98781	-91.13104	136.69656	262.81541	267.69743	91.94471	-2.44101	-41.49717	0
13295	-22.78276	-93.57205	-96.01306	24.4101	26.03744	-93.57205	139.13757	253.86504	265.25642	100.08141	6.50936	-31.73313	0
13296	-24.4101	-86.24902	-91.94471	23.59643	20.34175	-89.5037	142.39225	244.101	266.88376	106.59077	15.45973	-24.4101	0
13297	-20.34175	-77.29865	-79.73966	27.66478	17.90074	-78.92599	145.64693	237.59164	270.95211	111.47279	21.96909	-17.90074	0
13298	-14.64606	-73.2303	-70.78929	34.17414	19.52808	-72.41663	144.83326	235.9643	277.46147	112.28646	26.03744	-16.2734	0
13299	-8.1367	-75.67131	-71.60296	39.86983	26.85111	-74.85764	138.3239	239.21898	286.41184	109.03178	24.4101	-21.15542	0
13300	-2.44101	-78.11232	-74.04397	42.31084	34.98781	-78.11232	128.55986	244.91467	296.17588	104.96343	15.45973	-29.29212	0
13301	0	-79.73966	-75.67131	43.12451	39.86983	-78.11232	121.23683	251.42403	304.31258	102.52242	4.88202	-38.24249	0
13302	2.44101	-79.73966	-78.92599	41.49717	42.31084	-75.67131	117.16848	258.74706	310.82194	100.89508	-3.25468	-43.93818	0
13303	5.69569	-76.48498	-80.55333	36.61515	44.75185	-71.60296	118.79582	270.95211	316.51763	99.26774	-5.69569	-43.12451	0
13304	7.32303	-66.72094	-73.2303	30.91946	41.49717	-63.46626	126.93252	287.22551	318.14497	100.89508	-0.81367	-35.80148	0
13305	6.50936	-47.19286	-58.58424	23.59643	34.17414	-52.07488	135.88289	299.43056	317.3313	104.14976	8.1367	-26.03744	0
13306	0.81367	-24.4101	-42.31084	20.34175	23.59643	-39.86983	141.57858	307.56726	314.89029	109.03178	18.71441	-17.90074	0
13307	-7.32303	-11.39138	-25.22377	21.15542	9.76404	-29.29212	145.64693	318.95864	314.07662	117.16848	28.47845	-11.39138	0
13308	-14.64606	-7.32303	-13.83239	21.15542	-1.62734	-18.71441	148.08794	331.97736	316.51763	127.74619	31.73313	-9.76404	0
13309	-13.83239	-4.88202	-13.01872	16.2734	-8.1367	-9.76404	147.27427	342.55507	322.21332	136.69656	29.29212	-11.39138	0
13310	-3.25468	0	-17.90074	4.88202	-3.25468	-5.69569	145.64693	349.06443	329.53635	140.76491	25.22377	-14.64606	0
13311	11.39138	1.62734	-26.03744	-6.50936	9.76404	-8.1367	144.01959	353.13278	338.48672	139.95124	20.34175	-19.52808	0
13312	21.15542	0	-32.5468	-14.64606	25.22377	-15.45973	140.76491	357.20113	347.43709	134.25555	12.20505	-25.22377	0
13313	24.4101	-1.62734	-31.73313	-17.08707	34.98781	-24.4101	136.69656	360.45581	353.13278	126.11885	4.88202	-28.47845	0
13314	22.78276	0.81367	-26.03744	-16.2734	34.17414	-27.66478	130.1872	362.08315	353.13278	118.79582	0.81367	-28.47845	0
13315	20.34175	7.32303	-12.20505	-13.83239	21.15542	-19.52808	122.86417	362.89682	349.06443	116.35481	5.69569	-22.78276	0
13316	15.45973	17.90074	4.06835	-14.64606	8.1367	-1.62734	118.79582	364.52416	344.99608	120.42316	19.52808	-9.76404	0
13317	11.39138	30.10579	14.64606	-21.96909	2.44101	14.64606	117.16848	370.21985	342.55507	128.55986	35.80148	3.25468	0
13318	10.57771	38.24249	18.71441	-28.47845	0.81367	24.4101	117.16848	379.17022	343.36874	135.06922	47.19286	10.57771	0
13319	13.83239	41.49717	26.03744	-28.47845	0	31.73313	118.79582	386.49325	344.99608	138.3239	52.07488	11.39138	0
13320	17.90074	41.49717	38.24249	-22.78276	-1.62734	38.24249	125.30518	392.18894	346.62342	138.3239	53.70222	8.95037	0
13321	18.71441	39.86983	48.00653	-20.34175	-6.50936	43.93818	137.51023	398.6983	350.69177	139.13757	53.70222	9.76404	0
13322	13.83239	43.12451	57.77057	-24.4101	-15.45973	52.88855	150.52895	410.08968	358.0148	139.95124	56.14323	14.64606	0
13323	7.32303	54.51589	70.78929	-27.66478	-30.10579	65.0936	157.03831	424.73574	364.52416	141.57858	60.21158	19.52808	0
13324	2.44101	70.78929	87.06269	-30.91946	-43.93818	79.73966	156.22464	441.00914	367.77884	142.39225	68.34828	25.22377	0
13325	4.06835	86.24902	96.82673	-38.24249	-53.70222	91.13104	150.52895	454.02786	365.33783	144.01959	76.48498	30.91946	0
13326	9.76404	96.01306	96.01306	-48.00653	-56.14323	96.01306	142.39225	459.72355	358.82847	144.83326	81.367	32.5468	0
13327	17.08707	103.33609	90.31737	-56.9569	-51.26121	96.82673	136.69656	458.90988	353.13278	145.64693	82.99434	33.36047	0
13328	25.22377	112.28646	88.69003	-66.72094	-43.93818	100.08141	139.95124	457.28254	351.50544	147.27427	82.18067	38.24249	0
13329	37.42882	122.86417	92.75838	-77.29865	-36.61515	109.84545	148.90161	457.28254	353.94645	148.90161	78.92599	47.19286	0
13330	49.63387	131.81454	100.89508	-82.99434	-31.73313	125.30518	156.22464	460.53722	357.20113	149.71528	77.29865	56.14323	0
13331	49.63387	138.3239	109.84545	-83.80801	-36.61515	138.3239	154.5973	464.60557	353.94645	147.27427	76.48498	56.14323	0
13332	33.36047	144.83326	122.0505	-82.99434	-50.44754	144.83326	143.20592	470.30126	344.99608	139.13757	76.48498	52.88855	0
13333	13.01872	153.78363	136.69656	-81.367	-67.53461	148.90161	132.62821	476.81062	332.79103	130.1872	77.29865	52.07488	0
13334	-3.25468	162.734	151.34262	-82.18067	-83.80801	155.41097	126.93252	480.87897	320.58598	125.30518	82.18067	56.9569	0
13335	-13.01872	175.75272	169.24336	-87.06269	-94.38572	168.42969	126.93252	481.69264	310.00827	126.11885	91.94471	66.72094	0
13336	-14.64606	194.46713	190.39878	-96.82673	-101.70875	188.77144	126.93252	480.87897	303.49891	126.93252	102.52242	76.48498	0
13337	-8.95037	213.99521	209.92686	-107.40444	-106.59077	209.11319	124.49151	479.25163	301.0579	128.55986	109.84545	82.99434	0
13338	6.50936	232.70962	219.6909	-122.86417	-104.14976	224.57292	118.79582	480.0653	298.61689	130.1872	114.72747	87.06269	0
13339	27.66478	246.54201	217.24989	-138.3239	-94.38572	231.08228	114.72747	484.13365	292.9212	131.81454	119.60949	88.69003	0
13340	44.75185	252.2377	212.36787	-148.08794	-84.62168	229.45494	111.47279	490.64301	281.52982	133.44188	124.49151	88.69003	0
13341	52.07488	252.2377	210.74053	-150.52895	-81.367	230.26861	111.47279	492.27035	265.25642	131.81454	126.93252	90.31737	0
13342	48.8202	253.86504	216.43622	-149.71528	-86.24902	239.21898	111.47279	484.94732	246.54201	123.67784	126.93252	95.19939	0
13343	41.49717	266.07009	231.89595	-152.15629	-97.6404	257.93339	108.21811	471.11493	230.26861	115.54114	130.1872	104.96343	0
13344	34.17414	286.41184	255.49238	-159.47932	-111.47279	279.08881	98.45407	456.46887	216.43622	109.84545	136.69656	120.42316	0
13345	30.91946	307.56726	277.46147	-168.42969	-122.86417	298.61689	87.06269	445.07749	200.97649	105.7771	145.64693	135.06922	0
13346	36.61515	329.53635	292.10753	-179.0074	-126.93252	314.07662	77.29865	433.68611	182.26208	103.33609	152.96996	146.4606	0
13347	46.37919	349.8781	303.49891	-186.33043	-126.93252	327.90901	70.78929	421.48106	162.734	101.70875	158.66565	156.22464	0
13348	49.63387	362.08315	313.26295	-194.46713	-131.00087	337.67305	67.53461	412.53069	148.08794	96.82673	159.47932	161.92033	0
13349	45.56552	366.96517	320.58598	-204.23117	-138.3239	341.7414	64.27993	407.64867	138.3239	88.69003	156.22464	164.36134	0
13350	42.31084	371.03352	323.84066	-212.36787	-143.20592	342.55507	59.39791	406.02133	127.74619	78.11232	152.96996	163.54767	0
13351	39.86983	377.54288	325.468	-215.62255	-147.27427	346.62342	52.07488	398.6983	111.47279	64.27993	150.52895	162.734	0
13352	35.80148	380.79756	332.79103	-210.74053	-155.41097	352.31911	43.93818	379.17022	83.80801	48.8202	148.08794	163.54767	0
13353	29.29212	380.79756	345.80975	-201.79016	-169.24336	359.64214	34.17414	346.62342	50.44754	33.36047	147.27427	165.98868	0
13354	23.59643	386.49325	360.45581	-199.34915	-181.44841	371.03352	24.4101	309.1946	17.08707	17.90074	148.90161	170.05703	0
13355	19.52808	396.25729	374.2882	-205.85851	-187.95777	384.05224	16.2734	276.6478	-8.1367	6.50936	150.52895	174.93905	0
13356	21.15542	409.27601	387.30692	-216.43622	-188.77144	397.88463	11.39138	257.11972	-26.03744	0.81367	153.78363	182.26208	0
13357	24.4101	424.73574	400.32564	-227.8276	-190.39878	412.53069	11.39138	248.16935	-39.05616	0	161.10666	192.83979	0
13358	20.34175	438.56813	409.27601	-231.89595	-190.39878	428.80409	13.83239	248.98302	-52.07488	0.81367	167.61602	203.4175	0
13359	8.1367	443.45015	407.64867	-227.01393	-183.88942	439.3818	16.2734	248.16935	-69.16195	0.81367	165.98868	209.92686	0
13360	-3.25468	443.45015	399.51197	-217.24989	-174.93905	438.56813	14.64606	234.33696	-89.5037	-1.62734	161.10666	209.11319	0
13361	-7.32303	446.70483	388.93426	-206.67218	-164.36134	431.2451	7.32303	206.67218	-110.65912	-11.39138	153.78363	202.60383	0
13362	4.06835	445.07749	383.23857	-205.04484	-154.5973	422.29473	-4.88202	167.61602	-132.62821	-25.22377	144.01959	192.02612	0
13363	25.22377	435.31345	386.49325	-219.6909	-153.78363	414.15803	-19.52808	124.49151	-156.22464	-42.31084	131.81454	181.44841	0
13364	40.6835	423.92207	393.81628	-233.52329	-158.66565	412.53069	-32.5468	88.69003	-178.19373	-57.77057	121.23683	173.31171	0
13365	52.07488	419.85372	398.6983	-239.21898	-163.54767	415.78537	-41.49717	65.0936	-195.2808	-68.34828	114.72747	168.42969	0
13366	60.21158	421.48106	397.88463	-240.03265	-164.36134	420.66739	-48.00653	49.63387	-209.11319	-74.85764	113.10013	165.98868	0
13367	57.77057	419.04005	390.5616	-235.9643	-165.17501	419.85372	-53.70222	37.42882	-222.94558	-79.73966	110.65912	163.54767	0
13368	45.56552	408.46234	376.72921	-224.57292	-165.98868	410.08968	-57.77057	25.22377	-235.9643	-83.80801	107.40444	158.66565	0
13369	29.29212	393.00261	358.0148	-209.11319	-163.54767	393.81628	-58.58424	14.64606	-248.16935	-87.87636	104.14976	153.78363	0
13370	15.45973	372.66086	341.7414	-192.83979	-161.10666	371.84719	-58.58424	1.62734	-263.62908	-93.57205	99.26774	148.90161	0
13371	4.88202	346.62342	326.28167	-175.75272	-159.47932	344.99608	-61.02525	-17.90074	-282.34349	-102.52242	86.24902	139.95124	0
13372	0	321.39965	310.00827	-161.10666	-154.5973	318.95864	-65.90727	-42.31084	-299.43056	-113.9138	71.60296	127.74619	0
13373	0	306.75359	292.9212	-157.03831	-143.20592	299.43056	-65.0936	-63.46626	-307.56726	-121.23683	60.21158	119.60949	0
13374	0	299.43056	276.6478	-159.47932	-128.55986	290.48019	-60.21158	-78.92599	-305.12625	-122.0505	53.70222	115.54114	0
13375	-0.81367	289.66652	264.44275	-156.22464	-119.60949	287.22551	-54.51589	-90.31737	-298.61689	-118.79582	48.8202	113.10013	0
13376	-4.06835	276.6478	260.3744	-145.64693	-120.42316	283.15716	-48.8202	-96.01306	-288.03918	-109.84545	46.37919	113.9138	0
13377	-13.83239	266.07009	268.5111	-131.81454	-133.44188	275.83413	-42.31084	-93.57205	-266.88376	-95.19939	48.00653	112.28646	0
13378	-30.10579	255.49238	280.71615	-114.72747	-148.90161	263.62908	-34.98781	-87.06269	-240.03265	-81.367	53.70222	103.33609	0
13379	-43.12451	240.03265	283.97083	-98.45407	-153.78363	248.16935	-26.85111	-79.73966	-213.18154	-73.2303	56.9569	91.13104	0
13380	-47.19286	218.06356	268.5111	-86.24902	-147.27427	228.64127	-20.34175	-72.41663	-195.2808	-71.60296	51.26121	76.48498	0
13381	-44.75185	192.02612	241.65999	-79.73966	-135.88289	205.04484	-16.2734	-65.90727	-187.1441	-70.78929	38.24249	60.21158	0
13382	-33.36047	171.68437	208.29952	-78.11232	-117.16848	182.26208	-11.39138	-61.83892	-180.63474	-67.53461	27.66478	48.00653	0
13383	-16.2734	155.41097	173.31171	-77.29865	-93.57205	160.29299	-8.1367	-60.21158	-172.49804	-63.46626	18.71441	39.05616	0
13384	-4.06835	135.88289	140.76491	-69.97562	-72.41663	136.69656	-8.1367	-61.83892	-161.92033	-59.39791	12.20505	32.5468	0
13385	0	117.16848	116.35481	-60.21158	-58.58424	113.9138	-10.57771	-65.90727	-149.71528	-53.70222	8.95037	26.85111	0
13386	0	103.33609	99.26774	-52.07488	-51.26121	92.75838	-13.83239	-72.41663	-135.88289	-47.19286	5.69569	19.52808	0
13387	0	91.94471	86.24902	-44.75185	-47.19286	77.29865	-14.64606	-74.04397	-118.79582	-37.42882	3.25468	13.01872	0
13388	4.88202	79.73966	75.67131	-43.93818	-41.49717	70.78929	-13.01872	-67.53461	-97.6404	-25.22377	4.06835	8.95037	0
13389	15.45973	65.90727	65.90727	-47.19286	-32.5468	66.72094	-8.1367	-56.14323	-74.85764	-11.39138	8.1367	4.88202	0
13390	21.96909	51.26121	52.07488	-46.37919	-18.71441	57.77057	0.81367	-42.31084	-52.88855	0	11.39138	4.06835	0
13391	19.52808	33.36047	33.36047	-35.80148	-7.32303	39.05616	8.95037	-26.85111	-33.36047	4.88202	11.39138	2.44101	0
13392	7.32303	11.39138	16.2734	-16.2734	-3.25468	17.90074	10.57771	-13.83239	-21.15542	3.25468	4.88202	-4.06835	0
13393	-7.32303	-4.88202	7.32303	1.62734	-5.69569	2.44101	8.95037	-8.1367	-17.90074	-1.62734	-3.25468	-14.64606	0
13394	-23.59643	-17.90074	5.69569	17.90074	-10.57771	-5.69569	5.69569	-9.76404	-21.15542	-5.69569	-7.32303	-22.78276	0
13395	-36.61515	-26.85111	9.76404	30.10579	-17.90074	-10.57771	0	-14.64606	-25.22377	-7.32303	-8.1367	-26.03744	0
13396	-40.6835	-31.73313	14.64606	37.42882	-23.59643	-12.20505	-4.06835	-21.15542	-26.85111	-8.1367	-9.76404	-28.47845	0
13397	-39.05616	-32.5468	12.20505	38.24249	-22.78276	-13.01872	-8.1367	-27.66478	-25.22377	-8.1367	-13.83239	-33.36047	0
13398	-34.17414	-33.36047	0	34.17414	-13.83239	-17.90074	-10.57771	-34.17414	-17.90074	-7.32303	-17.90074	-39.86983	0
13399	-26.85111	-34.17414	-13.83239	30.10579	-2.44101	-22.78276	-8.1367	-32.5468	-1.62734	0	-21.15542	-40.6835	0
13400	-18.71441	-33.36047	-23.59643	25.22377	4.88202	-26.03744	-0.81367	-19.52808	18.71441	12.20505	-23.59643	-34.98781	0
13401	-12.20505	-35.80148	-30.91946	21.96909	10.57771	-32.5468	8.1367	0	38.24249	25.22377	-21.96909	-27.66478	0
13402	-7.32303	-40.6835	-39.05616	20.34175	15.45973	-39.86983	17.90074	15.45973	51.26121	32.5468	-17.08707	-23.59643	0
13403	-3.25468	-42.31084	-43.12451	19.52808	18.71441	-43.12451	25.22377	22.78276	56.9569	35.80148	-13.83239	-23.59643	0
13404	0	-43.12451	-40.6835	21.15542	21.15542	-43.93818	26.85111	20.34175	56.14323	32.5468	-15.45973	-27.66478	0
13405	0	-45.56552	-34.98781	24.4101	22.78276	-46.37919	24.4101	11.39138	52.88855	26.85111	-18.71441	-35.80148	0
13406	-0.81367	-49.63387	-32.5468	27.66478	23.59643	-48.8202	20.34175	1.62734	50.44754	22.78276	-20.34175	-43.93818	0
13407	-6.50936	-54.51589	-33.36047	32.5468	19.52808	-50.44754	16.2734	-2.44101	48.00653	21.15542	-20.34175	-48.8202	0
13408	-17.90074	-61.83892	-33.36047	39.05616	11.39138	-52.07488	14.64606	-4.06835	47.19286	22.78276	-19.52808	-51.26121	0
13409	-36.61515	-74.04397	-30.91946	48.00653	-2.44101	-55.32956	16.2734	0	49.63387	25.22377	-17.08707	-50.44754	0
13410	-55.32956	-85.43535	-25.22377	60.21158	-17.08707	-57.77057	21.15542	8.1367	58.58424	27.66478	-14.64606	-47.19286	0
13411	-57.77057	-87.06269	-26.03744	62.65259	-18.71441	-58.58424	28.47845	17.90074	71.60296	31.73313	-11.39138	-42.31084	0
13412	-39.05616	-75.67131	-35.80148	52.88855	-4.06835	-57.77057	34.98781	25.22377	82.99434	36.61515	-7.32303	-36.61515	0
13413	-10.57771	-61.83892	-51.26121	40.6835	17.90074	-57.77057	34.17414	27.66478	88.69003	39.05616	-5.69569	-32.5468	0
13414	13.83239	-49.63387	-69.16195	27.66478	39.86983	-62.65259	26.85111	28.47845	91.13104	39.05616	-7.32303	-30.10579	0
13415	30.10579	-39.05616	-82.18067	13.83239	54.51589	-68.34828	17.08707	30.91946	94.38572	39.05616	-10.57771	-26.85111	0
13416	38.24249	-35.80148	-86.24902	2.44101	61.02525	-68.34828	11.39138	39.05616	98.45407	39.86983	-9.76404	-26.03744	0
13417	39.86983	-42.31084	-80.55333	-1.62734	60.21158	-65.0936	13.01872	50.44754	101.70875	40.6835	-5.69569	-25.22377	0
13418	29.29212	-54.51589	-71.60296	4.06835	49.63387	-68.34828	19.52808	56.14323	104.96343	43.93818	-4.06835	-27.66478	0
13419	11.39138	-74.04397	-66.72094	21.15542	34.98781	-78.92599	23.59643	48.8202	109.03178	43.93818	-8.95037	-33.36047	0
13420	0	-95.19939	-69.16195	35.80148	25.22377	-91.13104	24.4101	34.98781	113.10013	39.86983	-17.90074	-42.31084	0
13421	-4.06835	-106.59077	-75.67131	43.93818	23.59643	-98.45407	22.78276	26.85111	117.98215	35.80148	-24.4101	-48.8202	0
13422	-7.32303	-107.40444	-80.55333	48.00653	26.03744	-98.45407	21.15542	26.03744	120.42316	33.36047	-27.66478	-51.26121	0
13423	-8.95037	-99.26774	-79.73966	49.63387	28.47845	-91.94471	21.15542	28.47845	117.98215	30.10579	-26.03744	-51.26121	0
13424	-8.95037	-91.13104	-77.29865	48.8202	30.10579	-85.43535	19.52808	30.10579	112.28646	29.29212	-24.4101	-50.44754	0
13425	-8.1367	-88.69003	-78.11232	45.56552	33.36047	-83.80801	17.08707	30.91946	106.59077	29.29212	-22.78276	-52.07488	0
13426	-3.25468	-91.13104	-87.06269	39.86983	42.31084	-88.69003	13.01872	34.17414	105.7771	28.47845	-23.59643	-54.51589	0
13427	4.88202	-92.75838	-99.26774	35.80148	52.88855	-96.01306	8.95037	39.05616	111.47279	29.29212	-26.03744	-56.9569	0
13428	11.39138	-90.31737	-103.33609	33.36047	57.77057	-96.82673	7.32303	45.56552	122.0505	30.10579	-32.5468	-57.77057	0
13429	12.20505	-86.24902	-100.08141	34.17414	54.51589	-95.19939	11.39138	50.44754	132.62821	28.47845	-42.31084	-56.9569	0
13430	5.69569	-87.06269	-96.01306	40.6835	48.8202	-96.01306	15.45973	54.51589	140.76491	26.85111	-51.26121	-60.21158	0
13431	0	-91.94471	-96.82673	51.26121	45.56552	-100.08141	17.90074	58.58424	147.27427	23.59643	-59.39791	-67.53461	0
13432	0	-95.19939	-100.08141	60.21158	48.00653	-103.33609	17.90074	61.02525	148.08794	17.90074	-64.27993	-75.67131	0
13433	0.81367	-96.01306	-101.70875	62.65259	49.63387	-102.52242	14.64606	61.83892	141.57858	13.83239	-64.27993	-78.92599	0
13434	1.62734	-90.31737	-96.01306	56.9569	47.19286	-95.19939	13.01872	60.21158	130.1872	13.01872	-57.77057	-75.67131	0
13435	2.44101	-84.62168	-86.24902	48.00653	43.12451	-84.62168	16.2734	58.58424	115.54114	13.83239	-49.63387	-69.97562	0
13436	1.62734	-83.80801	-77.29865	40.6835	39.05616	-76.48498	23.59643	60.21158	109.03178	20.34175	-39.86983	-62.65259	0
13437	-6.50936	-87.06269	-69.16195	43.12451	30.91946	-72.41663	30.10579	62.65259	118.79582	30.91946	-28.47845	-54.51589	0
13438	-27.66478	-96.01306	-65.0936	57.77057	21.96909	-74.85764	36.61515	67.53461	136.69656	39.86983	-20.34175	-50.44754	0
13439	-51.26121	-109.84545	-71.60296	77.29865	20.34175	-86.24902	40.6835	71.60296	152.15629	43.12451	-17.08707	-51.26121	0
13440	-60.21158	-124.49151	-83.80801	87.87636	26.03744	-100.08141	41.49717	72.41663	160.29299	40.6835	-19.52808	-54.51589	0
13441	-43.93818	-131.81454	-98.45407	81.367	38.24249	-110.65912	40.6835	72.41663	161.92033	35.80148	-26.85111	-59.39791	0
13442	-17.08707	-128.55986	-112.28646	65.90727	52.88855	-114.72747	39.05616	72.41663	157.85198	30.10579	-34.98781	-65.0936	0
13443	3.25468	-118.79582	-113.10013	52.88855	58.58424	-112.28646	35.80148	69.16195	150.52895	23.59643	-44.75185	-70.78929	0
13444	13.83239	-108.21811	-103.33609	43.93818	56.9569	-104.14976	34.98781	65.0936	139.95124	17.90074	-53.70222	-74.85764	0
13445	16.2734	-96.01306	-91.13104	38.24249	52.07488	-92.75838	38.24249	61.02525	131.81454	15.45973	-58.58424	-78.92599	0
13446	20.34175	-84.62168	-83.80801	33.36047	50.44754	-81.367	43.12451	61.02525	131.00087	17.08707	-56.9569	-78.92599	0
13447	26.85111	-80.55333	-81.367	26.03744	53.70222	-72.41663	48.8202	70.78929	140.76491	24.4101	-49.63387	-74.04397	0
13448	22.78276	-85.43535	-82.18067	26.85111	52.07488	-71.60296	50.44754	87.87636	157.85198	31.73313	-43.93818	-69.16195	0
13449	5.69569	-97.6404	-87.06269	41.49717	43.12451	-78.11232	48.00653	104.96343	174.93905	34.17414	-43.93818	-68.34828	0
13450	-19.52808	-112.28646	-90.31737	61.83892	26.85111	-87.87636	46.37919	114.72747	183.88942	32.5468	-45.56552	-69.97562	0
13451	-48.00653	-123.67784	-87.06269	83.80801	9.76404	-99.26774	45.56552	112.28646	181.44841	29.29212	-48.8202	-70.78929	0
13452	-67.53461	-126.93252	-79.73966	99.26774	-1.62734	-106.59077	44.75185	99.26774	170.05703	23.59643	-52.88855	-69.97562	0
13453	-68.34828	-121.23683	-72.41663	98.45407	-3.25468	-104.14976	43.93818	82.18067	154.5973	20.34175	-55.32956	-67.53461	0
13454	-56.14323	-109.84545	-65.90727	86.24902	0.81367	-93.57205	44.75185	67.53461	143.20592	19.52808	-51.26121	-62.65259	0
13455	-42.31084	-99.26774	-57.77057	72.41663	6.50936	-82.18067	43.93818	56.14323	137.51023	22.78276	-43.12451	-58.58424	0
13456	-32.5468	-95.19939	-52.07488	61.02525	12.20505	-75.67131	42.31084	49.63387	135.06922	26.03744	-37.42882	-56.9569	0
13457	-25.22377	-97.6404	-56.9569	56.14323	20.34175	-78.11232	38.24249	47.19286	136.69656	25.22377	-40.6835	-61.02525	0
13458	-17.08707	-103.33609	-72.41663	57.77057	32.5468	-87.87636	32.5468	50.44754	140.76491	21.15542	-51.26121	-72.41663	0
13459	-7.32303	-107.40444	-90.31737	61.83892	47.19286	-96.01306	31.73313	56.14323	146.4606	16.2734	-61.02525	-87.06269	0
13460	1.62734	-109.03178	-106.59077	64.27993	60.21158	-99.26774	34.98781	61.02525	151.34262	9.76404	-66.72094	-100.89508	0
13461	8.95037	-108.21811	-116.35481	61.83892	66.72094	-100.89508	38.24249	65.0936	152.15629	6.50936	-69.97562	-107.40444	0
13462	8.1367	-101.70875	-117.16848	54.51589	63.46626	-100.89508	41.49717	68.34828	149.71528	6.50936	-70.78929	-107.40444	0
13463	0	-91.94471	-109.03178	44.75185	52.07488	-95.19939	42.31084	68.34828	144.83326	9.76404	-66.72094	-100.89508	0
13464	-7.32303	-85.43535	-92.75838	43.12451	36.61515	-87.06269	41.49717	65.90727	136.69656	13.01872	-61.02525	-91.13104	0
13465	-8.95037	-84.62168	-75.67131	48.00653	22.78276	-79.73966	41.49717	62.65259	124.49151	13.83239	-56.9569	-79.73966	0
13466	-10.57771	-87.06269	-69.97562	51.26121	14.64606	-78.92599	41.49717	58.58424	113.9138	17.08707	-53.70222	-72.41663	0
13467	-13.01872	-91.94471	-81.367	52.07488	16.2734	-87.87636	41.49717	56.14323	109.03178	22.78276	-48.8202	-66.72094	0
13468	-12.20505	-100.08141	-100.08141	52.88855	26.03744	-102.52242	40.6835	56.9569	109.03178	29.29212	-46.37919	-63.46626	0
13469	-10.57771	-109.03178	-112.28646	53.70222	36.61515	-113.9138	39.05616	60.21158	113.10013	33.36047	-48.8202	-64.27993	0
13470	-12.20505	-114.72747	-112.28646	56.9569	43.12451	-117.16848	37.42882	65.0936	119.60949	34.17414	-52.88855	-67.53461	0
13471	-20.34175	-116.35481	-100.89508	61.02525	42.31084	-112.28646	37.42882	66.72094	126.93252	32.5468	-56.9569	-72.41663	0
13472	-34.98781	-119.60949	-87.87636	65.90727	34.17414	-106.59077	36.61515	63.46626	131.00087	26.85111	-62.65259	-78.92599	0
13473	-47.19286	-125.30518	-79.73966	69.16195	23.59643	-101.70875	33.36047	57.77057	126.93252	20.34175	-65.90727	-82.99434	0
13474	-52.07488	-126.93252	-77.29865	71.60296	17.08707	-92.75838	31.73313	51.26121	122.86417	18.71441	-64.27993	-78.92599	0
13475	-52.07488	-119.60949	-74.04397	71.60296	12.20505	-83.80801	34.17414	48.8202	125.30518	25.22377	-53.70222	-70.78929	0
13476	-43.12451	-109.03178	-72.41663	73.2303	12.20505	-79.73966	40.6835	51.26121	132.62821	35.80148	-39.86983	-62.65259	0
13477	-30.91946	-108.21811	-75.67131	76.48498	16.2734	-85.43535	44.75185	54.51589	139.13757	43.93818	-30.10579	-56.9569	0
13478	-22.78276	-112.28646	-85.43535	70.78929	24.4101	-96.01306	48.00653	55.32956	140.76491	46.37919	-29.29212	-55.32956	0
13479	-17.08707	-112.28646	-96.82673	59.39791	36.61515	-104.96343	51.26121	53.70222	137.51023	45.56552	-35.80148	-57.77057	0
13480	-8.1367	-109.03178	-105.7771	48.8202	48.8202	-109.84545	55.32956	52.07488	131.81454	42.31084	-43.93818	-61.83892	0
13481	-0.81367	-104.96343	-110.65912	43.93818	56.14323	-110.65912	59.39791	52.88855	128.55986	41.49717	-48.8202	-65.90727	0
13482	-2.44101	-100.08141	-107.40444	42.31084	54.51589	-106.59077	59.39791	53.70222	127.74619	39.86983	-50.44754	-69.16195	0
13483	-8.95037	-91.94471	-96.01306	41.49717	48.00653	-96.82673	53.70222	51.26121	125.30518	39.05616	-47.19286	-70.78929	0
13484	-12.20505	-80.55333	-83.80801	38.24249	39.86983	-85.43535	43.93818	44.75185	120.42316	37.42882	-42.31084	-72.41663	0
13485	-10.57771	-68.34828	-71.60296	34.17414	30.10579	-78.11232	33.36047	31.73313	115.54114	33.36047	-40.6835	-70.78929	0
13486	-8.1367	-64.27993	-62.65259	30.91946	24.4101	-70.78929	26.85111	20.34175	115.54114	33.36047	-38.24249	-65.90727	0
13487	-8.95037	-70.78929	-57.77057	33.36047	21.15542	-66.72094	24.4101	17.08707	115.54114	36.61515	-35.80148	-65.90727	0
13488	-20.34175	-84.62168	-56.9569	47.19286	21.15542	-69.97562	23.59643	16.2734	109.84545	37.42882	-39.86983	-71.60296	0
13489	-37.42882	-101.70875	-57.77057	66.72094	25.22377	-79.73966	26.03744	17.08707	99.26774	37.42882	-47.19286	-82.18067	0
13490	-47.19286	-118.79582	-66.72094	81.367	30.91946	-89.5037	30.91946	18.71441	90.31737	34.17414	-51.26121	-92.75838	0
13491	-42.31084	-133.44188	-88.69003	87.06269	40.6835	-100.08141	34.98781	16.2734	83.80801	22.78276	-54.51589	-99.26774	0
13492	-24.4101	-142.39225	-109.84545	85.43535	53.70222	-111.47279	35.80148	12.20505	76.48498	10.57771	-56.14323	-98.45407	0
13493	-4.06835	-141.57858	-113.10013	80.55333	59.39791	-113.9138	36.61515	8.1367	74.04397	4.06835	-52.88855	-89.5037	0
13494	1.62734	-134.25555	-97.6404	74.85764	50.44754	-104.14976	39.86983	2.44101	76.48498	3.25468	-46.37919	-76.48498	0
13495	-9.76404	-124.49151	-76.48498	73.2303	31.73313	-91.13104	40.6835	-4.88202	78.11232	4.06835	-37.42882	-65.0936	0
13496	-25.22377	-113.9138	-61.83892	73.2303	13.83239	-82.18067	40.6835	-5.69569	81.367	9.76404	-32.5468	-59.39791	0
13497	-29.29212	-104.96343	-61.02525	69.16195	8.1367	-80.55333	39.05616	0	87.06269	20.34175	-30.91946	-56.9569	0
13498	-24.4101	-103.33609	-73.2303	64.27993	15.45973	-87.87636	39.86983	8.1367	93.57205	30.10579	-30.10579	-56.14323	0
13499	-14.64606	-106.59077	-91.13104	61.02525	30.10579	-100.08141	41.49717	15.45973	96.82673	34.98781	-29.29212	-56.14323	0
13500	-0.81367	-109.03178	-104.14976	56.14323	44.75185	-111.47279	42.31084	20.34175	95.19939	36.61515	-28.47845	-56.14323	0
13501	6.50936	-110.65912	-104.96343	48.00653	52.07488	-117.16848	41.49717	23.59643	92.75838	37.42882	-28.47845	-56.9569	0
13502	6.50936	-104.96343	-98.45407	43.12451	50.44754	-114.72747	38.24249	25.22377	89.5037	38.24249	-30.91946	-59.39791	0
13503	2.44101	-89.5037	-91.94471	41.49717	50.44754	-102.52242	36.61515	23.59643	88.69003	37.42882	-31.73313	-59.39791	0
13504	0.81367	-72.41663	-86.24902	37.42882	56.9569	-82.99434	39.05616	21.96909	90.31737	36.61515	-27.66478	-52.88855	0
13505	3.25468	-57.77057	-78.92599	30.10579	58.58424	-65.0936	40.6835	21.96909	91.13104	39.05616	-23.59643	-44.75185	0
13506	1.62734	-53.70222	-70.78929	23.59643	51.26121	-56.14323	40.6835	22.78276	91.13104	43.12451	-24.4101	-39.05616	0
13507	-6.50936	-58.58424	-61.83892	18.71441	37.42882	-55.32956	39.86983	24.4101	91.94471	44.75185	-26.85111	-41.49717	0
13508	-13.83239	-61.02525	-52.88855	17.90074	24.4101	-54.51589	40.6835	28.47845	98.45407	44.75185	-27.66478	-46.37919	0
13509	-15.45973	-53.70222	-47.19286	17.08707	13.01872	-46.37919	45.56552	34.17414	110.65912	47.19286	-21.96909	-50.44754	0
13510	-18.71441	-43.12451	-43.12451	16.2734	0.81367	-34.98781	51.26121	39.86983	125.30518	48.00653	-15.45973	-53.70222	0
13511	-21.96909	-33.36047	-35.80148	16.2734	-7.32303	-24.4101	56.9569	40.6835	132.62821	48.8202	-13.01872	-54.51589	0
13512	-15.45973	-25.22377	-30.91946	18.71441	-4.88202	-20.34175	61.83892	35.80148	128.55986	49.63387	-14.64606	-52.88855	0
13513	-4.88202	-17.90074	-30.10579	18.71441	3.25468	-21.15542	62.65259	27.66478	112.28646	49.63387	-14.64606	-48.8202	0
13514	0	-11.39138	-30.10579	14.64606	9.76404	-24.4101	61.02525	21.96909	91.13104	50.44754	-11.39138	-43.93818	0
13515	4.88202	-8.1367	-30.91946	8.1367	14.64606	-26.85111	57.77057	21.15542	76.48498	51.26121	-8.95037	-37.42882	0
13516	13.01872	-0.81367	-30.10579	-4.06835	22.78276	-21.96909	53.70222	23.59643	77.29865	55.32956	-6.50936	-31.73313	0
13517	22.78276	15.45973	-27.66478	-24.4101	32.5468	-10.57771	49.63387	28.47845	91.13104	64.27993	-4.06835	-28.47845	0
13518	34.17414	30.91946	-21.96909	-42.31084	37.42882	2.44101	48.00653	33.36047	109.84545	69.97562	-4.06835	-26.85111	0
13519	40.6835	37.42882	-11.39138	-51.26121	32.5468	14.64606	45.56552	33.36047	123.67784	69.97562	-8.95037	-26.85111	0
13520	37.42882	37.42882	0	-47.19286	21.15542	21.15542	34.98781	28.47845	126.11885	65.90727	-13.83239	-29.29212	0
13521	28.47845	34.98781	8.95037	-35.80148	8.1367	22.78276	20.34175	22.78276	120.42316	61.02525	-14.64606	-31.73313	0
13522	16.2734	35.80148	19.52808	-24.4101	-2.44101	26.85111	7.32303	18.71441	112.28646	59.39791	-10.57771	-29.29212	0
13523	3.25468	43.93818	34.17414	-17.90074	-14.64606	36.61515	1.62734	14.64606	103.33609	62.65259	0	-21.96909	0
13524	-6.50936	54.51589	49.63387	-14.64606	-28.47845	47.19286	0	8.95037	96.01306	67.53461	13.83239	-14.64606	0
13525	-11.39138	61.83892	61.02525	-15.45973	-36.61515	54.51589	0	1.62734	96.82673	76.48498	26.03744	-8.95037	0
13526	-8.95037	61.83892	61.02525	-19.52808	-35.80148	57.77057	-3.25468	-4.88202	100.89508	87.06269	32.5468	-4.88202	0
13527	0	56.14323	48.00653	-23.59643	-23.59643	53.70222	-10.57771	-11.39138	105.7771	93.57205	33.36047	-4.88202	0
13528	8.95037	43.12451	29.29212	-23.59643	-9.76404	39.86983	-16.2734	-14.64606	111.47279	95.19939	27.66478	-9.76404	0
13529	10.57771	22.78276	14.64606	-14.64606	-1.62734	22.78276	-20.34175	-9.76404	116.35481	91.94471	14.64606	-19.52808	0
13530	10.57771	2.44101	8.1367	0	1.62734	7.32303	-21.15542	-7.32303	115.54114	84.62168	0	-30.10579	0
13531	5.69569	-9.76404	11.39138	8.1367	0	2.44101	-17.90074	-8.1367	109.84545	74.85764	-8.95037	-37.42882	0
13532	5.69569	-13.01872	18.71441	0	-4.06835	11.39138	-12.20505	-8.1367	103.33609	66.72094	-8.95037	-37.42882	0
13533	13.01872	-5.69569	23.59643	-18.71441	-3.25468	24.4101	-8.95037	-9.76404	96.01306	61.83892	-4.06835	-32.5468	0
13534	21.96909	7.32303	20.34175	-34.17414	3.25468	30.10579	-10.57771	-16.2734	87.06269	59.39791	-0.81367	-26.85111	0
13535	29.29212	17.90074	7.32303	-40.6835	13.83239	25.22377	-13.01872	-23.59643	78.92599	58.58424	2.44101	-22.78276	0
13536	32.5468	14.64606	-8.95037	-34.98781	24.4101	9.76404	-16.2734	-30.10579	72.41663	58.58424	3.25468	-21.15542	0
13537	30.10579	-2.44101	-31.73313	-19.52808	34.98781	-14.64606	-17.90074	-34.17414	69.97562	58.58424	2.44101	-21.96909	0
13538	29.29212	-29.29212	-57.77057	-2.44101	48.8202	-46.37919	-16.2734	-32.5468	72.41663	60.21158	0	-23.59643	0
13539	31.73313	-50.44754	-85.43535	4.88202	65.0936	-74.04397	-9.76404	-25.22377	78.11232	64.27993	0	-28.47845	0
13540	35.80148	-60.21158	-107.40444	4.88202	78.11232	-88.69003	-0.81367	-15.45973	84.62168	68.34828	0	-32.5468	0
13541	36.61515	-62.65259	-117.98215	4.88202	81.367	-91.94471	6.50936	-6.50936	91.13104	69.16195	0	-32.5468	0
13542	33.36047	-59.39791	-113.10013	5.69569	74.04397	-85.43535	12.20505	0	96.82673	66.72094	0.81367	-29.29212	0
13543	32.5468	-52.88855	-100.89508	4.06835	65.0936	-75.67131	14.64606	0	98.45407	59.39791	0	-25.22377	0
13544	30.10579	-56.9569	-95.19939	10.57771	60.21158	-74.85764	13.01872	-6.50936	91.94471	46.37919	-7.32303	-28.47845	0
13545	17.08707	-78.11232	-97.6404	29.29212	55.32956	-84.62168	8.95037	-21.15542	74.85764	29.29212	-21.96909	-38.24249	0
13546	-0.81367	-107.40444	-105.7771	53.70222	50.44754	-98.45407	3.25468	-34.98781	53.70222	13.83239	-38.24249	-48.8202	0
13547	-17.90074	-134.25555	-115.54114	77.29865	47.19286	-114.72747	-0.81367	-41.49717	38.24249	5.69569	-51.26121	-59.39791	0
13548	-32.5468	-152.96996	-120.42316	92.75838	43.12451	-128.55986	-0.81367	-37.42882	36.61515	6.50936	-55.32956	-68.34828	0
13549	-39.86983	-158.66565	-120.42316	100.89508	38.24249	-135.06922	4.06835	-26.03744	47.19286	13.83239	-52.88855	-74.04397	0
13550	-40.6835	-153.78363	-119.60949	101.70875	37.42882	-137.51023	13.01872	-14.64606	63.46626	21.96909	-48.8202	-77.29865	0
13551	-37.42882	-144.83326	-114.72747	97.6404	37.42882	-134.25555	21.96909	-6.50936	74.04397	26.03744	-48.00653	-76.48498	0
13552	-35.80148	-138.3239	-110.65912	91.94471	35.80148	-129.37353	27.66478	-2.44101	72.41663	17.90074	-53.70222	-75.67131	0
13553	-31.73313	-137.51023	-111.47279	87.06269	38.24249	-128.55986	31.73313	-4.06835	60.21158	1.62734	-63.46626	-78.92599	0
13554	-22.78276	-137.51023	-117.16848	83.80801	44.75185	-129.37353	30.91946	-8.95037	43.93818	-12.20505	-73.2303	-82.18067	0
13555	-10.57771	-133.44188	-122.0505	80.55333	53.70222	-128.55986	24.4101	-16.2734	30.10579	-20.34175	-78.11232	-86.24902	0
13556	-1.62734	-127.74619	-127.74619	77.29865	61.02525	-129.37353	18.71441	-23.59643	23.59643	-23.59643	-79.73966	-91.94471	0
13557	2.44101	-125.30518	-137.51023	75.67131	69.16195	-135.88289	16.2734	-26.03744	25.22377	-24.4101	-81.367	-98.45407	0
13558	4.06835	-128.55986	-146.4606	74.85764	74.85764	-144.01959	17.08707	-20.34175	31.73313	-21.96909	-80.55333	-100.89508	0
13559	0	-136.69656	-145.64693	74.04397	71.60296	-149.71528	21.15542	-6.50936	42.31084	-16.2734	-78.11232	-96.01306	0
13560	-8.95037	-143.20592	-131.81454	74.85764	59.39791	-151.34262	26.85111	6.50936	56.14323	-7.32303	-75.67131	-86.24902	0
13561	-19.52808	-142.39225	-113.9138	78.11232	45.56552	-144.01959	33.36047	13.83239	70.78929	2.44101	-70.78929	-76.48498	0
13562	-28.47845	-142.39225	-105.7771	82.99434	36.61515	-136.69656	37.42882	8.95037	77.29865	8.1367	-61.02525	-70.78929	0
13563	-34.17414	-142.39225	-107.40444	83.80801	37.42882	-133.44188	38.24249	-4.06835	71.60296	9.76404	-53.70222	-67.53461	0
13564	-34.98781	-141.57858	-115.54114	80.55333	44.75185	-132.62821	36.61515	-18.71441	56.14323	5.69569	-52.88855	-69.97562	0
13565	-30.91946	-143.20592	-126.11885	74.04397	54.51589	-135.88289	31.73313	-30.10579	38.24249	0	-54.51589	-76.48498	0
13566	-26.03744	-148.90161	-128.55986	71.60296	52.88855	-138.3239	23.59643	-36.61515	27.66478	-0.81367	-56.9569	-82.99434	0
13567	-18.71441	-148.90161	-116.35481	79.73966	40.6835	-131.81454	21.15542	-34.98781	30.10579	4.88202	-54.51589	-83.80801	0
13568	-10.57771	-138.3239	-103.33609	86.24902	32.5468	-120.42316	28.47845	-24.4101	42.31084	13.83239	-52.88855	-78.92599	0
13569	-4.06835	-126.11885	-100.89508	79.73966	34.98781	-113.9138	39.86983	-13.83239	58.58424	18.71441	-55.32956	-73.2303	0
13570	-3.25468	-124.49151	-104.14976	69.16195	39.05616	-115.54114	47.19286	-7.32303	69.97562	20.34175	-59.39791	-70.78929	0
13571	-3.25468	-127.74619	-109.84545	64.27993	43.12451	-120.42316	52.07488	-4.06835	67.53461	17.90074	-61.02525	-69.97562	0
13572	-3.25468	-132.62821	-117.16848	65.0936	48.00653	-126.93252	52.88855	-7.32303	54.51589	13.01872	-61.83892	-71.60296	0
13573	-8.1367	-143.20592	-131.81454	69.97562	52.07488	-139.13757	48.00653	-18.71441	35.80148	3.25468	-65.0936	-75.67131	0
13574	-13.01872	-158.66565	-153.78363	76.48498	53.70222	-157.85198	37.42882	-42.31084	13.01872	-8.95037	-73.2303	-79.73966	0
13575	-15.45973	-173.31171	-170.8707	80.55333	58.58424	-172.49804	24.4101	-78.11232	-14.64606	-22.78276	-81.367	-80.55333	0
13576	-20.34175	-175.75272	-167.61602	82.18067	58.58424	-171.68437	11.39138	-125.30518	-55.32956	-37.42882	-87.06269	-79.73966	0
13577	-28.47845	-163.54767	-144.01959	82.99434	48.00653	-153.78363	-2.44101	-187.1441	-114.72747	-52.88855	-88.69003	-75.67131	0
13578	-35.80148	-139.95124	-108.21811	80.55333	29.29212	-124.49151	-25.22377	-266.07009	-198.53548	-69.97562	-82.99434	-63.46626	0
13579	-35.80148	-105.7771	-64.27993	69.97562	5.69569	-85.43535	-56.9569	-362.89682	-311.63561	-89.5037	-66.72094	-38.24249	0
13580	-30.91946	-58.58424	-16.2734	48.00653	-13.01872	-39.05616	-98.45407	-474.36961	-449.95951	-113.9138	-41.49717	-0.81367	0
13581	-25.22377	-1.62734	31.73313	17.08707	-30.10579	13.01872	-144.83326	-600.48846	-608.62516	-139.13757	-8.1367	47.19286	0
13582	-15.45973	62.65259	82.99434	-21.96909	-47.19286	70.78929	-190.39878	-737.18502	-777.86852	-153.78363	38.24249	108.21811	0
13583	3.25468	144.01959	141.57858	-74.04397	-65.90727	141.57858	-228.64127	-873.88158	-943.8572	-154.5973	105.7771	185.51676	0
13584	31.73313	252.2377	221.31824	-142.39225	-92.75838	235.9643	-257.11972	-1008.9508	-1097.64083	-142.39225	196.09447	279.90248	0
13585	56.9569	388.93426	333.6047	-223.75925	-137.51023	360.45581	-285.59817	-1159.47975	-1248.16978	-118.79582	305.93992	386.49325	0
13586	74.85764	543.53156	469.48759	-310.00827	-197.72181	506.10274	-327.90901	-1349.06486	-1412.53112	-94.38572	420.66739	495.52503	0
13587	95.19939	708.70657	611.87984	-401.95298	-258.74706	659.88637	-393.81628	-1577.70613	-1588.28384	-70.78929	527.25816	599.67479	0
13588	122.86417	874.69525	748.5764	-489.01567	-313.26295	811.22899	-489.01567	-1818.55245	-1757.5272	-38.24249	628.15324	694.87418	0
13589	152.15629	1021.15585	864.93121	-555.73661	-357.20113	942.22986	-611.87984	-2023.59729	-1899.10578	-1.62734	722.53896	778.68219	0
13590	168.42969	1113.10056	940.60252	-599.67479	-387.30692	1026.03787	-732.303	-2158.66651	-1998.37352	19.52808	787.63256	836.45276	0
13591	162.734	1113.10056	945.48454	-604.55681	-392.18894	1027.66521	-814.48367	-2227.82846	-2034.175	26.85111	790.07357	844.58946	0
13592	137.51023	997.55942	855.16717	-547.59991	-358.82847	924.32912	-856.79451	-2220.50543	-1978.84544	21.96909	716.84327	788.44623	0
13593	104.14976	773.80017	666.39573	-430.43143	-281.52982	718.47061	-862.4902	-2124.49237	-1833.19851	-5.69569	568.75533	668.02307	0
13594	69.97562	475.99695	404.39399	-270.95211	-168.42969	439.3818	-840.52111	-1957.69002	-1638.73138	-81.367	352.31911	495.52503	0
13595	39.86983	151.34262	112.28646	-96.82673	-37.42882	131.00087	-814.48367	-1759.15454	-1455.65563	-226.20026	92.75838	296.98955	0
13596	10.57771	-148.08794	-157.03831	65.90727	82.18067	-152.96996	-786.81889	-1567.12842	-1339.30082	-439.3818	-171.68437	107.40444	0
13597	-19.52808	-381.61123	-361.26948	198.53548	170.05703	-371.84719	-757.52677	-1401.95341	-1300.24466	-682.66913	-395.44362	-40.6835	0
13598	-43.12451	-527.25816	-484.94732	283.15716	220.50457	-506.91641	-733.11667	-1258.74749	-1305.12668	-895.037	-548.41358	-136.69656	0
13599	-58.58424	-598.86112	-544.34523	326.28167	240.84632	-571.19634	-705.45189	-1123.67827	-1305.12668	-1030.10622	-624.89856	-186.33043	0
13600	-69.97562	-624.89856	-564.68698	344.99608	242.47366	-590.72442	-660.70004	-984.5407	-1262.00217	-1073.23073	-639.54462	-205.04484	0
13601	-69.97562	-618.3892	-561.4323	341.7414	239.21898	-585.02873	-594.79277	-829.9434	-1158.66608	-1033.3609	-610.2525	-206.67218	0
13602	-59.39791	-589.09708	-541.90422	321.39965	235.9643	-564.68698	-510.98476	-661.51371	-1007.32346	-935.7205	-554.92294	-198.53548	0
13603	-48.8202	-553.2956	-512.6121	298.61689	227.8276	-536.20853	-422.29473	-500.40705	-836.45276	-813.67	-491.45668	-187.95777	0
13604	-39.86983	-523.18981	-484.94732	279.90248	219.6909	-507.73008	-339.30039	-367.77884	-672.09142	-692.43317	-434.49978	-181.44841	0
13605	-27.66478	-494.71136	-466.23291	260.3744	216.43622	-483.31998	-269.32477	-268.5111	-527.25816	-580.96038	-384.05224	-178.19373	0
13606	-14.64606	-463.7919	-446.70483	238.40531	213.99521	-456.46887	-209.92686	-194.46713	-402.76665	-480.0653	-335.23204	-172.49804	0
13607	-5.69569	-432.87244	-419.04005	222.94558	202.60383	-427.17675	-161.10666	-137.51023	-296.98955	-388.93426	-288.03918	-163.54767	0
13608	0.81367	-406.02133	-387.30692	213.18154	183.07575	-397.07096	-121.23683	-96.01306	-209.92686	-310.82194	-246.54201	-152.15629	0
13609	0.81367	-372.66086	-353.94645	195.2808	165.98868	-364.52416	-87.87636	-65.0936	-136.69656	-246.54201	-209.11319	-139.13757	0
13610	-5.69569	-327.09534	-318.95864	165.98868	152.96996	-323.02699	-57.77057	-35.80148	-69.97562	-189.58511	-173.31171	-124.49151	0
13611	-9.76404	-280.71615	-277.46147	140.76491	139.95124	-279.90248	-27.66478	-0.81367	-4.06835	-139.13757	-140.76491	-110.65912	0
13612	-8.95037	-246.54201	-234.33696	127.74619	123.67784	-241.65999	1.62734	37.42882	56.9569	-96.01306	-111.47279	-96.01306	0
13613	-9.76404	-218.06356	-195.2808	118.79582	104.14976	-208.29952	28.47845	78.92599	109.03178	-63.46626	-87.87636	-79.73966	0
13614	-8.95037	-185.51676	-161.92033	102.52242	83.80801	-174.12538	50.44754	118.79582	150.52895	-36.61515	-67.53461	-65.90727	0
13615	-6.50936	-151.34262	-132.62821	82.99434	64.27993	-142.39225	67.53461	156.22464	179.82107	-14.64606	-52.88855	-55.32956	0
13616	-5.69569	-125.30518	-111.47279	67.53461	50.44754	-117.98215	78.11232	184.70309	198.53548	2.44101	-45.56552	-49.63387	0
13617	0.81367	-111.47279	-103.33609	52.88855	48.8202	-104.14976	84.62168	200.16282	206.67218	16.2734	-42.31084	-48.00653	0
13618	13.01872	-110.65912	-105.7771	38.24249	56.9569	-100.08141	89.5037	205.04484	208.29952	26.85111	-41.49717	-48.8202	0
13619	16.2734	-118.79582	-114.72747	35.80148	61.83892	-108.21811	91.94471	203.4175	205.85851	33.36047	-46.37919	-53.70222	0
13620	6.50936	-132.62821	-125.30518	50.44754	57.77057	-121.23683	92.75838	199.34915	201.79016	34.98781	-52.07488	-60.21158	0
13621	-1.62734	-148.08794	-128.55986	69.97562	49.63387	-131.00087	92.75838	196.09447	196.90814	32.5468	-54.51589	-66.72094	0
13622	-6.50936	-158.66565	-126.11885	79.73966	44.75185	-134.25555	93.57205	194.46713	196.90814	31.73313	-52.88855	-68.34828	0
13623	-10.57771	-160.29299	-122.86417	81.367	43.93818	-132.62821	93.57205	191.21245	203.4175	34.17414	-45.56552	-66.72094	0
13624	-9.76404	-152.15629	-117.98215	78.11232	43.93818	-130.1872	94.38572	188.77144	213.18154	39.86983	-35.80148	-64.27993	0
13625	-1.62734	-137.51023	-112.28646	69.16195	44.75185	-125.30518	97.6404	187.95777	222.94558	46.37919	-28.47845	-62.65259	0
13626	7.32303	-121.23683	-110.65912	61.02525	49.63387	-119.60949	104.14976	192.83979	232.70962	53.70222	-23.59643	-61.02525	0
13627	12.20505	-110.65912	-111.47279	56.9569	55.32956	-115.54114	113.10013	203.4175	242.47366	62.65259	-17.90074	-55.32956	0
13628	9.76404	-102.52242	-109.03178	54.51589	55.32956	-109.84545	121.23683	215.62255	249.79669	72.41663	-12.20505	-48.00653	0
13629	6.50936	-96.82673	-100.89508	52.88855	52.07488	-104.14976	130.1872	228.64127	257.93339	81.367	-4.88202	-38.24249	0
13630	5.69569	-98.45407	-91.13104	53.70222	47.19286	-103.33609	137.51023	238.40531	267.69743	87.06269	0	-30.91946	0
13631	3.25468	-104.14976	-87.87636	56.14323	43.12451	-107.40444	139.13757	242.47366	275.02046	85.43535	-1.62734	-29.29212	0
13632	-3.25468	-108.21811	-94.38572	61.83892	43.12451	-114.72747	135.88289	239.21898	275.83413	79.73966	-9.76404	-35.80148	0
13633	-11.39138	-105.7771	-104.14976	69.97562	43.93818	-122.0505	131.81454	229.45494	269.32477	78.11232	-18.71441	-43.93818	0
13634	-17.90074	-98.45407	-106.59077	74.04397	44.75185	-119.60949	129.37353	222.94558	263.62908	81.367	-19.52808	-43.93818	0
13635	-23.59643	-88.69003	-104.14976	73.2303	48.8202	-108.21811	126.11885	225.38659	262.00174	86.24902	-13.01872	-40.6835	0
13636	-26.03744	-78.92599	-100.08141	66.72094	51.26121	-98.45407	121.23683	230.26861	262.81541	91.13104	-6.50936	-38.24249	0
13637	-23.59643	-75.67131	-96.01306	61.02525	49.63387	-92.75838	116.35481	234.33696	266.07009	95.19939	-3.25468	-37.42882	0
13638	-16.2734	-78.92599	-96.01306	56.14323	48.8202	-91.94471	113.10013	235.9643	271.76578	100.08141	-4.88202	-39.86983	0
13639	-7.32303	-88.69003	-96.01306	52.07488	46.37919	-94.38572	114.72747	235.9643	278.27514	104.14976	-13.01872	-47.19286	0
13640	-3.25468	-99.26774	-94.38572	49.63387	37.42882	-95.19939	117.16848	235.9643	280.71615	103.33609	-22.78276	-56.14323	0
13641	-8.95037	-106.59077	-88.69003	50.44754	23.59643	-89.5037	120.42316	240.84632	278.27514	100.89508	-26.85111	-60.21158	0
13642	-16.2734	-107.40444	-75.67131	47.19286	13.01872	-75.67131	125.30518	250.61036	270.13844	100.89508	-21.96909	-54.51589	0
13643	-16.2734	-100.89508	-59.39791	39.05616	8.1367	-61.02525	129.37353	254.67871	259.56073	100.08141	-8.95037	-43.12451	0
13644	-9.76404	-90.31737	-53.70222	32.5468	13.01872	-54.51589	131.81454	249.79669	250.61036	97.6404	5.69569	-32.5468	0
13645	-0.81367	-77.29865	-60.21158	27.66478	27.66478	-56.9569	130.1872	244.101	248.16935	99.26774	17.90074	-26.03744	0
13646	6.50936	-64.27993	-74.85764	24.4101	46.37919	-63.46626	125.30518	241.65999	254.67871	103.33609	23.59643	-21.15542	0
13647	12.20505	-59.39791	-87.87636	23.59643	60.21158	-71.60296	119.60949	244.101	263.62908	105.7771	21.15542	-21.96909	0
13648	12.20505	-60.21158	-91.94471	25.22377	61.02525	-76.48498	115.54114	252.2377	270.95211	107.40444	15.45973	-25.22377	0
13649	4.88202	-61.02525	-88.69003	27.66478	50.44754	-76.48498	117.16848	262.81541	278.27514	111.47279	11.39138	-26.03744	0
13650	-1.62734	-60.21158	-87.87636	30.10579	36.61515	-77.29865	122.0505	269.32477	286.41184	115.54114	5.69569	-24.4101	0
13651	-3.25468	-58.58424	-87.87636	31.73313	31.73313	-78.11232	126.11885	272.57945	292.9212	117.16848	0.81367	-23.59643	0
13652	4.06835	-54.51589	-86.24902	33.36047	34.98781	-74.85764	128.55986	279.08881	298.61689	117.16848	3.25468	-21.15542	0
13653	13.83239	-48.00653	-78.92599	34.17414	39.05616	-67.53461	126.93252	288.03918	303.49891	115.54114	10.57771	-19.52808	0
13654	13.83239	-42.31084	-67.53461	34.17414	35.80148	-58.58424	123.67784	292.10753	305.12625	111.47279	18.71441	-17.08707	0
13655	8.1367	-37.42882	-54.51589	36.61515	26.85111	-52.07488	122.86417	292.9212	304.31258	109.03178	22.78276	-12.20505	0
13656	0	-35.80148	-38.24249	39.86983	12.20505	-44.75185	126.93252	296.98955	309.1946	114.72747	26.03744	-6.50936	0
13657	-3.25468	-31.73313	-22.78276	35.80148	0.81367	-33.36047	134.25555	310.82194	319.77231	126.11885	30.91946	-2.44101	0
13658	-2.44101	-21.96909	-15.45973	23.59643	0	-22.78276	140.76491	332.79103	331.97736	139.13757	32.5468	0	0
13659	3.25468	-15.45973	-15.45973	10.57771	5.69569	-17.90074	148.08794	355.57379	340.92773	148.08794	29.29212	0	0
13660	12.20505	-11.39138	-18.71441	1.62734	14.64606	-15.45973	153.78363	370.21985	344.99608	149.71528	23.59643	0	0
13661	17.08707	-6.50936	-19.52808	-1.62734	20.34175	-13.83239	152.96996	372.66086	341.7414	143.20592	19.52808	-1.62734	0
13662	16.2734	-1.62734	-15.45973	-4.06835	17.90074	-8.95037	148.90161	365.33783	336.85938	132.62821	16.2734	-4.06835	0
13663	10.57771	0.81367	-11.39138	-6.50936	13.83239	-5.69569	141.57858	351.50544	331.97736	124.49151	17.90074	-5.69569	0
13664	7.32303	0	-8.1367	-8.1367	15.45973	-4.06835	131.00087	339.30039	328.72268	119.60949	22.78276	-4.88202	0
13665	9.76404	-4.06835	-0.81367	-8.95037	21.96909	-1.62734	122.86417	339.30039	329.53635	117.16848	25.22377	0	0
13666	7.32303	-8.95037	5.69569	-9.76404	18.71441	0	122.0505	352.31911	334.41837	117.98215	27.66478	5.69569	0
13667	-7.32303	-11.39138	14.64606	-8.95037	2.44101	1.62734	126.93252	371.03352	340.92773	122.0505	31.73313	10.57771	0
13668	-21.15542	-4.88202	26.85111	-9.76404	-15.45973	10.57771	134.25555	388.12059	348.25076	126.11885	36.61515	12.20505	0
13669	-24.4101	8.1367	35.80148	-11.39138	-26.85111	21.96909	139.95124	400.32564	351.50544	128.55986	40.6835	9.76404	0
13670	-17.08707	21.15542	36.61515	-16.2734	-26.03744	28.47845	141.57858	409.27601	351.50544	130.1872	41.49717	6.50936	0
13671	-3.25468	31.73313	30.10579	-22.78276	-17.90074	30.10579	139.13757	418.22638	349.06443	131.81454	43.12451	7.32303	0
13672	7.32303	43.12451	28.47845	-30.10579	-11.39138	34.17414	133.44188	427.17675	341.7414	131.81454	45.56552	10.57771	0
13673	14.64606	58.58424	36.61515	-40.6835	-10.57771	46.37919	127.74619	432.87244	330.35002	132.62821	47.19286	16.2734	0
13674	15.45973	82.99434	53.70222	-56.9569	-13.83239	67.53461	126.93252	436.94079	321.39965	135.88289	50.44754	23.59643	0
13675	13.83239	111.47279	76.48498	-74.85764	-21.15542	94.38572	134.25555	442.63648	323.02699	142.39225	58.58424	33.36047	0
13676	13.01872	135.88289	100.89508	-87.06269	-32.5468	118.79582	145.64693	451.58685	335.23204	148.08794	72.41663	43.12451	0
13677	14.64606	152.15629	120.42316	-92.75838	-43.93818	136.69656	154.5973	462.97823	352.31911	152.96996	85.43535	52.88855	0
13678	19.52808	160.29299	131.00087	-94.38572	-52.07488	145.64693	160.29299	476.81062	367.77884	154.5973	96.01306	61.02525	0
13679	27.66478	160.29299	136.69656	-92.75838	-56.14323	148.90161	164.36134	489.01567	377.54288	154.5973	103.33609	69.97562	0
13680	32.5468	162.734	144.01959	-91.94471	-56.14323	152.96996	166.80235	498.77971	384.86591	155.41097	109.03178	81.367	0
13681	30.91946	172.49804	152.15629	-96.82673	-56.9569	161.92033	166.80235	505.28907	386.49325	157.03831	114.72747	93.57205	0
13682	23.59643	179.0074	158.66565	-100.89508	-61.83892	167.61602	160.29299	507.73008	375.10187	153.78363	114.72747	100.89508	0
13683	17.08707	175.75272	158.66565	-98.45407	-65.90727	165.98868	148.90161	505.28907	349.06443	141.57858	106.59077	100.08141	0
13684	21.96909	174.93905	152.15629	-100.89508	-62.65259	162.734	137.51023	497.96604	318.14497	128.55986	97.6404	98.45407	0
13685	39.86983	183.07575	144.83326	-113.9138	-51.26121	164.36134	126.93252	489.01567	292.9212	121.23683	94.38572	97.6404	0
13686	59.39791	200.97649	143.20592	-129.37353	-42.31084	172.49804	117.98215	479.25163	275.83413	119.60949	97.6404	100.08141	0
13687	77.29865	227.01393	149.71528	-145.64693	-36.61515	188.77144	111.47279	473.55594	266.88376	120.42316	103.33609	103.33609	0
13688	89.5037	251.42403	160.29299	-161.92033	-35.80148	205.85851	109.03178	471.9286	263.62908	120.42316	105.7771	104.14976	0
13689	87.87636	266.88376	174.93905	-171.68437	-43.93818	220.50457	109.03178	475.18328	266.07009	119.60949	101.70875	104.96343	0
13690	76.48498	272.57945	191.21245	-172.49804	-57.77057	231.89595	109.03178	478.43796	270.95211	121.23683	96.01306	107.40444	0
13691	61.83892	273.39312	205.85851	-168.42969	-72.41663	239.21898	103.33609	478.43796	272.57945	121.23683	95.19939	109.03178	0
13692	49.63387	275.83413	221.31824	-165.17501	-85.43535	246.54201	93.57205	471.9286	265.25642	117.98215	100.08141	114.72747	0
13693	43.93818	285.59817	240.84632	-167.61602	-99.26774	261.18807	82.18067	460.53722	245.72834	112.28646	109.84545	125.30518	0
13694	44.75185	304.31258	263.62908	-177.38006	-112.28646	281.52982	71.60296	446.70483	218.06356	107.40444	123.67784	141.57858	0
13695	50.44754	329.53635	283.97083	-192.02612	-121.23683	305.12625	63.46626	431.2451	188.77144	104.96343	138.3239	156.22464	0
13696	53.70222	352.31911	303.49891	-204.23117	-129.37353	327.09534	56.14323	415.78537	165.98868	104.14976	149.71528	168.42969	0
13697	46.37919	369.40618	326.28167	-208.29952	-143.20592	347.43709	49.63387	405.20766	152.15629	102.52242	158.66565	179.0074	0
13698	34.17414	381.61123	353.94645	-204.23117	-158.66565	366.96517	49.63387	400.32564	148.08794	99.26774	163.54767	190.39878	0
13699	25.22377	388.12059	379.98389	-197.72181	-167.61602	383.23857	55.32956	400.32564	148.90161	94.38572	165.17501	202.60383	0
13700	20.34175	389.74793	393.81628	-196.09447	-173.31171	393.00261	60.21158	398.6983	146.4606	91.13104	166.80235	209.92686	0
13701	25.22377	389.74793	388.12059	-198.53548	-170.05703	392.18894	56.14323	389.74793	133.44188	83.80801	165.98868	209.92686	0
13702	36.61515	390.5616	372.66086	-201.79016	-161.10666	385.67958	44.75185	373.47453	110.65912	69.16195	160.29299	204.23117	0
13703	39.86983	392.18894	364.52416	-203.4175	-158.66565	383.23857	31.73313	353.94645	82.18067	52.07488	155.41097	197.72181	0
13704	30.91946	392.18894	369.40618	-201.79016	-168.42969	386.49325	20.34175	332.79103	49.63387	34.98781	153.78363	192.02612	0
13705	16.2734	391.37527	378.35655	-198.53548	-181.44841	391.37527	9.76404	309.1946	16.2734	20.34175	152.96996	189.58511	0
13706	4.06835	400.32564	388.12059	-204.23117	-188.77144	398.6983	2.44101	284.7845	-13.01872	9.76404	152.15629	192.02612	0
13707	0	419.85372	398.6983	-219.6909	-190.39878	411.71702	0	257.11972	-38.24249	2.44101	152.96996	199.34915	0
13708	1.62734	436.94079	407.64867	-232.70962	-191.21245	422.29473	-1.62734	227.01393	-64.27993	-4.06835	152.15629	203.4175	0
13709	8.1367	442.63648	410.08968	-238.40531	-191.21245	423.1084	-7.32303	196.90814	-91.94471	-12.20505	148.90161	203.4175	0
13710	16.2734	440.19547	405.20766	-238.40531	-188.77144	418.22638	-14.64606	174.12538	-117.98215	-21.15542	142.39225	199.34915	0
13711	23.59643	434.49978	397.88463	-235.9643	-184.70309	412.53069	-21.15542	160.29299	-139.13757	-27.66478	135.88289	196.90814	0
13712	27.66478	430.43143	391.37527	-235.9643	-179.0074	407.64867	-26.85111	146.4606	-159.47932	-34.17414	130.1872	197.72181	0
13713	27.66478	429.61776	383.23857	-239.21898	-170.8707	404.39399	-30.91946	126.11885	-182.26208	-42.31084	123.67784	200.16282	0
13714	25.22377	424.73574	375.91554	-239.21898	-164.36134	399.51197	-35.80148	97.6404	-207.48585	-52.88855	114.72747	200.16282	0
13715	21.96909	414.9717	372.66086	-231.89595	-164.36134	394.62995	-41.49717	65.90727	-229.45494	-63.46626	108.21811	198.53548	0
13716	18.71441	406.02133	373.47453	-221.31824	-170.05703	390.5616	-47.19286	38.24249	-244.91467	-73.2303	104.96343	195.2808	0
13717	11.39138	397.07096	379.17022	-211.5542	-179.82107	388.93426	-51.26121	18.71441	-252.2377	-81.367	100.89508	190.39878	0
13718	2.44101	388.93426	380.79756	-204.23117	-187.1441	385.67958	-51.26121	7.32303	-254.67871	-87.87636	94.38572	181.44841	0
13719	0	381.61123	375.10187	-197.72181	-187.95777	381.61123	-46.37919	0.81367	-254.67871	-91.13104	85.43535	171.68437	0
13720	2.44101	376.72921	366.1515	-190.39878	-183.07575	375.91554	-37.42882	-7.32303	-253.86504	-91.94471	77.29865	163.54767	0
13721	4.88202	366.96517	353.94645	-183.07575	-175.75272	363.71049	-28.47845	-22.78276	-257.11972	-93.57205	70.78929	157.85198	0
13722	7.32303	349.06443	334.41837	-174.93905	-164.36134	343.36874	-26.85111	-43.12451	-266.07009	-98.45407	61.02525	149.71528	0
13723	8.95037	322.21332	308.38093	-164.36134	-150.52895	315.70396	-34.17414	-62.65259	-277.46147	-102.52242	45.56552	135.88289	0
13724	11.39138	290.48019	282.34349	-152.96996	-138.3239	286.41184	-44.75185	-79.73966	-285.59817	-102.52242	30.91946	123.67784	0
13725	12.20505	262.00174	265.25642	-144.01959	-133.44188	263.62908	-52.88855	-88.69003	-282.34349	-98.45407	23.59643	117.16848	0
13726	13.01872	244.91467	253.86504	-139.13757	-129.37353	248.98302	-55.32956	-86.24902	-268.5111	-91.13104	25.22377	113.9138	0
13727	13.01872	235.9643	242.47366	-132.62821	-121.23683	238.40531	-53.70222	-77.29865	-248.98302	-82.18067	28.47845	106.59077	0
13728	8.95037	224.57292	225.38659	-122.86417	-110.65912	223.75925	-50.44754	-70.78929	-227.8276	-74.85764	27.66478	93.57205	0
13729	3.25468	207.48585	205.04484	-109.84545	-98.45407	206.67218	-46.37919	-67.53461	-209.11319	-70.78929	21.15542	78.11232	0
13730	-1.62734	187.1441	185.51676	-96.82673	-88.69003	187.1441	-38.24249	-67.53461	-193.65346	-69.16195	12.20505	64.27993	0
13731	-4.06835	169.24336	166.80235	-85.43535	-80.55333	168.42969	-28.47845	-69.16195	-178.19373	-65.0936	3.25468	53.70222	0
13732	-4.88202	149.71528	148.08794	-75.67131	-73.2303	148.90161	-19.52808	-71.60296	-165.17501	-58.58424	-4.88202	43.93818	0
13733	-7.32303	127.74619	130.1872	-63.46626	-66.72094	128.55986	-15.45973	-72.41663	-152.96996	-48.8202	-9.76404	34.17414	0
13734	-9.76404	108.21811	117.98215	-51.26121	-64.27993	113.10013	-14.64606	-67.53461	-138.3239	-37.42882	-8.1367	29.29212	0
13735	-18.71441	93.57205	113.9138	-39.05616	-67.53461	104.14976	-13.83239	-61.02525	-122.0505	-29.29212	-2.44101	29.29212	0
13736	-30.10579	76.48498	113.10013	-24.4101	-71.60296	93.57205	-13.01872	-56.14323	-107.40444	-21.96909	0.81367	32.5468	0
13737	-34.98781	58.58424	105.7771	-11.39138	-66.72094	77.29865	-13.83239	-53.70222	-96.01306	-15.45973	1.62734	32.5468	0
13738	-36.61515	39.05616	87.87636	-1.62734	-56.9569	57.77057	-13.01872	-50.44754	-87.06269	-8.95037	0	26.85111	0
13739	-39.86983	19.52808	60.21158	8.1367	-48.8202	36.61515	-9.76404	-47.19286	-78.11232	-4.88202	-4.88202	17.08707	0
13740	-38.24249	4.06835	35.80148	13.83239	-39.05616	20.34175	-4.06835	-44.75185	-65.90727	-3.25468	-11.39138	6.50936	0
13741	-25.22377	-6.50936	17.08707	11.39138	-24.4101	10.57771	3.25468	-36.61515	-51.26121	-4.88202	-17.90074	0	0
13742	-12.20505	-10.57771	6.50936	9.76404	-11.39138	5.69569	13.83239	-23.59643	-35.80148	-7.32303	-21.96909	-5.69569	0
13743	-6.50936	-11.39138	1.62734	11.39138	-5.69569	1.62734	26.85111	-8.95037	-22.78276	-8.1367	-23.59643	-7.32303	0
13744	-3.25468	-10.57771	1.62734	10.57771	-6.50936	0	35.80148	0	-13.83239	-5.69569	-24.4101	-8.1367	0
13745	-1.62734	-9.76404	6.50936	8.1367	-12.20505	-2.44101	39.86983	0	-10.57771	-0.81367	-22.78276	-9.76404	0
13746	-6.50936	-11.39138	8.95037	10.57771	-17.08707	-6.50936	34.17414	-8.1367	-13.01872	4.06835	-19.52808	-11.39138	0
13747	-10.57771	-14.64606	6.50936	19.52808	-17.08707	-8.95037	22.78276	-16.2734	-11.39138	9.76404	-15.45973	-11.39138	0
13748	-4.06835	-22.78276	-1.62734	26.03744	-5.69569	-10.57771	12.20505	-15.45973	-0.81367	17.90074	-9.76404	-8.95037	0
13749	8.95037	-32.5468	-16.2734	27.66478	11.39138	-17.08707	4.06835	-10.57771	13.83239	26.85111	-3.25468	-6.50936	0
13750	23.59643	-40.6835	-31.73313	27.66478	30.91946	-28.47845	0	-3.25468	29.29212	33.36047	-0.81367	-5.69569	0
13751	34.17414	-44.75185	-45.56552	26.85111	45.56552	-39.86983	0	3.25468	40.6835	36.61515	-2.44101	-7.32303	0
13752	34.17414	-47.19286	-58.58424	28.47845	50.44754	-49.63387	0	6.50936	48.00653	35.80148	-8.1367	-11.39138	0
13753	24.4101	-52.07488	-64.27993	32.5468	46.37919	-56.9569	0	5.69569	51.26121	34.17414	-10.57771	-17.08707	0
13754	11.39138	-58.58424	-62.65259	35.80148	36.61515	-60.21158	-2.44101	0	50.44754	30.10579	-8.95037	-21.15542	0
13755	0	-60.21158	-55.32956	36.61515	25.22377	-57.77057	-2.44101	-4.88202	50.44754	30.10579	-5.69569	-20.34175	0
13756	-6.50936	-60.21158	-48.8202	34.98781	18.71441	-54.51589	1.62734	-4.06835	54.51589	34.98781	-4.06835	-15.45973	0
13757	-6.50936	-61.02525	-48.00653	31.73313	18.71441	-52.88855	10.57771	2.44101	62.65259	41.49717	-2.44101	-10.57771	0
13758	-1.62734	-64.27993	-52.07488	26.03744	23.59643	-55.32956	18.71441	9.76404	71.60296	44.75185	-4.06835	-8.1367	0
13759	4.06835	-69.16195	-58.58424	23.59643	31.73313	-64.27993	23.59643	13.01872	80.55333	46.37919	-10.57771	-12.20505	0
13760	6.50936	-78.92599	-66.72094	29.29212	38.24249	-77.29865	21.15542	13.83239	88.69003	43.93818	-18.71441	-20.34175	0
13761	-0.81367	-89.5037	-74.04397	39.05616	39.05616	-87.06269	17.08707	17.08707	94.38572	38.24249	-25.22377	-26.85111	0
13762	-13.83239	-95.19939	-78.11232	48.8202	37.42882	-90.31737	15.45973	21.96909	98.45407	34.17414	-30.10579	-30.91946	0
13763	-21.15542	-95.19939	-75.67131	56.14323	31.73313	-87.06269	17.90074	26.85111	97.6404	34.17414	-34.17414	-30.91946	0
13764	-21.96909	-93.57205	-66.72094	59.39791	22.78276	-79.73966	21.15542	29.29212	96.01306	37.42882	-34.17414	-26.85111	0
13765	-20.34175	-90.31737	-56.9569	58.58424	13.83239	-71.60296	23.59643	30.10579	96.82673	41.49717	-30.91946	-20.34175	0
13766	-13.83239	-87.06269	-52.88855	53.70222	11.39138	-66.72094	24.4101	29.29212	100.89508	44.75185	-26.85111	-14.64606	0
13767	-4.06835	-86.24902	-59.39791	46.37919	18.71441	-69.16195	22.78276	26.85111	107.40444	48.8202	-22.78276	-11.39138	0
13768	0	-89.5037	-71.60296	43.93818	28.47845	-77.29865	21.15542	26.03744	114.72747	52.88855	-20.34175	-11.39138	0
13769	-5.69569	-92.75838	-83.80801	45.56552	35.80148	-87.87636	21.96909	28.47845	122.0505	56.9569	-18.71441	-13.83239	0
13770	-13.83239	-92.75838	-90.31737	47.19286	39.05616	-92.75838	26.03744	36.61515	129.37353	61.83892	-18.71441	-17.90074	0
13771	-20.34175	-93.57205	-87.06269	47.19286	35.80148	-90.31737	32.5468	48.00653	135.06922	62.65259	-23.59643	-21.96909	0
13772	-19.52808	-96.01306	-82.99434	46.37919	34.98781	-87.87636	34.98781	53.70222	139.13757	56.14323	-32.5468	-28.47845	0
13773	-13.01872	-95.19939	-82.18067	43.93818	37.42882	-85.43535	33.36047	51.26121	139.95124	44.75185	-40.6835	-35.80148	0
13774	-9.76404	-91.94471	-73.2303	43.12451	36.61515	-78.11232	27.66478	46.37919	135.88289	34.17414	-42.31084	-38.24249	0
13775	-13.01872	-87.87636	-61.83892	45.56552	29.29212	-70.78929	17.08707	40.6835	129.37353	28.47845	-40.6835	-36.61515	0
13776	-16.2734	-84.62168	-56.14323	48.00653	22.78276	-67.53461	7.32303	38.24249	120.42316	26.85111	-39.05616	-34.17414	0
13777	-15.45973	-82.99434	-60.21158	48.8202	23.59643	-70.78929	2.44101	38.24249	113.10013	28.47845	-39.05616	-34.17414	0
13778	-13.83239	-89.5037	-72.41663	51.26121	29.29212	-82.18067	0	38.24249	105.7771	29.29212	-43.12451	-37.42882	0
13779	-13.83239	-102.52242	-85.43535	60.21158	37.42882	-95.19939	0	33.36047	97.6404	28.47845	-51.26121	-43.93818	0
13780	-13.01872	-115.54114	-91.94471	71.60296	42.31084	-103.33609	1.62734	26.85111	92.75838	25.22377	-58.58424	-49.63387	0
13781	-13.83239	-117.98215	-95.19939	75.67131	40.6835	-102.52242	6.50936	22.78276	97.6404	21.96909	-62.65259	-53.70222	0
13782	-13.01872	-109.84545	-92.75838	67.53461	37.42882	-94.38572	13.83239	21.96909	109.84545	21.15542	-63.46626	-55.32956	0
13783	-7.32303	-94.38572	-85.43535	52.88855	35.80148	-82.99434	19.52808	24.4101	122.0505	23.59643	-59.39791	-52.07488	0
13784	-0.81367	-74.85764	-76.48498	39.05616	34.98781	-72.41663	23.59643	31.73313	130.1872	27.66478	-52.88855	-49.63387	0
13785	7.32303	-55.32956	-69.16195	25.22377	36.61515	-62.65259	26.85111	43.93818	133.44188	30.91946	-47.19286	-48.00653	0
13786	20.34175	-41.49717	-66.72094	12.20505	42.31084	-56.14323	34.17414	57.77057	132.62821	34.98781	-43.12451	-41.49717	0
13787	26.03744	-40.6835	-71.60296	8.1367	48.00653	-57.77057	44.75185	65.0936	131.81454	40.6835	-38.24249	-33.36047	0
13788	15.45973	-54.51589	-76.48498	20.34175	45.56552	-67.53461	52.07488	66.72094	133.44188	43.12451	-38.24249	-27.66478	0
13789	-3.25468	-73.2303	-78.11232	39.05616	36.61515	-81.367	54.51589	65.90727	138.3239	43.93818	-40.6835	-26.85111	0
13790	-19.52808	-93.57205	-77.29865	53.70222	28.47845	-94.38572	52.88855	68.34828	144.83326	46.37919	-42.31084	-27.66478	0
13791	-27.66478	-110.65912	-79.73966	62.65259	25.22377	-103.33609	49.63387	73.2303	153.78363	50.44754	-42.31084	-28.47845	0
13792	-28.47845	-120.42316	-85.43535	66.72094	27.66478	-108.21811	43.12451	75.67131	161.92033	53.70222	-42.31084	-29.29212	0
13793	-26.03744	-120.42316	-90.31737	66.72094	30.91946	-106.59077	33.36047	74.85764	169.24336	50.44754	-47.19286	-32.5468	0
13794	-26.03744	-112.28646	-92.75838	69.97562	31.73313	-97.6404	23.59643	69.16195	169.24336	40.6835	-57.77057	-39.86983	0
13795	-27.66478	-100.89508	-92.75838	75.67131	31.73313	-85.43535	17.08707	63.46626	163.54767	31.73313	-69.16195	-48.8202	0
13796	-26.85111	-91.13104	-87.87636	78.92599	29.29212	-77.29865	18.71441	62.65259	154.5973	27.66478	-72.41663	-52.88855	0
13797	-27.66478	-87.87636	-82.18067	78.11232	24.4101	-75.67131	27.66478	68.34828	144.83326	29.29212	-70.78929	-52.88855	0
13798	-29.29212	-89.5037	-82.99434	74.04397	22.78276	-80.55333	43.12451	76.48498	138.3239	35.80148	-69.97562	-53.70222	0
13799	-26.85111	-94.38572	-88.69003	68.34828	27.66478	-88.69003	56.14323	82.18067	139.13757	42.31084	-72.41663	-57.77057	0
13800	-21.96909	-104.96343	-100.08141	67.53461	37.42882	-101.70875	58.58424	78.92599	142.39225	43.12451	-76.48498	-61.83892	0
13801	-21.96909	-120.42316	-109.84545	73.2303	43.12451	-115.54114	52.88855	71.60296	145.64693	38.24249	-79.73966	-65.90727	0
13802	-27.66478	-132.62821	-111.47279	79.73966	42.31084	-123.67784	46.37919	66.72094	152.15629	34.17414	-81.367	-67.53461	0
13803	-29.29212	-138.3239	-110.65912	81.367	39.86983	-125.30518	44.75185	67.53461	158.66565	31.73313	-82.99434	-67.53461	0
13804	-26.03744	-135.88289	-107.40444	78.11232	40.6835	-121.23683	46.37919	69.16195	162.734	29.29212	-87.06269	-65.90727	0
13805	-22.78276	-127.74619	-100.89508	72.41663	38.24249	-113.9138	50.44754	70.78929	162.734	28.47845	-88.69003	-63.46626	0
13806	-19.52808	-120.42316	-96.82673	68.34828	37.42882	-107.40444	51.26121	67.53461	154.5973	26.85111	-90.31737	-63.46626	0
13807	-14.64606	-117.16848	-99.26774	65.0936	41.49717	-108.21811	48.00653	61.83892	140.76491	24.4101	-91.94471	-65.0936	0
13808	-10.57771	-119.60949	-103.33609	63.46626	43.12451	-111.47279	43.12451	57.77057	126.93252	21.15542	-91.13104	-65.0936	0
13809	-7.32303	-126.93252	-105.7771	63.46626	41.49717	-116.35481	37.42882	54.51589	119.60949	17.90074	-86.24902	-62.65259	0
13810	-7.32303	-134.25555	-109.03178	65.90727	42.31084	-121.23683	32.5468	49.63387	118.79582	15.45973	-83.80801	-61.83892	0
13811	-12.20505	-139.13757	-113.9138	71.60296	45.56552	-126.93252	30.10579	43.93818	122.0505	14.64606	-80.55333	-61.83892	0
13812	-20.34175	-142.39225	-117.16848	78.92599	45.56552	-131.81454	30.91946	40.6835	127.74619	15.45973	-73.2303	-59.39791	0
13813	-29.29212	-140.76491	-114.72747	82.99434	41.49717	-135.88289	34.17414	39.05616	134.25555	20.34175	-63.46626	-54.51589	0
13814	-37.42882	-131.81454	-107.40444	79.73966	32.5468	-135.06922	35.80148	40.6835	137.51023	25.22377	-54.51589	-49.63387	0
13815	-43.12451	-120.42316	-100.89508	74.04397	22.78276	-127.74619	37.42882	47.19286	134.25555	28.47845	-50.44754	-46.37919	0
13816	-43.93818	-110.65912	-93.57205	64.27993	15.45973	-114.72747	40.6835	56.14323	126.11885	30.10579	-52.07488	-42.31084	0
13817	-40.6835	-104.96343	-87.87636	50.44754	17.08707	-104.96343	39.86983	60.21158	117.16848	27.66478	-58.58424	-40.6835	0
13818	-30.91946	-98.45407	-87.06269	42.31084	25.22377	-96.82673	36.61515	59.39791	111.47279	24.4101	-63.46626	-41.49717	0
13819	-17.08707	-89.5037	-87.87636	40.6835	36.61515	-90.31737	34.98781	60.21158	111.47279	22.78276	-61.02525	-43.12451	0
13820	-6.50936	-87.87636	-92.75838	42.31084	44.75185	-89.5037	39.05616	64.27993	115.54114	21.96909	-52.88855	-46.37919	0
13821	0	-92.75838	-94.38572	48.00653	45.56552	-93.57205	43.12451	67.53461	122.86417	22.78276	-48.8202	-49.63387	0
13822	0	-100.89508	-96.01306	55.32956	43.93818	-98.45407	44.75185	65.90727	129.37353	24.4101	-51.26121	-50.44754	0
13823	-4.06835	-105.7771	-96.01306	59.39791	42.31084	-100.89508	44.75185	61.02525	133.44188	23.59643	-58.58424	-51.26121	0
13824	-9.76404	-105.7771	-93.57205	60.21158	40.6835	-98.45407	44.75185	53.70222	133.44188	22.78276	-66.72094	-50.44754	0
13825	-16.2734	-104.14976	-89.5037	59.39791	38.24249	-95.19939	42.31084	43.93818	127.74619	21.96909	-72.41663	-51.26121	0
13826	-16.2734	-101.70875	-89.5037	56.14323	40.6835	-95.19939	37.42882	31.73313	117.16848	21.15542	-76.48498	-53.70222	0
13827	-6.50936	-100.89508	-100.08141	49.63387	51.26121	-100.08141	33.36047	20.34175	108.21811	21.96909	-79.73966	-56.9569	0
13828	0	-106.59077	-113.10013	50.44754	60.21158	-109.84545	32.5468	14.64606	102.52242	24.4101	-78.92599	-59.39791	0
13829	-9.76404	-120.42316	-117.16848	58.58424	56.14323	-119.60949	35.80148	15.45973	104.14976	28.47845	-74.85764	-61.83892	0
13830	-26.03744	-135.06922	-113.9138	66.72094	44.75185	-126.11885	43.12451	25.22377	112.28646	34.98781	-65.0936	-61.83892	0
13831	-38.24249	-139.13757	-105.7771	72.41663	33.36047	-128.55986	50.44754	37.42882	125.30518	42.31084	-53.70222	-58.58424	0
13832	-43.12451	-135.06922	-96.01306	75.67131	26.03744	-124.49151	52.88855	46.37919	133.44188	44.75185	-48.00653	-55.32956	0
13833	-41.49717	-125.30518	-87.87636	74.85764	21.96909	-114.72747	48.00653	52.07488	133.44188	41.49717	-47.19286	-55.32956	0
13834	-36.61515	-113.10013	-81.367	69.97562	20.34175	-102.52242	39.86983	52.88855	126.93252	34.98781	-48.8202	-56.14323	0
13835	-31.73313	-99.26774	-78.11232	62.65259	19.52808	-91.13104	31.73313	43.93818	116.35481	28.47845	-52.88855	-56.9569	0
13836	-26.85111	-85.43535	-75.67131	52.88855	21.15542	-81.367	22.78276	32.5468	104.96343	23.59643	-58.58424	-59.39791	0
13837	-20.34175	-74.85764	-72.41663	44.75185	25.22377	-74.04397	14.64606	23.59643	100.08141	22.78276	-60.21158	-59.39791	0
13838	-10.57771	-66.72094	-68.34828	36.61515	28.47845	-67.53461	10.57771	17.90074	104.14976	29.29212	-52.88855	-53.70222	0
13839	-0.81367	-63.46626	-65.90727	31.73313	31.73313	-65.90727	12.20505	16.2734	109.84545	38.24249	-42.31084	-47.19286	0
13840	5.69569	-65.0936	-65.90727	29.29212	36.61515	-70.78929	19.52808	21.96909	108.21811	43.93818	-34.17414	-43.12451	0
13841	8.1367	-73.2303	-69.97562	30.91946	41.49717	-77.29865	31.73313	30.10579	102.52242	47.19286	-29.29212	-42.31084	0
13842	8.1367	-84.62168	-76.48498	33.36047	44.75185	-82.99434	44.75185	37.42882	97.6404	50.44754	-26.03744	-40.6835	0
13843	5.69569	-91.94471	-80.55333	34.98781	44.75185	-84.62168	53.70222	40.6835	97.6404	53.70222	-25.22377	-37.42882	0
13844	2.44101	-89.5037	-78.92599	35.80148	41.49717	-80.55333	56.9569	39.05616	103.33609	55.32956	-28.47845	-32.5468	0
13845	-0.81367	-83.80801	-73.2303	36.61515	35.80148	-74.85764	56.14323	31.73313	111.47279	56.14323	-34.98781	-30.10579	0
13846	-6.50936	-78.11232	-66.72094	39.05616	29.29212	-69.97562	50.44754	24.4101	115.54114	54.51589	-41.49717	-31.73313	0
13847	-14.64606	-71.60296	-54.51589	41.49717	18.71441	-61.83892	44.75185	22.78276	119.60949	56.9569	-41.49717	-32.5468	0
13848	-21.96909	-58.58424	-37.42882	39.86983	7.32303	-48.00653	43.12451	28.47845	125.30518	62.65259	-35.80148	-30.91946	0
13849	-23.59643	-43.93818	-24.4101	32.5468	0	-34.17414	48.8202	39.05616	131.00087	68.34828	-30.10579	-30.91946	0
13850	-23.59643	-39.05616	-20.34175	30.10579	-1.62734	-30.10579	55.32956	48.00653	131.81454	73.2303	-24.4101	-31.73313	0
13851	-23.59643	-41.49717	-23.59643	30.91946	0	-32.5468	57.77057	52.07488	125.30518	74.85764	-19.52808	-31.73313	0
13852	-18.71441	-46.37919	-30.10579	30.91946	4.88202	-39.05616	56.9569	46.37919	113.10013	70.78929	-20.34175	-34.17414	0
13853	-13.83239	-52.07488	-40.6835	29.29212	13.01872	-46.37919	53.70222	30.91946	96.01306	61.83892	-26.85111	-35.80148	0
13854	-11.39138	-56.9569	-50.44754	26.03744	21.15542	-54.51589	52.07488	11.39138	79.73966	50.44754	-36.61515	-36.61515	0
13855	-11.39138	-57.77057	-53.70222	20.34175	23.59643	-61.02525	52.88855	-3.25468	69.16195	41.49717	-48.00653	-36.61515	0
13856	-11.39138	-58.58424	-54.51589	15.45973	23.59643	-64.27993	53.70222	-9.76404	66.72094	34.98781	-57.77057	-39.05616	0
13857	-11.39138	-59.39791	-53.70222	10.57771	21.96909	-63.46626	52.88855	-6.50936	69.16195	32.5468	-61.02525	-40.6835	0
13858	-7.32303	-53.70222	-51.26121	4.88202	22.78276	-56.9569	51.26121	3.25468	77.29865	36.61515	-52.88855	-39.86983	0
13859	3.25468	-39.86983	-48.00653	-0.81367	26.03744	-46.37919	52.07488	17.90074	89.5037	47.19286	-34.98781	-38.24249	0
13860	14.64606	-24.4101	-44.75185	-7.32303	30.10579	-34.98781	52.88855	30.91946	104.14976	60.21158	-14.64606	-35.80148	0
13861	21.15542	-13.01872	-39.05616	-9.76404	30.91946	-26.85111	50.44754	33.36047	116.35481	68.34828	-0.81367	-33.36047	0
13862	21.15542	-6.50936	-30.10579	-9.76404	25.22377	-17.90074	42.31084	27.66478	117.16848	70.78929	4.88202	-30.91946	0
13863	15.45973	0.81367	-21.96909	-9.76404	16.2734	-9.76404	27.66478	16.2734	108.21811	70.78929	5.69569	-26.03744	0
13864	8.95037	11.39138	-17.08707	-9.76404	4.88202	-1.62734	10.57771	3.25468	94.38572	69.16195	0.81367	-17.90074	0
13865	3.25468	18.71441	-8.95037	-8.95037	-3.25468	5.69569	-5.69569	-10.57771	76.48498	64.27993	-8.95037	-11.39138	0
13866	-3.25468	23.59643	6.50936	-8.95037	-13.83239	16.2734	-20.34175	-23.59643	65.90727	61.83892	-17.90074	-4.06835	0
13867	-8.95037	33.36047	30.91946	-9.76404	-26.85111	32.5468	-31.73313	-30.10579	66.72094	66.72094	-17.08707	4.88202	0
13868	-7.32303	45.56552	52.07488	-15.45973	-35.80148	48.00653	-36.61515	-30.91946	73.2303	78.11232	-10.57771	13.83239	0
13869	0	56.14323	59.39791	-23.59643	-34.17414	54.51589	-38.24249	-25.22377	82.99434	90.31737	-1.62734	21.15542	0
13870	8.95037	59.39791	53.70222	-28.47845	-25.22377	52.88855	-40.6835	-18.71441	95.19939	98.45407	10.57771	25.22377	0
13871	14.64606	55.32956	41.49717	-29.29212	-14.64606	45.56552	-40.6835	-19.52808	107.40444	100.08141	22.78276	22.78276	0
13872	18.71441	48.00653	28.47845	-28.47845	-4.88202	35.80148	-34.98781	-26.03744	116.35481	98.45407	29.29212	18.71441	0
13873	23.59643	43.93818	17.08707	-26.85111	2.44101	27.66478	-25.22377	-33.36047	120.42316	93.57205	30.91946	14.64606	0
13874	27.66478	47.19286	11.39138	-26.03744	10.57771	24.4101	-17.08707	-38.24249	117.16848	83.80801	26.03744	12.20505	0
13875	30.91946	51.26121	13.01872	-26.03744	18.71441	28.47845	-14.64606	-39.05616	108.21811	71.60296	11.39138	11.39138	0
13876	30.91946	52.07488	17.90074	-26.85111	21.15542	34.98781	-13.83239	-37.42882	96.01306	64.27993	-4.06835	10.57771	0
13877	29.29212	50.44754	19.52808	-29.29212	19.52808	38.24249	-14.64606	-36.61515	87.06269	62.65259	-14.64606	8.95037	0
13878	26.03744	41.49717	13.83239	-28.47845	17.08707	30.91946	-17.90074	-34.17414	83.80801	61.83892	-16.2734	6.50936	0
13879	21.15542	22.78276	-0.81367	-21.15542	17.90074	13.01872	-21.96909	-32.5468	82.99434	59.39791	-11.39138	3.25468	0
13880	17.08707	-0.81367	-26.85111	-8.95037	27.66478	-12.20505	-21.15542	-31.73313	81.367	53.70222	-4.06835	0	0
13881	13.83239	-23.59643	-56.14323	2.44101	43.12451	-39.05616	-15.45973	-30.10579	81.367	48.00653	2.44101	-3.25468	0
13882	10.57771	-39.86983	-72.41663	11.39138	50.44754	-56.9569	-4.88202	-22.78276	82.99434	47.19286	8.1367	-4.06835	0
13883	7.32303	-48.8202	-73.2303	17.08707	47.19286	-61.02525	7.32303	-10.57771	87.06269	51.26121	8.95037	-1.62734	0
13884	5.69569	-49.63387	-69.16195	19.52808	41.49717	-61.02525	17.90074	-0.81367	91.94471	54.51589	0	0	0
13885	10.57771	-48.00653	-74.04397	21.15542	43.93818	-61.83892	22.78276	0	91.94471	51.26121	-17.08707	-4.88202	0
13886	20.34175	-48.00653	-84.62168	18.71441	52.88855	-60.21158	21.15542	-7.32303	86.24902	42.31084	-38.24249	-15.45973	0
13887	25.22377	-50.44754	-87.87636	17.08707	55.32956	-56.9569	16.2734	-17.90074	78.11232	30.91946	-57.77057	-26.85111	0
13888	17.90074	-56.9569	-82.99434	21.96909	50.44754	-59.39791	11.39138	-25.22377	71.60296	21.96909	-68.34828	-34.98781	0
13889	4.06835	-70.78929	-80.55333	33.36047	43.12451	-69.16195	9.76404	-22.78276	71.60296	18.71441	-68.34828	-37.42882	0
13890	-7.32303	-87.87636	-84.62168	46.37919	38.24249	-82.18067	10.57771	-14.64606	77.29865	21.96909	-56.9569	-34.98781	0
13891	-10.57771	-100.08141	-91.94471	56.9569	40.6835	-94.38572	16.2734	-8.1367	84.62168	27.66478	-39.86983	-30.10579	0
13892	-8.1367	-112.28646	-101.70875	69.97562	44.75185	-107.40444	22.78276	-5.69569	85.43535	28.47845	-28.47845	-29.29212	0
13893	-7.32303	-132.62821	-113.10013	86.24902	43.93818	-122.86417	25.22377	-7.32303	78.92599	17.90074	-34.98781	-35.80148	0
13894	-8.95037	-151.34262	-125.30518	96.01306	43.12451	-135.88289	21.15542	-14.64606	69.16195	0.81367	-58.58424	-47.19286	0
13895	-12.20505	-161.92033	-133.44188	98.45407	43.93818	-140.76491	15.45973	-24.4101	56.14323	-16.2734	-87.06269	-56.9569	0
13896	-14.64606	-162.734	-134.25555	96.82673	45.56552	-139.95124	13.01872	-31.73313	44.75185	-26.85111	-109.03178	-63.46626	0
13897	-13.83239	-157.03831	-132.62821	90.31737	48.8202	-137.51023	15.45973	-30.91946	37.42882	-29.29212	-117.16848	-66.72094	0
13898	-8.1367	-144.01959	-134.25555	78.11232	56.14323	-133.44188	19.52808	-22.78276	39.05616	-21.96909	-108.21811	-65.0936	0
13899	-0.81367	-130.1872	-139.13757	65.0936	62.65259	-127.74619	24.4101	-11.39138	47.19286	-8.95037	-85.43535	-58.58424	0
13900	4.88202	-120.42316	-142.39225	55.32956	65.90727	-124.49151	27.66478	-4.06835	54.51589	4.06835	-57.77057	-51.26121	0
13901	11.39138	-114.72747	-141.57858	49.63387	65.0936	-122.86417	30.91946	-2.44101	62.65259	15.45973	-35.80148	-46.37919	0
13902	8.95037	-115.54114	-135.06922	50.44754	60.21158	-122.86417	35.80148	-4.88202	69.16195	21.96909	-26.03744	-46.37919	0
13903	-2.44101	-129.37353	-131.81454	62.65259	55.32956	-128.55986	36.61515	-11.39138	72.41663	17.90074	-35.80148	-53.70222	0
13904	-13.83239	-147.27427	-135.88289	77.29865	55.32956	-140.76491	33.36047	-20.34175	69.97562	3.25468	-62.65259	-64.27993	0
13905	-18.71441	-157.85198	-142.39225	87.87636	58.58424	-150.52895	25.22377	-27.66478	60.21158	-13.01872	-93.57205	-73.2303	0
13906	-21.96909	-161.92033	-142.39225	92.75838	58.58424	-154.5973	16.2734	-31.73313	48.8202	-21.96909	-116.35481	-78.92599	0
13907	-30.10579	-157.85198	-131.00087	96.01306	49.63387	-146.4606	13.83239	-31.73313	43.12451	-21.15542	-123.67784	-80.55333	0
13908	-39.86983	-148.90161	-109.03178	96.82673	37.42882	-131.00087	17.90074	-26.85111	48.8202	-13.01872	-115.54114	-74.85764	0
13909	-48.00653	-139.95124	-86.24902	98.45407	27.66478	-113.9138	25.22377	-15.45973	64.27993	0	-93.57205	-62.65259	0
13910	-55.32956	-136.69656	-72.41663	101.70875	19.52808	-104.96343	33.36047	-1.62734	82.99434	15.45973	-61.02525	-48.8202	0
13911	-57.77057	-138.3239	-73.2303	104.96343	17.08707	-105.7771	39.05616	5.69569	94.38572	26.85111	-30.91946	-40.6835	0
13912	-51.26121	-144.01959	-87.06269	107.40444	23.59643	-115.54114	43.93818	6.50936	96.01306	30.91946	-15.45973	-39.05616	0
13913	-43.12451	-155.41097	-109.84545	108.21811	36.61515	-131.81454	43.93818	1.62734	90.31737	25.22377	-20.34175	-42.31084	0
13914	-35.80148	-174.12538	-134.25555	109.84545	50.44754	-155.41097	39.05616	-8.1367	77.29865	12.20505	-42.31084	-52.88855	0
13915	-31.73313	-192.02612	-147.27427	112.28646	56.9569	-175.75272	29.29212	-22.78276	63.46626	-3.25468	-69.97562	-68.34828	0
13916	-27.66478	-200.97649	-152.15629	114.72747	57.77057	-185.51676	16.2734	-39.86983	48.8202	-17.08707	-97.6404	-82.99434	0
13917	-20.34175	-200.97649	-156.22464	113.9138	60.21158	-186.33043	3.25468	-66.72094	22.78276	-30.10579	-119.60949	-92.75838	0
13918	-13.01872	-190.39878	-159.47932	104.14976	67.53461	-180.63474	-8.1367	-109.03178	-22.78276	-42.31084	-126.93252	-96.82673	0
13919	-8.95037	-168.42969	-154.5973	87.87636	70.78929	-164.36134	-21.96909	-165.98868	-96.01306	-53.70222	-114.72747	-91.94471	0
13920	-8.1367	-135.88289	-128.55986	69.97562	60.21158	-133.44188	-39.86983	-238.40531	-194.46713	-67.53461	-87.06269	-72.41663	0
13921	-10.57771	-92.75838	-83.80801	51.26121	35.80148	-88.69003	-66.72094	-327.09534	-312.44928	-87.06269	-52.07488	-40.6835	0
13922	-11.39138	-36.61515	-26.85111	23.59643	7.32303	-31.73313	-100.08141	-426.36308	-441.00914	-111.47279	-16.2734	1.62734	0
13923	-8.1367	26.85111	34.98781	-10.57771	-21.96909	31.73313	-135.06922	-531.32651	-572.82368	-136.69656	15.45973	54.51589	0
13924	-8.1367	86.24902	95.19939	-41.49717	-52.07488	91.94471	-168.42969	-639.54462	-706.26556	-158.66565	39.05616	110.65912	0
13925	-11.39138	143.20592	152.15629	-69.97562	-79.73966	148.90161	-200.97649	-755.08576	-842.96212	-179.0074	61.02525	165.98868	0
13926	-11.39138	212.36787	214.80888	-106.59077	-109.03178	214.80888	-231.08228	-878.7636	-980.47235	-192.02612	97.6404	230.26861	0
13927	-6.50936	300.24423	293.73487	-154.5973	-144.01959	297.80322	-262.81541	-1020.34218	-1125.30561	-196.09447	160.29299	308.38093	0
13928	3.25468	411.71702	394.62995	-213.99521	-189.58511	403.58032	-303.49891	-1189.58554	-1284.78493	-192.02612	249.79669	399.51197	0
13929	23.59643	554.10927	519.12146	-293.73487	-243.28733	536.20853	-353.94645	-1383.239	-1456.4693	-180.63474	360.45581	496.3387	0
13930	56.9569	716.84327	650.936	-390.5616	-293.73487	683.4828	-417.41271	-1586.6565	-1635.4767	-163.54767	475.99695	592.35176	0
13931	96.01306	878.7636	769.73182	-493.08402	-331.16369	824.24771	-500.40705	-1766.47757	-1790.88767	-146.4606	583.40139	680.22812	0
13932	125.30518	1011.39181	859.23552	-581.77405	-353.94645	934.90683	-585.8424	-1890.15541	-1893.41009	-131.81454	666.39573	750.20374	0
13933	141.57858	1069.97605	896.66434	-624.08489	-361.26948	983.72703	-644.42664	-1962.57204	-1947.92598	-122.0505	689.99216	781.1232	0
13934	142.39225	1013.83282	845.40313	-593.9791	-337.67305	930.83848	-674.53243	-1977.2181	-1941.41662	-120.42316	628.15324	747.76273	0
13935	127.74619	838.0801	693.24684	-493.89769	-274.20679	767.29081	-677.78711	-1917.82019	-1851.91292	-131.00087	484.13365	644.42664	0
13936	97.6404	573.63735	467.86025	-341.7414	-180.63474	521.56247	-663.95472	-1800.65171	-1698.94296	-173.31171	274.20679	484.13365	0
13937	51.26121	272.57945	218.06356	-164.36134	-82.18067	245.72834	-646.86765	-1655.81845	-1533.76795	-272.57945	24.4101	292.9212	0
13938	-8.1367	-12.20505	-4.88202	8.95037	-0.81367	-8.95037	-632.22159	-1506.10317	-1410.90378	-437.75446	-222.13191	109.03178	0
13939	-65.90727	-240.84632	-176.56639	152.15629	55.32956	-209.11319	-626.5259	-1364.52459	-1342.5555	-645.24031	-420.66739	-34.17414	0
13940	-105.7771	-398.6983	-294.54854	251.42403	95.19939	-347.43709	-630.59425	-1231.08271	-1308.38136	-837.26643	-543.53156	-125.30518	0
13941	-125.30518	-495.52503	-371.84719	310.00827	123.67784	-433.68611	-633.03526	-1103.33652	-1293.7353	-964.19895	-593.16543	-174.12538	0
13942	-127.74619	-545.97257	-420.66739	336.85938	146.4606	-484.13365	-622.45755	-973.14932	-1262.81584	-1024.41053	-596.42011	-194.46713	0
13943	-111.47279	-560.61863	-446.70483	336.04571	165.17501	-509.35742	-589.91075	-827.50239	-1179.8215	-1019.52851	-576.07836	-196.09447	0
13944	-86.24902	-551.66826	-452.40052	317.3313	176.56639	-515.05311	-530.51284	-668.83674	-1045.56595	-956.06225	-546.78624	-188.77144	0
13945	-66.72094	-528.8855	-446.70483	292.9212	183.07575	-503.66173	-449.95951	-511.79843	-885.27296	-855.16717	-516.68045	-183.88942	0
13946	-57.77057	-500.40705	-433.68611	272.57945	183.88942	-480.0653	-361.26948	-368.59251	-720.91162	-739.62603	-484.13365	-180.63474	0
13947	-52.07488	-471.9286	-416.59904	257.11972	180.63474	-452.40052	-277.46147	-252.2377	-566.31432	-624.89856	-446.70483	-176.56639	0
13948	-46.37919	-447.5185	-401.95298	243.28733	177.38006	-428.80409	-208.29952	-166.80235	-429.61776	-519.12146	-400.32564	-173.31171	0
13949	-41.49717	-428.80409	-390.5616	231.89595	175.75272	-411.71702	-157.85198	-109.84545	-312.44928	-423.1084	-341.7414	-168.42969	0
13950	-34.17414	-413.34436	-384.05224	221.31824	176.56639	-398.6983	-122.0505	-72.41663	-214.80888	-336.85938	-275.02046	-157.03831	0
13951	-22.78276	-390.5616	-371.84719	205.85851	176.56639	-380.79756	-93.57205	-44.75185	-132.62821	-260.3744	-205.85851	-137.51023	0
13952	-11.39138	-359.64214	-350.69177	184.70309	170.05703	-354.76012	-68.34828	-21.96909	-67.53461	-196.09447	-151.34262	-117.98215	0
13953	-5.69569	-327.90901	-320.58598	165.98868	156.22464	-323.02699	-48.00653	-0.81367	-18.71441	-149.71528	-122.86417	-101.70875	0
13954	-5.69569	-296.98955	-283.97083	152.15629	135.88289	-288.85285	-26.85111	21.15542	13.01872	-122.86417	-122.0505	-91.94471	0
13955	-8.1367	-262.81541	-244.91467	140.76491	113.9138	-252.2377	-3.25468	43.12451	36.61515	-108.21811	-141.57858	-91.13104	0
13956	-8.95037	-223.75925	-206.67218	131.81454	94.38572	-213.99521	19.52808	64.27993	60.21158	-96.82673	-161.92033	-94.38572	0
13957	-4.88202	-187.1441	-172.49804	124.49151	78.11232	-179.0074	42.31084	87.87636	91.94471	-77.29865	-165.98868	-93.57205	0
13958	-2.44101	-165.17501	-147.27427	118.79582	65.0936	-154.5973	60.21158	117.16848	131.00087	-48.00653	-143.20592	-85.43535	0
13959	-6.50936	-153.78363	-135.88289	109.84545	62.65259	-139.95124	74.85764	148.90161	170.05703	-8.95037	-100.08141	-71.60296	0
13960	-5.69569	-145.64693	-134.25555	93.57205	67.53461	-131.00087	89.5037	179.82107	205.04484	30.10579	-47.19286	-52.88855	0
13961	0.81367	-144.01959	-136.69656	75.67131	74.04397	-128.55986	100.89508	203.4175	231.08228	61.02525	4.06835	-32.5468	0
13962	7.32303	-147.27427	-137.51023	67.53461	74.04397	-131.00087	107.40444	216.43622	248.98302	78.92599	39.86983	-16.2734	0
13963	8.1367	-150.52895	-135.06922	67.53461	68.34828	-133.44188	109.03178	215.62255	257.11972	87.06269	44.75185	-9.76404	0
13964	2.44101	-148.90161	-129.37353	69.97562	59.39791	-132.62821	109.03178	204.23117	255.49238	83.80801	16.2734	-16.2734	0
13965	-4.88202	-142.39225	-122.0505	67.53461	51.26121	-127.74619	107.40444	191.21245	245.72834	71.60296	-31.73313	-34.17414	0
13966	-8.95037	-131.00087	-119.60949	59.39791	45.56552	-122.86417	106.59077	181.44841	231.08228	57.77057	-78.11232	-52.88855	0
13967	-3.25468	-121.23683	-120.42316	51.26121	47.19286	-119.60949	104.96343	176.56639	218.06356	47.19286	-106.59077	-62.65259	0
13968	5.69569	-113.9138	-124.49151	42.31084	56.14323	-118.79582	104.14976	176.56639	212.36787	47.19286	-105.7771	-64.27993	0
13969	17.08707	-105.7771	-130.1872	32.5468	68.34828	-117.16848	105.7771	183.07575	216.43622	57.77057	-72.41663	-58.58424	0
13970	23.59643	-97.6404	-135.06922	28.47845	78.11232	-112.28646	108.21811	192.02612	228.64127	75.67131	-18.71441	-46.37919	0
13971	25.22377	-92.75838	-132.62821	29.29212	78.92599	-107.40444	110.65912	200.16282	244.91467	91.94471	31.73313	-33.36047	0
13972	23.59643	-96.01306	-131.00087	33.36047	78.11232	-109.03178	111.47279	204.23117	256.30605	100.08141	61.02525	-26.85111	0
13973	17.90074	-107.40444	-130.1872	42.31084	75.67131	-116.35481	109.84545	203.4175	258.74706	99.26774	56.9569	-25.22377	0
13974	8.95037	-119.60949	-127.74619	51.26121	72.41663	-123.67784	106.59077	196.90814	249.79669	89.5037	21.15542	-32.5468	0
13975	8.1367	-117.98215	-124.49151	50.44754	72.41663	-123.67784	106.59077	188.77144	239.21898	73.2303	-30.91946	-46.37919	0
13976	17.90074	-95.19939	-113.10013	34.17414	71.60296	-107.40444	113.10013	186.33043	235.9643	61.02525	-74.85764	-56.9569	0
13977	23.59643	-62.65259	-88.69003	15.45973	60.21158	-78.11232	123.67784	192.83979	242.47366	60.21158	-91.94471	-56.9569	0
13978	13.01872	-40.6835	-60.21158	10.57771	37.42882	-50.44754	133.44188	207.48585	254.67871	69.97562	-78.92599	-51.26121	0
13979	-8.1367	-36.61515	-42.31084	17.90074	13.83239	-35.80148	139.95124	227.8276	266.07009	86.24902	-38.24249	-43.12451	0
13980	-31.73313	-48.8202	-35.80148	31.73313	-2.44101	-35.80148	144.01959	248.16935	275.83413	105.7771	17.08707	-28.47845	0
13981	-44.75185	-69.16195	-39.86983	47.19286	-6.50936	-48.8202	144.83326	257.93339	280.71615	125.30518	69.97562	-13.83239	0
13982	-40.6835	-88.69003	-56.14323	56.14323	4.06835	-68.34828	142.39225	254.67871	280.71615	139.13757	99.26774	-5.69569	0
13983	-25.22377	-99.26774	-75.67131	55.32956	22.78276	-84.62168	138.3239	242.47366	275.02046	142.39225	97.6404	-4.88202	0
13984	-7.32303	-99.26774	-90.31737	51.26121	40.6835	-91.94471	132.62821	225.38659	267.69743	136.69656	65.90727	-12.20505	0
13985	1.62734	-91.13104	-91.13104	46.37919	46.37919	-89.5037	124.49151	203.4175	259.56073	123.67784	13.83239	-25.22377	0
13986	1.62734	-86.24902	-77.29865	40.6835	34.98781	-80.55333	114.72747	182.26208	251.42403	107.40444	-40.6835	-39.86983	0
13987	-1.62734	-89.5037	-59.39791	35.80148	14.64606	-74.85764	104.96343	169.24336	242.47366	91.94471	-78.92599	-52.88855	0
13988	-7.32303	-90.31737	-47.19286	33.36047	2.44101	-69.16195	98.45407	173.31171	240.84632	87.06269	-83.80801	-60.21158	0
13989	-5.69569	-74.04397	-39.86983	26.03744	3.25468	-62.65259	99.26774	190.39878	253.05137	94.38572	-51.26121	-58.58424	0
13990	1.62734	-48.8202	-34.98781	13.83239	10.57771	-58.58424	107.40444	219.6909	273.39312	112.28646	5.69569	-45.56552	0
13991	8.95037	-30.91946	-34.17414	5.69569	18.71441	-54.51589	117.16848	253.86504	296.98955	133.44188	65.90727	-24.4101	0
13992	14.64606	-29.29212	-43.12451	4.06835	28.47845	-54.51589	124.49151	280.71615	315.70396	149.71528	102.52242	-5.69569	0
13993	21.15542	-36.61515	-58.58424	4.06835	40.6835	-58.58424	126.93252	292.10753	326.28167	150.52895	100.08141	0.81367	0
13994	31.73313	-43.12451	-77.29865	2.44101	55.32956	-61.83892	123.67784	287.22551	322.21332	135.06922	57.77057	-4.88202	0
13995	43.12451	-46.37919	-92.75838	0	68.34828	-61.83892	117.98215	270.95211	305.12625	112.28646	-4.06835	-21.15542	0
13996	45.56552	-48.00653	-96.01306	0	70.78929	-59.39791	112.28646	251.42403	280.71615	88.69003	-65.0936	-38.24249	0
13997	33.36047	-48.8202	-84.62168	6.50936	58.58424	-56.14323	109.84545	237.59164	257.93339	71.60296	-102.52242	-51.26121	0
13998	11.39138	-49.63387	-64.27993	17.08707	38.24249	-49.63387	109.84545	236.77797	249.79669	69.97562	-100.89508	-56.14323	0
13999	-8.1367	-50.44754	-45.56552	26.85111	20.34175	-43.93818	115.54114	253.05137	264.44275	88.69003	-61.02525	-48.00653	0
14000	-22.78276	-52.07488	-32.5468	35.80148	6.50936	-40.6835	127.74619	278.27514	295.36221	119.60949	0	-25.22377	0
14001	-34.17414	-52.07488	-21.15542	42.31084	-4.06835	-36.61515	142.39225	302.68524	329.53635	150.52895	65.0936	0.81367	0
14002	-35.80148	-45.56552	-11.39138	39.86983	-10.57771	-29.29212	154.5973	323.84066	356.38746	170.8707	113.10013	20.34175	0
14003	-19.52808	-32.5468	-8.1367	27.66478	-4.88202	-18.71441	159.47932	338.48672	370.21985	177.38006	126.11885	32.5468	0
14004	5.69569	-17.90074	-9.76404	13.01872	7.32303	-5.69569	153.78363	344.18241	369.40618	170.05703	99.26774	35.80148	0
14005	24.4101	-4.06835	-8.95037	0.81367	16.2734	3.25468	140.76491	340.11406	358.0148	152.96996	43.12451	28.47845	0
14006	30.91946	4.06835	-8.95037	-8.1367	19.52808	6.50936	125.30518	328.72268	340.11406	130.1872	-21.15542	15.45973	0
14007	30.10579	12.20505	-7.32303	-15.45973	17.90074	8.1367	111.47279	318.14497	323.84066	111.47279	-65.0936	0.81367	0
14008	25.22377	18.71441	-0.81367	-19.52808	13.01872	11.39138	104.96343	315.70396	313.26295	106.59077	-66.72094	-6.50936	0
14009	21.15542	21.96909	8.1367	-21.96909	4.88202	17.08707	108.21811	326.28167	312.44928	118.79582	-21.96909	-4.06835	0
14010	17.90074	20.34175	17.90074	-26.03744	-3.25468	23.59643	121.23683	345.80975	321.39965	143.20592	52.07488	9.76404	0
14011	11.39138	14.64606	26.03744	-30.10579	-15.45973	26.85111	134.25555	366.96517	334.41837	165.17501	124.49151	29.29212	0
14012	-1.62734	17.90074	34.98781	-24.4101	-29.29212	27.66478	143.20592	382.4249	344.18241	172.49804	165.17501	44.75185	0
14013	-14.64606	34.17414	40.6835	-15.45973	-36.61515	29.29212	146.4606	391.37527	349.8781	165.98868	158.66565	48.8202	0
14014	-6.50936	57.77057	43.93818	-21.15542	-34.98781	34.98781	144.83326	394.62995	350.69177	150.52895	114.72747	45.56552	0
14015	19.52808	80.55333	48.00653	-43.93818	-30.10579	45.56552	138.3239	393.00261	346.62342	131.81454	49.63387	33.36047	0
14016	42.31084	97.6404	50.44754	-62.65259	-23.59643	55.32956	130.1872	384.86591	334.41837	113.10013	-15.45973	16.2734	0
14017	48.8202	108.21811	53.70222	-70.78929	-17.90074	65.0936	124.49151	371.03352	321.39965	100.08141	-57.77057	3.25468	0
14018	44.75185	111.47279	62.65259	-69.97562	-20.34175	75.67131	122.0505	360.45581	315.70396	98.45407	-56.9569	0	0
14019	37.42882	114.72747	80.55333	-66.72094	-30.10579	90.31737	122.0505	363.71049	321.39965	111.47279	-12.20505	11.39138	0
14020	31.73313	120.42316	99.26774	-69.16195	-39.86983	108.21811	124.49151	384.86591	338.48672	134.25555	61.83892	34.98781	0
14021	26.85111	122.0505	113.10013	-74.85764	-45.56552	122.86417	126.11885	416.59904	357.20113	156.22464	138.3239	64.27993	0
14022	22.78276	122.86417	117.16848	-77.29865	-47.19286	126.93252	126.11885	444.26382	367.77884	167.61602	187.95777	84.62168	0
14023	24.4101	131.00087	116.35481	-81.367	-43.12451	124.49151	122.86417	458.90988	365.33783	164.36134	193.65346	91.13104	0
14024	32.5468	146.4606	116.35481	-93.57205	-30.91946	123.67784	114.72747	456.46887	351.50544	149.71528	156.22464	84.62168	0
14025	42.31084	167.61602	116.35481	-111.47279	-18.71441	131.00087	105.7771	441.00914	331.16369	127.74619	88.69003	68.34828	0
14026	49.63387	189.58511	123.67784	-125.30518	-17.08707	146.4606	99.26774	421.48106	310.00827	105.7771	19.52808	53.70222	0
14027	52.07488	208.29952	139.95124	-134.25555	-29.29212	167.61602	95.19939	406.02133	288.85285	91.13104	-26.03744	46.37919	0
14028	49.63387	219.6909	158.66565	-139.13757	-46.37919	185.51676	91.94471	400.32564	271.76578	87.06269	-34.98781	46.37919	0
14029	45.56552	225.38659	176.56639	-139.13757	-63.46626	199.34915	89.5037	405.20766	263.62908	95.19939	-2.44101	52.07488	0
14030	39.86983	231.89595	192.83979	-137.51023	-76.48498	211.5542	87.06269	410.90335	265.25642	108.21811	44.75185	63.46626	0
14031	31.73313	240.03265	208.29952	-138.3239	-87.06269	222.94558	83.80801	414.9717	270.95211	120.42316	74.85764	78.11232	0
14032	25.22377	246.54201	224.57292	-139.95124	-98.45407	232.70962	79.73966	415.78537	275.02046	130.1872	85.43535	91.94471	0
14033	19.52808	251.42403	239.21898	-142.39225	-110.65912	242.47366	73.2303	414.9717	274.20679	133.44188	97.6404	103.33609	0
14034	13.83239	261.18807	254.67871	-146.4606	-122.0505	255.49238	65.90727	414.15803	265.25642	131.81454	131.81454	117.16848	0
14035	8.1367	279.08881	275.83413	-149.71528	-130.1872	275.83413	59.39791	413.34436	250.61036	130.1872	190.39878	140.76491	0
14036	0	298.61689	301.87157	-152.96996	-135.06922	300.24423	52.88855	407.64867	233.52329	125.30518	255.49238	168.42969	0
14037	-1.62734	318.95864	320.58598	-161.10666	-135.88289	319.77231	47.19286	400.32564	212.36787	122.0505	294.54854	187.1441	0
14038	16.2734	340.92773	322.21332	-180.63474	-139.95124	331.97736	41.49717	388.93426	184.70309	115.54114	288.03918	195.2808	0
14039	43.12451	360.45581	317.3313	-205.04484	-144.01959	340.92773	31.73313	364.52416	152.15629	95.19939	233.52329	190.39878	0
14040	59.39791	372.66086	314.07662	-222.13191	-146.4606	347.43709	21.15542	332.79103	119.60949	63.46626	151.34262	170.8707	0
14041	61.02525	380.79756	312.44928	-226.20026	-148.90161	351.50544	15.45973	305.93992	95.19939	32.5468	70.78929	145.64693	0
14042	51.26121	388.93426	315.70396	-221.31824	-152.15629	355.57379	11.39138	291.29386	78.92599	11.39138	21.96909	124.49151	0
14043	37.42882	391.37527	323.02699	-215.62255	-152.15629	359.64214	6.50936	287.22551	69.16195	2.44101	20.34175	118.79582	0
14044	25.22377	392.18894	337.67305	-211.5542	-153.78363	366.1515	2.44101	290.48019	61.02525	5.69569	63.46626	133.44188	0
14045	18.71441	395.44362	354.76012	-208.29952	-159.47932	377.54288	-0.81367	293.73487	50.44754	13.01872	117.16848	161.10666	0
14046	17.08707	400.32564	368.59251	-209.11319	-166.80235	388.93426	-5.69569	293.73487	39.05616	16.2734	152.96996	192.83979	0
14047	17.90074	401.95298	375.91554	-210.74053	-173.31171	394.62995	-8.95037	284.7845	26.03744	17.08707	179.82107	219.6909	0
14048	17.08707	399.51197	384.05224	-205.85851	-176.56639	396.25729	-13.01872	261.18807	5.69569	12.20505	187.95777	230.26861	0
14049	17.90074	395.44362	394.62995	-197.72181	-177.38006	397.88463	-21.15542	225.38659	-18.71441	-1.62734	160.29299	219.6909	0
14050	21.15542	397.07096	400.32564	-196.09447	-176.56639	399.51197	-33.36047	192.02612	-46.37919	-21.96909	104.14976	196.09447	0
14051	31.73313	401.95298	393.81628	-202.60383	-170.05703	399.51197	-43.93818	169.24336	-74.85764	-43.12451	43.12451	171.68437	0
14052	45.56552	406.02133	384.05224	-209.92686	-161.92033	399.51197	-48.8202	153.78363	-97.6404	-54.51589	3.25468	156.22464	0
14053	49.63387	410.90335	381.61123	-216.43622	-162.734	401.95298	-51.26121	146.4606	-113.9138	-61.02525	0.81367	150.52895	0
14054	41.49717	418.22638	388.12059	-221.31824	-172.49804	409.27601	-52.07488	142.39225	-128.55986	-67.53461	33.36047	152.96996	0
14055	30.10579	423.92207	399.51197	-223.75925	-184.70309	416.59904	-54.51589	133.44188	-143.20592	-74.85764	89.5037	166.80235	0
14056	19.52808	426.36308	408.46234	-222.94558	-194.46713	419.85372	-56.14323	117.16848	-157.85198	-81.367	152.96996	183.88942	0
14057	10.57771	423.92207	411.71702	-218.87723	-200.97649	419.04005	-55.32956	89.5037	-174.12538	-82.99434	196.09447	195.2808	0
14058	3.25468	412.53069	408.46234	-209.11319	-203.4175	410.90335	-55.32956	49.63387	-193.65346	-86.24902	196.90814	198.53548	0
14059	-1.62734	393.00261	400.32564	-193.65346	-204.23117	396.25729	-57.77057	11.39138	-213.18154	-97.6404	152.15629	191.21245	0
14060	-7.32303	371.84719	386.49325	-178.19373	-200.97649	378.35655	-58.58424	-14.64606	-227.8276	-117.98215	76.48498	169.24336	0
14061	-5.69569	356.38746	368.59251	-170.8707	-190.39878	361.26948	-55.32956	-30.10579	-235.15063	-139.95124	-2.44101	137.51023	0
14062	4.06835	346.62342	346.62342	-173.31171	-173.31171	345.80975	-48.00653	-38.24249	-240.03265	-154.5973	-57.77057	104.96343	0
14063	14.64606	338.48672	325.468	-176.56639	-157.03831	331.97736	-39.05616	-42.31084	-244.101	-157.03831	-71.60296	83.80801	0
14064	11.39138	322.21332	310.00827	-169.24336	-147.27427	316.51763	-33.36047	-45.56552	-247.35568	-152.15629	-48.8202	77.29865	0
14065	-0.81367	298.61689	297.80322	-150.52895	-142.39225	299.43056	-34.17414	-53.70222	-254.67871	-143.20592	-1.62734	79.73966	0
14066	-12.20505	275.83413	286.41184	-133.44188	-139.95124	281.52982	-38.24249	-63.46626	-263.62908	-134.25555	48.8202	90.31737	0
14067	-13.01872	259.56073	269.32477	-124.49151	-133.44188	265.25642	-43.93818	-71.60296	-270.13844	-130.1872	79.73966	102.52242	0
14068	-4.06835	245.72834	246.54201	-122.0505	-121.23683	246.54201	-46.37919	-76.48498	-268.5111	-126.93252	78.92599	106.59077	0
14069	3.25468	226.20026	218.87723	-116.35481	-109.03178	222.94558	-44.75185	-78.11232	-253.86504	-119.60949	45.56552	97.6404	0
14070	4.06835	196.90814	192.02612	-99.26774	-100.08141	194.46713	-39.05616	-78.11232	-230.26861	-114.72747	-8.1367	78.92599	0
14071	3.25468	165.17501	170.05703	-78.92599	-92.75838	167.61602	-34.17414	-77.29865	-205.85851	-113.9138	-69.16195	50.44754	0
14072	0	141.57858	152.96996	-65.0936	-85.43535	147.27427	-29.29212	-78.11232	-187.1441	-115.54114	-113.10013	17.90074	0
14073	-10.57771	131.00087	143.20592	-61.02525	-79.73966	137.51023	-25.22377	-78.11232	-174.12538	-112.28646	-123.67784	-3.25468	0
14074	-21.96909	126.93252	141.57858	-61.83892	-78.92599	135.06922	-21.15542	-74.85764	-163.54767	-103.33609	-96.82673	-6.50936	0
14075	-29.29212	122.0505	142.39225	-63.46626	-82.18067	133.44188	-14.64606	-64.27993	-152.96996	-84.62168	-39.05616	5.69569	0
14076	-27.66478	116.35481	135.88289	-64.27993	-78.92599	126.93252	-6.50936	-48.00653	-141.57858	-61.83892	24.4101	29.29212	0
14077	-13.83239	107.40444	115.54114	-62.65259	-62.65259	112.28646	-3.25468	-34.98781	-132.62821	-43.93818	65.90727	51.26121	0
14078	7.32303	95.19939	82.18067	-62.65259	-39.05616	89.5037	-3.25468	-30.10579	-122.86417	-36.61515	68.34828	56.9569	0
14079	33.36047	84.62168	46.37919	-65.0936	-15.45973	65.90727	-2.44101	-34.17414	-111.47279	-38.24249	33.36047	43.12451	0
14080	49.63387	71.60296	17.90074	-62.65259	2.44101	44.75185	-2.44101	-39.86983	-100.08141	-43.12451	-25.22377	17.90074	0
14081	44.75185	51.26121	3.25468	-48.00653	9.76404	26.85111	-0.81367	-43.12451	-88.69003	-42.31084	-87.06269	-7.32303	0
14082	21.96909	24.4101	1.62734	-22.78276	2.44101	13.01872	1.62734	-44.75185	-79.73966	-39.05616	-126.93252	-25.22377	0
14083	-8.1367	-4.06835	8.95037	7.32303	-14.64606	2.44101	5.69569	-44.75185	-70.78929	-33.36047	-130.1872	-36.61515	0
14084	-37.42882	-32.5468	21.15542	41.49717	-39.05616	-4.88202	10.57771	-40.6835	-56.14323	-21.96909	-98.45407	-39.86983	0
14085	-61.83892	-54.51589	33.36047	67.53461	-56.14323	-12.20505	13.01872	-35.80148	-37.42882	-6.50936	-45.56552	-34.98781	0
14086	-64.27993	-60.21158	42.31084	70.78929	-52.07488	-18.71441	13.01872	-33.36047	-18.71441	8.95037	8.1367	-27.66478	0
14087	-43.12451	-45.56552	43.93818	52.88855	-30.91946	-17.90074	14.64606	-30.10579	-4.88202	24.4101	48.00653	-20.34175	0
14088	-20.34175	-23.59643	37.42882	31.73313	-12.20505	-10.57771	19.52808	-19.52808	9.76404	36.61515	58.58424	-12.20505	0
14089	-12.20505	-8.95037	26.85111	17.08707	-4.88202	-5.69569	21.15542	-9.76404	19.52808	36.61515	33.36047	-13.01872	0
14090	-11.39138	-1.62734	14.64606	10.57771	-2.44101	-5.69569	17.90074	-4.06835	20.34175	26.03744	-19.52808	-26.85111	0
14091	-13.01872	0	0	4.88202	-1.62734	-8.1367	12.20505	0	17.08707	12.20505	-78.11232	-45.56552	0
14092	-16.2734	-1.62734	-17.08707	-0.81367	-0.81367	-14.64606	8.95037	0.81367	19.52808	4.06835	-117.98215	-57.77057	0
14093	-21.96909	-12.20505	-28.47845	0.81367	-2.44101	-22.78276	9.76404	2.44101	31.73313	5.69569	-123.67784	-64.27993	0
14094	-33.36047	-27.66478	-26.03744	15.45973	-8.95037	-26.85111	18.71441	8.1367	51.26121	17.08707	-92.75838	-61.83892	0
14095	-45.56552	-39.86983	-15.45973	32.5468	-19.52808	-26.85111	30.10579	14.64606	68.34828	33.36047	-40.6835	-48.00653	0
14096	-52.07488	-45.56552	-4.88202	42.31084	-25.22377	-24.4101	40.6835	17.90074	78.11232	49.63387	12.20505	-31.73313	0
14097	-47.19286	-45.56552	-3.25468	43.12451	-22.78276	-23.59643	49.63387	21.15542	82.99434	61.83892	48.00653	-21.15542	0
14098	-30.10579	-43.12451	-11.39138	33.36047	-8.95037	-26.85111	53.70222	23.59643	85.43535	66.72094	55.32956	-14.64606	0
14099	-8.95037	-44.75185	-24.4101	21.96909	8.1367	-35.80148	50.44754	21.15542	82.99434	62.65259	32.5468	-15.45973	0
14100	6.50936	-48.00653	-39.86983	17.08707	22.78276	-47.19286	42.31084	17.90074	78.11232	49.63387	-12.20505	-27.66478	0
14101	15.45973	-48.8202	-57.77057	20.34175	34.98781	-60.21158	33.36047	16.2734	72.41663	32.5468	-63.46626	-48.8202	0
14102	21.96909	-48.00653	-75.67131	25.22377	47.19286	-72.41663	27.66478	13.83239	70.78929	18.71441	-98.45407	-72.41663	0
14103	32.5468	-44.75185	-87.87636	26.03744	58.58424	-76.48498	23.59643	11.39138	74.85764	13.83239	-102.52242	-86.24902	0
14104	40.6835	-42.31084	-91.13104	21.96909	66.72094	-74.85764	19.52808	11.39138	81.367	16.2734	-79.73966	-85.43535	0
14105	39.05616	-50.44754	-89.5037	21.15542	68.34828	-73.2303	16.2734	16.2734	87.87636	23.59643	-38.24249	-75.67131	0
14106	22.78276	-65.90727	-87.87636	33.36047	61.83892	-71.60296	14.64606	25.22377	91.13104	34.17414	4.88202	-63.46626	0
14107	-8.1367	-79.73966	-81.367	56.14323	41.49717	-73.2303	14.64606	34.98781	94.38572	44.75185	36.61515	-52.07488	0
14108	-42.31084	-89.5037	-69.16195	76.48498	14.64606	-73.2303	18.71441	42.31084	99.26774	54.51589	45.56552	-40.6835	0
14109	-65.90727	-96.01306	-61.02525	87.87636	-4.88202	-70.78929	26.03744	42.31084	103.33609	56.14323	26.03744	-35.80148	0
14110	-74.85764	-102.52242	-59.39791	92.75838	-13.01872	-70.78929	28.47845	37.42882	106.59077	45.56552	-18.71441	-45.56552	0
14111	-71.60296	-106.59077	-63.46626	92.75838	-5.69569	-72.41663	25.22377	33.36047	109.03178	26.85111	-70.78929	-63.46626	0
14112	-63.46626	-100.89508	-71.60296	87.87636	10.57771	-74.04397	21.96909	28.47845	108.21811	11.39138	-107.40444	-78.11232	0
14113	-48.8202	-92.75838	-72.41663	78.92599	20.34175	-74.04397	19.52808	23.59643	104.96343	4.88202	-113.9138	-87.06269	0
14114	-28.47845	-90.31737	-70.78929	71.60296	18.71441	-75.67131	16.2734	21.96909	105.7771	9.76404	-90.31737	-90.31737	0
14115	-9.76404	-93.57205	-77.29865	64.27993	12.20505	-82.99434	15.45973	27.66478	113.9138	24.4101	-45.56552	-82.18067	0
14116	3.25468	-96.82673	-87.06269	57.77057	5.69569	-91.94471	17.90074	38.24249	126.93252	43.93818	1.62734	-69.97562	0
14117	12.20505	-93.57205	-86.24902	51.26121	3.25468	-90.31737	25.22377	47.19286	140.76491	62.65259	34.98781	-59.39791	0
14118	17.08707	-77.29865	-76.48498	39.86983	6.50936	-79.73966	34.98781	58.58424	153.78363	76.48498	43.93818	-49.63387	0
14119	19.52808	-58.58424	-71.60296	26.85111	13.83239	-72.41663	43.12451	71.60296	161.92033	80.55333	26.85111	-46.37919	0
14120	21.15542	-48.8202	-74.04397	18.71441	24.4101	-70.78929	51.26121	80.55333	161.10666	73.2303	-13.01872	-52.88855	0
14121	17.08707	-57.77057	-82.18067	22.78276	31.73313	-78.11232	57.77057	82.99434	155.41097	61.02525	-64.27993	-71.60296	0
14122	5.69569	-83.80801	-91.13104	41.49717	31.73313	-92.75838	61.02525	83.80801	148.90161	52.07488	-100.08141	-94.38572	0
14123	-7.32303	-114.72747	-95.19939	66.72094	26.85111	-106.59077	61.83892	78.92599	139.13757	43.12451	-109.84545	-109.03178	0
14124	-17.08707	-132.62821	-97.6404	82.99434	24.4101	-111.47279	59.39791	64.27993	126.11885	31.73313	-93.57205	-109.03178	0
14125	-19.52808	-134.25555	-98.45407	82.99434	29.29212	-108.21811	54.51589	45.56552	110.65912	25.22377	-57.77057	-96.82673	0
14126	-13.83239	-122.0505	-98.45407	70.78929	39.05616	-103.33609	47.19286	33.36047	98.45407	25.22377	-19.52808	-81.367	0
14127	-4.88202	-105.7771	-101.70875	52.88855	52.07488	-99.26774	38.24249	31.73313	91.94471	29.29212	4.88202	-70.78929	0
14128	4.06835	-94.38572	-105.7771	38.24249	62.65259	-97.6404	28.47845	42.31084	97.6404	34.98781	10.57771	-64.27993	0
14129	6.50936	-91.13104	-107.40444	35.80148	64.27993	-98.45407	21.15542	56.9569	114.72747	39.05616	-3.25468	-64.27993	0
14130	2.44101	-97.6404	-106.59077	43.12451	58.58424	-103.33609	19.52808	65.90727	135.06922	35.80148	-37.42882	-72.41663	0
14131	-4.06835	-104.96343	-100.08141	52.07488	44.75185	-107.40444	25.22377	67.53461	153.78363	28.47845	-75.67131	-84.62168	0
14132	-14.64606	-112.28646	-90.31737	63.46626	30.91946	-105.7771	34.17414	67.53461	165.17501	23.59643	-100.08141	-93.57205	0
14133	-23.59643	-115.54114	-82.99434	69.16195	25.22377	-99.26774	40.6835	67.53461	165.98868	23.59643	-102.52242	-98.45407	0
14134	-34.17414	-110.65912	-82.18067	66.72094	28.47845	-90.31737	42.31084	67.53461	161.10666	26.85111	-85.43535	-100.08141	0
14135	-42.31084	-101.70875	-82.18067	59.39791	30.10579	-78.92599	36.61515	65.90727	150.52895	31.73313	-56.14323	-96.82673	0
14136	-48.00653	-91.13104	-80.55333	52.88855	27.66478	-69.16195	27.66478	61.83892	139.13757	38.24249	-26.85111	-92.75838	0
14137	-48.00653	-82.18067	-78.92599	48.00653	26.85111	-64.27993	20.34175	60.21158	133.44188	45.56552	-7.32303	-87.87636	0
14138	-35.80148	-81.367	-80.55333	46.37919	30.91946	-63.46626	18.71441	61.83892	133.44188	52.88855	-2.44101	-82.18067	0
14139	-13.83239	-85.43535	-86.24902	46.37919	38.24249	-66.72094	26.03744	63.46626	137.51023	54.51589	-17.90074	-78.11232	0
14140	7.32303	-92.75838	-99.26774	44.75185	47.19286	-78.92599	35.80148	68.34828	142.39225	48.8202	-50.44754	-83.80801	0
14141	15.45973	-106.59077	-114.72747	49.63387	56.9569	-99.26774	40.6835	74.85764	143.20592	36.61515	-90.31737	-93.57205	0
14142	8.1367	-125.30518	-126.11885	61.02525	65.90727	-119.60949	43.12451	78.92599	142.39225	23.59643	-117.98215	-100.08141	0
14143	-0.81367	-136.69656	-129.37353	69.16195	67.53461	-131.00087	43.93818	78.92599	139.13757	17.08707	-121.23683	-103.33609	0
14144	-7.32303	-135.88289	-126.93252	70.78929	64.27993	-131.81454	46.37919	77.29865	132.62821	17.08707	-102.52242	-103.33609	0
14145	-9.76404	-127.74619	-119.60949	67.53461	58.58424	-124.49151	47.19286	70.78929	128.55986	21.96909	-69.16195	-96.01306	0
14146	-8.95037	-117.98215	-109.84545	62.65259	52.07488	-114.72747	44.75185	62.65259	130.1872	29.29212	-32.5468	-87.87636	0
14147	-8.1367	-111.47279	-101.70875	60.21158	45.56552	-106.59077	42.31084	56.9569	134.25555	35.80148	-7.32303	-83.80801	0
14148	-8.1367	-109.03178	-97.6404	59.39791	42.31084	-102.52242	41.49717	56.14323	135.88289	37.42882	-3.25468	-82.99434	0
14149	-8.95037	-109.03178	-96.82673	58.58424	42.31084	-101.70875	40.6835	56.14323	131.00087	34.98781	-19.52808	-85.43535	0
14150	-10.57771	-110.65912	-94.38572	58.58424	41.49717	-102.52242	43.12451	58.58424	123.67784	29.29212	-49.63387	-92.75838	0
14151	-13.83239	-109.84545	-90.31737	59.39791	39.05616	-106.59077	50.44754	67.53461	120.42316	26.03744	-80.55333	-98.45407	0
14152	-20.34175	-112.28646	-87.06269	63.46626	33.36047	-109.84545	56.14323	77.29865	123.67784	23.59643	-99.26774	-100.89508	0
14153	-31.73313	-115.54114	-82.18067	69.97562	26.03744	-108.21811	56.9569	81.367	132.62821	24.4101	-100.08141	-101.70875	0
14154	-39.05616	-115.54114	-76.48498	72.41663	18.71441	-101.70875	55.32956	75.67131	143.20592	27.66478	-83.80801	-100.89508	0
14155	-39.86983	-112.28646	-73.2303	71.60296	17.08707	-94.38572	52.07488	63.46626	152.15629	34.98781	-56.9569	-96.01306	0
14156	-36.61515	-111.47279	-74.04397	69.97562	18.71441	-91.94471	47.19286	52.07488	157.03831	47.19286	-26.85111	-92.75838	0
14157	-31.73313	-112.28646	-81.367	68.34828	25.22377	-94.38572	44.75185	43.93818	162.734	58.58424	-4.88202	-93.57205	0
14158	-26.03744	-116.35481	-89.5037	69.16195	34.98781	-100.89508	42.31084	47.19286	167.61602	64.27993	-2.44101	-95.19939	0
14159	-20.34175	-121.23683	-90.31737	74.04397	45.56552	-104.14976	40.6835	56.14323	167.61602	59.39791	-17.90074	-98.45407	0
14160	-17.08707	-118.79582	-87.87636	75.67131	54.51589	-102.52242	39.05616	58.58424	165.98868	48.00653	-29.29212	-103.33609	0
14161	-10.57771	-112.28646	-88.69003	68.34828	60.21158	-100.08141	39.05616	51.26121	165.17501	34.98781	-22.78276	-105.7771	0
14162	-2.44101	-103.33609	-92.75838	56.9569	61.83892	-98.45407	43.93818	43.12451	162.734	26.85111	-20.34175	-101.70875	0
14163	2.44101	-95.19939	-93.57205	47.19286	58.58424	-95.19939	51.26121	40.6835	157.85198	26.85111	-26.03744	-93.57205	0
14164	2.44101	-89.5037	-88.69003	42.31084	51.26121	-91.13104	55.32956	43.12451	152.15629	33.36047	-23.59643	-85.43535	0
14165	-4.88202	-87.06269	-79.73966	44.75185	39.86983	-86.24902	54.51589	49.63387	146.4606	39.86983	-12.20505	-78.92599	0
14166	-21.15542	-93.57205	-71.60296	56.14323	26.03744	-81.367	46.37919	55.32956	139.13757	43.12451	-1.62734	-76.48498	0
14167	-37.42882	-106.59077	-69.16195	70.78929	15.45973	-80.55333	32.5468	59.39791	131.81454	42.31084	0	-79.73966	0
14168	-46.37919	-114.72747	-74.85764	76.48498	13.01872	-82.99434	21.15542	62.65259	130.1872	43.12451	-6.50936	-83.80801	0
14169	-43.12451	-116.35481	-85.43535	67.53461	18.71441	-91.13104	18.71441	65.90727	136.69656	45.56552	-20.34175	-87.06269	0
14170	-30.10579	-119.60949	-97.6404	53.70222	30.10579	-100.08141	25.22377	64.27993	143.20592	45.56552	-42.31084	-91.94471	0
14171	-22.78276	-126.11885	-106.59077	52.88855	40.6835	-107.40444	34.98781	52.07488	145.64693	38.24249	-68.34828	-97.6404	0
14172	-29.29212	-132.62821	-106.59077	64.27993	48.00653	-112.28646	43.12451	38.24249	144.83326	29.29212	-87.06269	-99.26774	0
14173	-34.17414	-135.06922	-102.52242	72.41663	48.8202	-113.10013	45.56552	28.47845	138.3239	24.4101	-88.69003	-100.08141	0
14174	-33.36047	-133.44188	-98.45407	74.04397	45.56552	-111.47279	44.75185	21.15542	126.11885	23.59643	-74.04397	-99.26774	0
14175	-31.73313	-129.37353	-92.75838	72.41663	38.24249	-107.40444	39.86983	17.90074	111.47279	26.85111	-49.63387	-93.57205	0
14176	-28.47845	-121.23683	-82.99434	70.78929	30.10579	-100.08141	31.73313	24.4101	99.26774	35.80148	-21.15542	-78.92599	0
14177	-25.22377	-109.84545	-74.04397	67.53461	26.85111	-89.5037	24.4101	34.17414	93.57205	44.75185	0	-63.46626	0
14178	-19.52808	-99.26774	-69.16195	60.21158	29.29212	-83.80801	18.71441	40.6835	91.13104	46.37919	3.25468	-61.02525	0
14179	-15.45973	-95.19939	-73.2303	56.14323	34.17414	-85.43535	15.45973	39.86983	86.24902	41.49717	-12.20505	-74.85764	0
14180	-16.2734	-96.01306	-82.18067	56.9569	34.98781	-93.57205	17.90074	39.86983	84.62168	38.24249	-38.24249	-92.75838	0
14181	-13.83239	-96.82673	-91.13104	56.14323	37.42882	-102.52242	26.85111	42.31084	89.5037	41.49717	-63.46626	-104.14976	0
14182	-3.25468	-95.19939	-100.08141	50.44754	45.56552	-107.40444	37.42882	44.75185	100.89508	46.37919	-78.11232	-107.40444	0
14183	8.95037	-90.31737	-108.21811	43.93818	56.14323	-107.40444	48.00653	46.37919	114.72747	48.00653	-78.11232	-106.59077	0
14184	18.71441	-82.18067	-108.21811	36.61515	61.83892	-100.89508	57.77057	49.63387	123.67784	48.8202	-64.27993	-103.33609	0
14185	21.96909	-71.60296	-100.08141	32.5468	60.21158	-88.69003	63.46626	48.00653	125.30518	49.63387	-39.86983	-96.01306	0
14186	24.4101	-63.46626	-90.31737	30.91946	56.9569	-74.85764	65.90727	43.93818	120.42316	52.88855	-11.39138	-89.5037	0
14187	27.66478	-56.9569	-84.62168	26.85111	51.26121	-65.0936	66.72094	42.31084	116.35481	56.14323	10.57771	-86.24902	0
14188	32.5468	-52.07488	-82.99434	17.90074	44.75185	-61.83892	65.0936	43.93818	114.72747	59.39791	20.34175	-82.99434	0
14189	33.36047	-45.56552	-78.11232	10.57771	39.05616	-57.77057	61.02525	46.37919	116.35481	61.83892	19.52808	-78.92599	0
14190	27.66478	-38.24249	-65.0936	5.69569	33.36047	-48.00653	56.9569	45.56552	121.23683	65.0936	9.76404	-75.67131	0
14191	17.90074	-34.98781	-46.37919	4.88202	24.4101	-36.61515	53.70222	34.17414	125.30518	65.90727	-4.88202	-78.11232	0
14192	4.88202	-34.17414	-30.91946	8.95037	14.64606	-28.47845	50.44754	21.15542	122.0505	62.65259	-17.90074	-86.24902	0
14193	-7.32303	-35.80148	-19.52808	16.2734	4.06835	-24.4101	48.00653	13.01872	114.72747	59.39791	-18.71441	-91.13104	0
14194	-17.08707	-38.24249	-12.20505	25.22377	-6.50936	-25.22377	48.00653	12.20505	105.7771	54.51589	-10.57771	-91.13104	0
14195	-22.78276	-38.24249	-6.50936	31.73313	-15.45973	-27.66478	48.8202	14.64606	96.82673	50.44754	0	-87.87636	0
14196	-24.4101	-39.05616	-2.44101	33.36047	-20.34175	-30.91946	51.26121	21.96909	89.5037	46.37919	13.83239	-85.43535	0
14197	-23.59643	-39.05616	-3.25468	32.5468	-17.08707	-31.73313	52.88855	31.73313	85.43535	41.49717	25.22377	-85.43535	0
14198	-21.15542	-34.98781	-4.88202	29.29212	-5.69569	-27.66478	52.88855	39.86983	86.24902	41.49717	29.29212	-85.43535	0
14199	-12.20505	-21.15542	-6.50936	16.2734	7.32303	-17.08707	51.26121	41.49717	91.94471	49.63387	25.22377	-82.18067	0
14200	5.69569	-0.81367	-11.39138	-2.44101	19.52808	-4.88202	43.93818	34.98781	100.89508	58.58424	13.83239	-78.92599	0
14201	22.78276	12.20505	-17.90074	-17.08707	27.66478	2.44101	27.66478	19.52808	108.21811	62.65259	-1.62734	-74.85764	0
14202	30.10579	17.08707	-21.15542	-24.4101	30.10579	7.32303	7.32303	2.44101	108.21811	63.46626	-12.20505	-67.53461	0
14203	29.29212	18.71441	-16.2734	-26.03744	24.4101	12.20505	-10.57771	-9.76404	102.52242	64.27993	-8.95037	-61.02525	0
14204	19.52808	26.03744	1.62734	-25.22377	8.95037	22.78276	-21.96909	-13.01872	96.01306	66.72094	5.69569	-53.70222	0
14205	5.69569	39.05616	29.29212	-23.59643	-12.20505	38.24249	-28.47845	-13.01872	89.5037	72.41663	31.73313	-43.12451	0
14206	-4.06835	50.44754	55.32956	-24.4101	-29.29212	52.88855	-35.80148	-18.71441	83.80801	81.367	57.77057	-32.5468	0
14207	-9.76404	53.70222	69.97562	-22.78276	-36.61515	60.21158	-42.31084	-28.47845	82.99434	87.87636	71.60296	-30.10579	0
14208	-13.83239	49.63387	72.41663	-17.90074	-39.05616	58.58424	-44.75185	-31.73313	88.69003	91.13104	74.04397	-31.73313	0
14209	-17.08707	40.6835	64.27993	-12.20505	-36.61515	49.63387	-40.6835	-27.66478	99.26774	94.38572	69.16195	-34.17414	0
14210	-17.90074	29.29212	47.19286	-6.50936	-27.66478	39.05616	-34.17414	-17.90074	113.10013	92.75838	56.14323	-38.24249	0
14211	-12.20505	17.90074	27.66478	-4.06835	-13.01872	27.66478	-30.91946	-6.50936	123.67784	82.99434	35.80148	-41.49717	0
14212	-1.62734	8.95037	14.64606	-3.25468	-0.81367	17.08707	-30.10579	0	126.11885	72.41663	19.52808	-39.05616	0
14213	4.06835	4.88202	13.01872	-7.32303	0.81367	13.83239	-26.03744	3.25468	123.67784	68.34828	17.90074	-34.98781	0
14214	9.76404	7.32303	16.2734	-17.08707	0	17.90074	-17.08707	6.50936	124.49151	76.48498	30.91946	-29.29212	0
14215	18.71441	15.45973	15.45973	-27.66478	3.25468	21.96909	-7.32303	7.32303	127.74619	85.43535	51.26121	-22.78276	0
14216	31.73313	24.4101	5.69569	-35.80148	13.01872	20.34175	-3.25468	1.62734	129.37353	86.24902	65.0936	-18.71441	0
14217	43.93818	29.29212	-8.1367	-41.49717	26.03744	13.83239	-5.69569	-6.50936	127.74619	82.99434	66.72094	-15.45973	0
14218	55.32956	27.66478	-25.22377	-43.93818	40.6835	4.88202	-12.20505	-12.20505	123.67784	79.73966	58.58424	-18.71441	0
14219	63.46626	17.90074	-45.56552	-42.31084	55.32956	-5.69569	-19.52808	-14.64606	118.79582	72.41663	43.12451	-29.29212	0
14220	56.9569	1.62734	-57.77057	-29.29212	58.58424	-20.34175	-21.96909	-12.20505	113.9138	64.27993	26.03744	-39.86983	0
14221	38.24249	-16.2734	-53.70222	-8.1367	45.56552	-34.17414	-17.08707	-4.88202	110.65912	56.9569	13.83239	-48.00653	0
14222	22.78276	-30.10579	-43.12451	8.95037	28.47845	-40.6835	-10.57771	0.81367	107.40444	52.07488	10.57771	-56.9569	0
14223	14.64606	-38.24249	-39.05616	18.71441	19.52808	-43.12451	-6.50936	1.62734	100.08141	46.37919	11.39138	-64.27993	0
14224	13.83239	-47.19286	-49.63387	19.52808	24.4101	-52.07488	-7.32303	-2.44101	85.43535	39.86983	12.20505	-69.16195	0
14225	18.71441	-61.02525	-69.97562	17.08707	38.24249	-67.53461	-8.1367	-13.01872	66.72094	28.47845	13.83239	-73.2303	0
14226	27.66478	-75.67131	-91.94471	12.20505	53.70222	-85.43535	-8.1367	-26.03744	50.44754	16.2734	18.71441	-78.92599	0
14227	39.86983	-85.43535	-113.9138	12.20505	69.97562	-99.26774	-6.50936	-33.36047	40.6835	10.57771	21.15542	-86.24902	0
14228	44.75185	-93.57205	-130.1872	23.59643	82.18067	-110.65912	-1.62734	-39.05616	35.80148	10.57771	16.2734	-90.31737	0
14229	34.17414	-107.40444	-137.51023	42.31084	83.80801	-121.23683	5.69569	-45.56552	34.17414	8.95037	3.25468	-92.75838	0
14230	14.64606	-122.0505	-135.06922	61.02525	74.04397	-127.74619	13.83239	-48.00653	39.05616	5.69569	-13.01872	-94.38572	0
14231	-4.88202	-131.81454	-123.67784	76.48498	61.83892	-127.74619	22.78276	-43.93818	48.8202	2.44101	-30.10579	-99.26774	0
14232	-19.52808	-138.3239	-108.21811	88.69003	50.44754	-123.67784	27.66478	-32.5468	56.9569	-0.81367	-40.6835	-109.03178	0
14233	-30.10579	-141.57858	-97.6404	94.38572	41.49717	-120.42316	29.29212	-23.59643	57.77057	-4.06835	-43.12451	-117.16848	0
14234	-34.98781	-140.76491	-93.57205	93.57205	34.98781	-117.98215	26.03744	-21.96909	49.63387	-7.32303	-39.05616	-118.79582	0
14235	-35.80148	-135.88289	-97.6404	88.69003	31.73313	-117.16848	22.78276	-24.4101	38.24249	-8.1367	-28.47845	-112.28646	0
14236	-33.36047	-129.37353	-106.59077	82.18067	31.73313	-117.98215	19.52808	-26.03744	28.47845	-4.06835	-16.2734	-103.33609	0
14237	-28.47845	-126.11885	-115.54114	77.29865	34.98781	-119.60949	17.90074	-26.03744	22.78276	0	-9.76404	-97.6404	0
14238	-25.22377	-122.86417	-113.9138	74.04397	36.61515	-122.0505	17.08707	-22.78276	24.4101	4.06835	-7.32303	-93.57205	0
14239	-26.85111	-121.23683	-105.7771	73.2303	34.98781	-126.93252	17.08707	-14.64606	34.17414	8.95037	-8.1367	-91.13104	0
14240	-32.5468	-127.74619	-101.70875	76.48498	32.5468	-132.62821	20.34175	-4.88202	48.8202	16.2734	-13.83239	-92.75838	0
14241	-39.05616	-146.4606	-109.84545	82.99434	34.98781	-144.01959	24.4101	4.06835	61.83892	25.22377	-26.03744	-95.19939	0
14242	-41.49717	-166.80235	-126.11885	90.31737	43.12451	-157.85198	26.85111	6.50936	67.53461	26.03744	-34.17414	-91.13104	0
14243	-34.17414	-176.56639	-141.57858	92.75838	54.51589	-165.17501	29.29212	4.88202	69.16195	23.59643	-29.29212	-83.80801	0
14244	-17.08707	-172.49804	-154.5973	86.24902	64.27993	-166.80235	35.80148	0	70.78929	22.78276	-17.90074	-78.11232	0
14245	5.69569	-155.41097	-161.92033	69.16195	70.78929	-159.47932	43.93818	-8.95037	72.41663	19.52808	-21.96909	-73.2303	0
14246	26.85111	-129.37353	-157.03831	48.00653	74.85764	-145.64693	52.88855	-17.90074	74.85764	14.64606	-44.75185	-63.46626	0
14247	28.47845	-112.28646	-141.57858	40.6835	70.78929	-137.51023	54.51589	-17.90074	75.67131	16.2734	-53.70222	-52.88855	0
14248	7.32303	-119.60949	-128.55986	56.14323	58.58424	-137.51023	41.49717	-15.45973	69.16195	17.90074	-47.19286	-56.9569	0
14249	-18.71441	-142.39225	-124.49151	81.367	48.00653	-144.83326	21.96909	-14.64606	60.21158	13.01872	-43.12451	-73.2303	0
14250	-38.24249	-165.17501	-127.74619	103.33609	45.56552	-153.78363	9.76404	-13.83239	57.77057	4.06835	-44.75185	-92.75838	0
14251	-52.07488	-181.44841	-126.93252	116.35481	43.93818	-156.22464	6.50936	-9.76404	63.46626	-1.62734	-49.63387	-104.96343	0
14252	-59.39791	-188.77144	-118.79582	118.79582	39.05616	-150.52895	8.95037	-5.69569	69.97562	-4.06835	-48.00653	-106.59077	0
14253	-57.77057	-187.95777	-116.35481	114.72747	36.61515	-145.64693	15.45973	-6.50936	68.34828	-4.06835	-41.49717	-104.14976	0
14254	-49.63387	-181.44841	-118.79582	105.7771	39.05616	-146.4606	25.22377	-13.01872	54.51589	-4.06835	-33.36047	-100.08141	0
14255	-40.6835	-171.68437	-117.16848	96.01306	39.86983	-148.08794	33.36047	-26.85111	31.73313	-4.06835	-21.96909	-93.57205	0
14256	-34.17414	-158.66565	-112.28646	86.24902	39.05616	-143.20592	39.05616	-49.63387	2.44101	-4.88202	-10.57771	-87.87636	0
14257	-30.91946	-144.01959	-105.7771	80.55333	36.61515	-131.81454	39.86983	-87.87636	-37.42882	-10.57771	-5.69569	-86.24902	0
14258	-31.73313	-131.81454	-96.82673	78.11232	31.73313	-117.98215	27.66478	-149.71528	-104.14976	-30.91946	-13.83239	-85.43535	0
14259	-34.98781	-117.98215	-82.99434	74.85764	26.85111	-101.70875	-1.62734	-238.40531	-205.04484	-65.0936	-30.10579	-75.67131	0
14260	-38.24249	-97.6404	-59.39791	68.34828	21.96909	-78.92599	-48.00653	-348.25076	-336.04571	-108.21811	-26.85111	-52.88855	0
14261	-32.5468	-59.39791	-28.47845	47.19286	10.57771	-43.93818	-98.45407	-462.97823	-481.69264	-150.52895	8.1367	-22.78276	0
14262	-7.32303	0	4.88202	4.06835	-3.25468	1.62734	-145.64693	-570.38267	-628.15324	-186.33043	47.19286	13.01872	0
14263	23.59643	71.60296	45.56552	-48.00653	-16.2734	57.77057	-192.02612	-675.3461	-773.80017	-216.43622	74.85764	61.02525	0
14264	45.56552	147.27427	99.26774	-97.6404	-34.17414	122.86417	-236.77797	-788.44623	-914.56508	-237.59164	106.59077	120.42316	0
14265	54.51589	227.01393	171.68437	-142.39225	-65.0936	199.34915	-274.20679	-911.3104	-1046.37962	-242.47366	159.47932	194.46713	0
14266	54.51589	321.39965	266.07009	-188.77144	-109.84545	294.54854	-304.31258	-1051.26164	-1175.75315	-232.70962	240.03265	290.48019	0
14267	56.14323	439.3818	382.4249	-248.16935	-165.17501	412.53069	-336.85938	-1219.69133	-1318.1454	-216.43622	336.85938	400.32564	0
14268	65.90727	577.7057	510.17109	-322.21332	-222.94558	545.97257	-381.61123	-1410.90378	-1480.06573	-196.90814	435.31345	502.84806	0
14269	80.55333	725.79364	640.35829	-405.20766	-277.46147	685.11014	-447.5185	-1609.43926	-1652.56377	-170.05703	523.18981	587.46974	0
14270	97.6404	869.81323	759.15411	-489.01567	-323.84066	815.29734	-537.0222	-1775.42794	-1808.78841	-135.88289	597.23378	655.81802	0
14271	114.72747	979.65868	848.65781	-554.10927	-358.0148	914.56508	-636.28994	-1882.83238	-1919.44753	-101.70875	649.30866	702.19721	0
14272	117.98215	1014.64649	882.83195	-572.82368	-374.2882	947.92555	-714.40226	-1940.60295	-1957.69002	-78.11232	658.25903	709.52024	0
14273	99.26774	940.60252	831.57074	-524.81715	-360.45581	884.45929	-750.20374	-1935.72093	-1901.54679	-68.34828	610.2525	669.65041	0
14274	68.34828	756.7131	683.4828	-415.78537	-305.93992	719.28428	-744.50805	-1851.91292	-1760.78188	-73.2303	500.40705	579.33304	0
14275	31.73313	496.3387	462.16456	-266.07009	-214.80888	478.43796	-717.65694	-1708.707	-1593.97953	-114.72747	329.53635	443.45015	0
14276	-5.69569	205.85851	212.36787	-100.89508	-109.03178	209.11319	-687.55115	-1541.90465	-1462.97866	-218.87723	109.84545	281.52982	0
14277	-39.05616	-63.46626	-19.52808	53.70222	-12.20505	-39.86983	-661.51371	-1385.68001	-1378.35698	-399.51197	-129.37353	122.86417	0
14278	-59.39791	-279.08881	-205.04484	177.38006	65.0936	-240.84632	-647.68132	-1258.74749	-1327.09577	-633.84893	-349.06443	-15.45973	0
14279	-69.16195	-428.80409	-340.92773	258.74706	126.11885	-383.23857	-645.24031	-1154.59773	-1296.17631	-848.65781	-513.42577	-123.67784	0
14280	-67.53461	-516.68045	-434.49978	301.87157	175.75272	-474.36961	-640.35829	-1053.70265	-1277.4619	-981.28602	-590.72442	-192.83979	0
14281	-57.77057	-556.55028	-488.202	315.70396	209.92686	-524.00348	-619.20287	-937.34784	-1240.84675	-1032.54723	-580.14671	-223.75925	0
14282	-48.8202	-567.12799	-510.98476	314.07662	224.57292	-543.53156	-576.89203	-795.76926	-1154.59773	-1015.46016	-532.95385	-226.20026	0
14283	-44.75185	-561.4323	-510.17109	305.93992	223.75925	-542.71789	-517.49412	-634.6626	-1017.90117	-941.41619	-483.31998	-218.06356	0
14284	-43.93818	-544.34523	-493.89769	294.54854	214.80888	-526.44449	-444.26382	-468.67392	-850.28515	-832.38441	-431.2451	-207.48585	0
14285	-44.75185	-521.56247	-469.48759	283.15716	204.23117	-502.03439	-364.52416	-317.3313	-675.3461	-711.14758	-380.79756	-198.53548	0
14286	-44.75185	-497.15237	-446.70483	270.13844	199.34915	-475.99695	-287.22551	-193.65346	-515.05311	-592.35176	-331.16369	-187.95777	0
14287	-39.05616	-462.97823	-427.17675	247.35568	200.16282	-446.70483	-218.87723	-106.59077	-381.61123	-483.31998	-283.97083	-171.68437	0
14288	-30.91946	-420.66739	-408.46234	215.62255	202.60383	-414.15803	-162.734	-52.88855	-274.20679	-388.12059	-239.21898	-154.5973	0
14289	-14.64606	-381.61123	-386.49325	188.77144	199.34915	-382.4249	-117.98215	-20.34175	-191.21245	-310.82194	-200.16282	-143.20592	0
14290	2.44101	-356.38746	-362.08315	176.56639	185.51676	-358.0148	-85.43535	0.81367	-127.74619	-253.05137	-156.22464	-138.3239	0
14291	12.20505	-336.85938	-337.67305	168.42969	168.42969	-336.85938	-61.02525	13.83239	-75.67131	-207.48585	-100.08141	-139.13757	0
14292	17.90074	-304.31258	-309.1946	150.52895	151.34262	-307.56726	-38.24249	24.4101	-28.47845	-165.98868	-61.02525	-138.3239	0
14293	19.52808	-263.62908	-271.76578	126.93252	138.3239	-269.32477	-12.20505	40.6835	17.90074	-123.67784	-47.19286	-130.1872	0
14294	17.90074	-222.13191	-233.52329	104.14976	129.37353	-229.45494	13.83239	59.39791	63.46626	-85.43535	-42.31084	-114.72747	0
14295	21.15542	-187.95777	-205.85851	82.99434	122.86417	-197.72181	33.36047	81.367	103.33609	-52.88855	-36.61515	-100.08141	0
14296	26.03744	-168.42969	-187.1441	67.53461	113.10013	-177.38006	47.19286	109.03178	134.25555	-26.85111	-27.66478	-84.62168	0
14297	21.96909	-162.734	-165.17501	57.77057	90.31737	-162.734	56.9569	143.20592	154.5973	-2.44101	-15.45973	-67.53461	0
14298	1.62734	-157.85198	-139.13757	53.70222	63.46626	-146.4606	65.90727	176.56639	172.49804	21.15542	0	-52.07488	0
14299	-20.34175	-149.71528	-119.60949	53.70222	47.19286	-132.62821	78.11232	200.97649	189.58511	40.6835	12.20505	-44.75185	0
14300	-32.5468	-146.4606	-111.47279	59.39791	42.31084	-126.93252	90.31737	211.5542	205.85851	52.88855	19.52808	-43.12451	0
14301	-37.42882	-148.08794	-109.03178	69.97562	39.86983	-127.74619	97.6404	209.11319	222.13191	58.58424	18.71441	-47.19286	0
14302	-34.17414	-147.27427	-113.10013	76.48498	43.93818	-131.00087	101.70875	203.4175	232.70962	61.02525	17.08707	-53.70222	0
14303	-13.83239	-139.95124	-126.93252	69.97562	58.58424	-131.00087	101.70875	198.53548	232.70962	61.02525	17.08707	-56.9569	0
14304	10.57771	-128.55986	-144.83326	58.58424	78.92599	-131.00087	96.82673	192.02612	224.57292	57.77057	17.90074	-58.58424	0
14305	26.85111	-113.10013	-156.22464	50.44754	91.13104	-131.00087	90.31737	180.63474	214.80888	53.70222	17.08707	-61.02525	0
14306	30.91946	-98.45407	-150.52895	44.75185	90.31737	-124.49151	89.5037	166.80235	211.5542	49.63387	18.71441	-64.27993	0
14307	24.4101	-90.31737	-133.44188	43.12451	78.92599	-113.10013	94.38572	158.66565	216.43622	46.37919	22.78276	-68.34828	0
14308	8.95037	-95.19939	-117.16848	49.63387	62.65259	-106.59077	101.70875	158.66565	222.13191	49.63387	26.03744	-70.78929	0
14309	-7.32303	-107.40444	-105.7771	61.83892	48.00653	-106.59077	109.03178	165.17501	227.01393	59.39791	28.47845	-68.34828	0
14310	-20.34175	-120.42316	-96.82673	74.04397	35.80148	-108.21811	115.54114	176.56639	232.70962	69.16195	29.29212	-62.65259	0
14311	-30.10579	-126.93252	-91.13104	82.18067	27.66478	-109.84545	117.98215	188.77144	237.59164	75.67131	28.47845	-61.02525	0
14312	-32.5468	-127.74619	-92.75838	83.80801	27.66478	-113.10013	115.54114	196.09447	240.03265	74.04397	26.03744	-66.72094	0
14313	-26.03744	-122.86417	-102.52242	79.73966	36.61515	-117.16848	112.28646	199.34915	240.03265	69.16195	21.96909	-72.41663	0
14314	-13.83239	-116.35481	-109.84545	70.78929	46.37919	-116.35481	109.84545	200.97649	238.40531	65.90727	21.15542	-74.04397	0
14315	0	-108.21811	-106.59077	60.21158	52.07488	-111.47279	108.21811	201.79016	232.70962	68.34828	24.4101	-69.16195	0
14316	8.95037	-95.19939	-100.89508	47.19286	54.51589	-107.40444	104.14976	197.72181	223.75925	74.04397	29.29212	-59.39791	0
14317	7.32303	-81.367	-98.45407	36.61515	52.88855	-105.7771	102.52242	186.33043	217.24989	78.92599	30.10579	-48.8202	0
14318	-2.44101	-73.2303	-96.82673	31.73313	48.00653	-106.59077	104.96343	177.38006	219.6909	86.24902	30.10579	-43.12451	0
14319	-11.39138	-72.41663	-96.82673	33.36047	44.75185	-107.40444	114.72747	183.07575	236.77797	100.89508	35.80148	-39.05616	0
14320	-12.20505	-76.48498	-102.52242	36.61515	44.75185	-111.47279	124.49151	198.53548	260.3744	114.72747	41.49717	-34.17414	0
14321	-7.32303	-83.80801	-111.47279	39.86983	49.63387	-116.35481	129.37353	207.48585	279.08881	124.49151	39.86983	-38.24249	0
14322	0	-94.38572	-117.98215	41.49717	60.21158	-120.42316	130.1872	206.67218	288.85285	129.37353	30.10579	-51.26121	0
14323	6.50936	-103.33609	-116.35481	43.12451	67.53461	-122.0505	123.67784	202.60383	284.7845	124.49151	21.96909	-62.65259	0
14324	8.95037	-106.59077	-105.7771	46.37919	66.72094	-116.35481	113.9138	200.16282	273.39312	110.65912	18.71441	-65.0936	0
14325	4.06835	-102.52242	-91.13104	48.8202	62.65259	-102.52242	107.40444	204.23117	265.25642	96.82673	19.52808	-64.27993	0
14326	-1.62734	-87.87636	-78.92599	48.00653	58.58424	-86.24902	104.14976	210.74053	265.25642	83.80801	21.96909	-64.27993	0
14327	-4.06835	-69.16195	-75.67131	43.93818	58.58424	-70.78929	105.7771	218.06356	269.32477	75.67131	26.03744	-65.0936	0
14328	-0.81367	-59.39791	-77.29865	38.24249	59.39791	-63.46626	111.47279	227.01393	273.39312	78.92599	29.29212	-65.0936	0
14329	-5.69569	-62.65259	-72.41663	34.98781	48.00653	-61.83892	121.23683	236.77797	272.57945	90.31737	34.98781	-60.21158	0
14330	-19.52808	-66.72094	-61.02525	30.10579	26.85111	-56.9569	132.62821	249.79669	270.95211	103.33609	39.86983	-52.88855	0
14331	-26.85111	-64.27993	-52.07488	22.78276	9.76404	-47.19286	143.20592	264.44275	272.57945	113.9138	43.93818	-42.31084	0
14332	-20.34175	-60.21158	-45.56552	17.08707	4.06835	-36.61515	150.52895	275.02046	281.52982	122.0505	48.8202	-29.29212	0
14333	-8.1367	-52.88855	-43.12451	13.83239	9.76404	-32.5468	151.34262	279.90248	290.48019	125.30518	54.51589	-20.34175	0
14334	1.62734	-47.19286	-46.37919	13.01872	19.52808	-34.98781	144.83326	281.52982	292.10753	123.67784	58.58424	-17.90074	0
14335	6.50936	-44.75185	-53.70222	15.45973	28.47845	-43.93818	134.25555	281.52982	290.48019	119.60949	61.83892	-17.90074	0
14336	5.69569	-43.93818	-60.21158	21.96909	33.36047	-53.70222	123.67784	279.90248	288.85285	116.35481	63.46626	-20.34175	0
14337	2.44101	-46.37919	-61.02525	30.10579	31.73313	-58.58424	116.35481	277.46147	290.48019	117.16848	64.27993	-25.22377	0
14338	-1.62734	-49.63387	-51.26121	37.42882	21.15542	-54.51589	112.28646	278.27514	296.17588	119.60949	64.27993	-27.66478	0
14339	-8.1367	-48.00653	-39.86983	39.05616	9.76404	-45.56552	114.72747	284.7845	306.75359	123.67784	65.0936	-26.03744	0
14340	-7.32303	-38.24249	-33.36047	30.91946	4.06835	-33.36047	122.86417	298.61689	318.14497	126.11885	65.0936	-22.78276	0
14341	5.69569	-22.78276	-31.73313	16.2734	11.39138	-21.96909	133.44188	314.07662	324.65433	126.11885	61.83892	-22.78276	0
14342	32.5468	-6.50936	-33.36047	-0.81367	27.66478	-13.01872	139.95124	326.28167	326.28167	124.49151	60.21158	-25.22377	0
14343	52.88855	8.1367	-32.5468	-17.08707	39.05616	-4.88202	143.20592	330.35002	323.02699	123.67784	61.83892	-25.22377	0
14344	58.58424	22.78276	-26.85111	-30.91946	38.24249	4.06835	144.83326	327.90901	315.70396	120.42316	63.46626	-21.96909	0
14345	51.26121	31.73313	-15.45973	-35.80148	29.29212	15.45973	143.20592	322.21332	309.1946	117.98215	65.0936	-17.90074	0
14346	32.5468	31.73313	-4.06835	-32.5468	15.45973	21.96909	138.3239	317.3313	308.38093	119.60949	69.97562	-15.45973	0
14347	9.76404	30.91946	4.06835	-27.66478	0.81367	21.96909	131.81454	318.14497	314.89029	127.74619	77.29865	-14.64606	0
14348	-3.25468	30.91946	10.57771	-22.78276	-7.32303	19.52808	127.74619	324.65433	323.02699	135.88289	84.62168	-12.20505	0
14349	-4.88202	30.91946	15.45973	-20.34175	-10.57771	20.34175	126.11885	336.04571	329.53635	139.95124	87.06269	-8.95037	0
14350	0	34.17414	21.96909	-20.34175	-10.57771	25.22377	126.93252	347.43709	336.85938	138.3239	83.80801	-7.32303	0
14351	6.50936	43.12451	29.29212	-21.96909	-10.57771	33.36047	131.00087	355.57379	346.62342	136.69656	77.29865	-8.1367	0
14352	8.1367	54.51589	43.12451	-25.22377	-16.2734	45.56552	135.88289	360.45581	352.31911	136.69656	74.04397	-8.95037	0
14353	4.88202	65.90727	64.27993	-31.73313	-28.47845	64.27993	139.13757	363.71049	351.50544	139.13757	78.11232	-4.06835	0
14354	2.44101	78.11232	83.80801	-42.31084	-37.42882	85.43535	141.57858	368.59251	344.99608	142.39225	87.06269	5.69569	0
14355	0.81367	92.75838	96.01306	-52.88855	-38.24249	104.14976	139.95124	374.2882	329.53635	138.3239	91.94471	13.01872	0
14356	5.69569	109.03178	104.14976	-65.90727	-38.24249	117.16848	135.06922	379.98389	312.44928	127.74619	93.57205	18.71441	0
14357	19.52808	120.42316	109.03178	-80.55333	-40.6835	123.67784	131.81454	388.93426	302.68524	118.79582	96.82673	28.47845	0
14358	32.5468	130.1872	110.65912	-91.13104	-40.6835	126.93252	132.62821	404.39399	306.75359	119.60949	104.14976	39.05616	0
14359	41.49717	139.95124	109.84545	-98.45407	-37.42882	128.55986	135.06922	423.92207	320.58598	127.74619	113.9138	45.56552	0
14360	45.56552	145.64693	109.84545	-100.08141	-35.80148	129.37353	135.88289	435.31345	330.35002	134.25555	118.79582	48.00653	0
14361	43.12451	152.15629	111.47279	-101.70875	-39.05616	131.81454	134.25555	435.31345	331.16369	135.06922	117.98215	51.26121	0
14362	39.05616	165.17501	113.10013	-104.96343	-46.37919	135.06922	133.44188	431.2451	326.28167	131.81454	117.98215	57.77057	0
14363	33.36047	179.0074	121.23683	-109.03178	-55.32956	139.13757	133.44188	429.61776	321.39965	128.55986	121.23683	62.65259	0
14364	29.29212	192.02612	138.3239	-118.79582	-64.27993	148.08794	130.1872	428.80409	312.44928	126.93252	125.30518	64.27993	0
14365	27.66478	201.79016	156.22464	-126.11885	-70.78929	161.92033	122.0505	423.92207	296.98955	126.93252	131.00087	67.53461	0
14366	26.85111	206.67218	169.24336	-126.11885	-74.85764	175.75272	113.10013	416.59904	279.90248	127.74619	135.88289	70.78929	0
14367	25.22377	205.85851	175.75272	-121.23683	-75.67131	184.70309	103.33609	412.53069	263.62908	126.11885	137.51023	71.60296	0
14368	24.4101	205.04484	178.19373	-117.16848	-75.67131	189.58511	96.01306	411.71702	248.98302	123.67784	136.69656	73.2303	0
14369	26.03744	210.74053	183.07575	-118.79582	-76.48498	197.72181	92.75838	408.46234	239.21898	117.98215	134.25555	76.48498	0
14370	26.85111	226.20026	193.65346	-126.11885	-79.73966	210.74053	91.13104	401.13931	231.08228	110.65912	130.1872	81.367	0
14371	27.66478	250.61036	209.92686	-136.69656	-84.62168	233.52329	90.31737	393.00261	222.94558	103.33609	129.37353	91.13104	0
14372	26.85111	276.6478	225.38659	-148.90161	-90.31737	259.56073	89.5037	388.93426	213.18154	94.38572	131.81454	104.14976	0
14373	23.59643	296.17588	240.03265	-161.10666	-96.82673	279.08881	85.43535	384.86591	198.53548	83.80801	135.06922	113.9138	0
14374	22.78276	310.82194	254.67871	-170.05703	-103.33609	291.29386	74.85764	378.35655	179.0074	74.04397	138.3239	117.98215	0
14375	24.4101	320.58598	267.69743	-176.56639	-109.84545	300.24423	62.65259	367.77884	157.85198	65.90727	141.57858	119.60949	0
14376	24.4101	328.72268	284.7845	-179.82107	-122.0505	310.00827	55.32956	356.38746	136.69656	62.65259	148.08794	124.49151	0
14377	22.78276	339.30039	306.75359	-182.26208	-137.51023	325.468	51.26121	350.69177	124.49151	63.46626	157.85198	137.51023	0
14378	23.59643	353.13278	323.84066	-187.95777	-148.08794	340.11406	52.88855	350.69177	118.79582	65.0936	165.98868	149.71528	0
14379	28.47845	362.89682	331.97736	-194.46713	-152.15629	349.06443	56.9569	349.8781	114.72747	61.83892	168.42969	153.78363	0
14380	33.36047	368.59251	331.16369	-200.97649	-148.90161	350.69177	59.39791	346.62342	110.65912	53.70222	164.36134	152.15629	0
14381	38.24249	371.84719	325.468	-207.48585	-144.01959	349.06443	59.39791	340.92773	99.26774	47.19286	154.5973	152.96996	0
14382	43.93818	375.10187	324.65433	-212.36787	-144.83326	348.25076	58.58424	335.23204	78.92599	43.93818	146.4606	160.29299	0
14383	47.19286	382.4249	330.35002	-215.62255	-150.52895	357.20113	56.9569	326.28167	52.07488	38.24249	145.64693	166.80235	0
14384	45.56552	396.25729	342.55507	-219.6909	-161.10666	375.10187	50.44754	305.12625	20.34175	26.85111	148.90161	170.05703	0
14385	39.86983	414.9717	360.45581	-230.26861	-173.31171	395.44362	39.86983	275.02046	-13.01872	8.1367	150.52895	169.24336	0
14386	34.17414	431.2451	380.79756	-243.28733	-182.26208	410.90335	26.03744	243.28733	-43.12451	-13.83239	148.90161	163.54767	0
14387	28.47845	438.56813	393.00261	-247.35568	-187.95777	417.41271	10.57771	214.80888	-67.53461	-31.73313	144.83326	157.85198	0
14388	24.4101	432.05877	404.39399	-235.15063	-196.90814	419.04005	0	191.21245	-82.99434	-40.6835	142.39225	155.41097	0
14389	20.34175	417.41271	419.04005	-211.5542	-213.99521	417.41271	-6.50936	175.75272	-92.75838	-44.75185	140.76491	156.22464	0
14390	17.08707	403.58032	427.99042	-196.90814	-223.75925	414.15803	-8.95037	163.54767	-102.52242	-50.44754	139.13757	159.47932	0
14391	20.34175	393.81628	424.73574	-201.79016	-216.43622	412.53069	-8.1367	148.08794	-117.16848	-54.51589	134.25555	165.98868	0
14392	30.91946	390.5616	410.90335	-215.62255	-198.53548	409.27601	-8.1367	127.74619	-139.13757	-57.77057	128.55986	174.93905	0
14393	39.86983	394.62995	394.62995	-225.38659	-181.44841	403.58032	-8.95037	100.08141	-167.61602	-65.90727	124.49151	178.19373	0
14394	39.05616	399.51197	385.67958	-227.01393	-174.12538	398.6983	-14.64606	66.72094	-200.97649	-79.73966	121.23683	174.93905	0
14395	29.29212	397.88463	384.86591	-219.6909	-175.75272	397.07096	-25.22377	30.10579	-237.59164	-97.6404	115.54114	166.80235	0
14396	19.52808	394.62995	386.49325	-211.5542	-179.0074	397.07096	-34.98781	0	-265.25642	-110.65912	108.21811	154.5973	0
14397	17.90074	395.44362	384.86591	-208.29952	-177.38006	393.00261	-41.49717	-16.2734	-275.83413	-116.35481	101.70875	142.39225	0
14398	20.34175	392.18894	375.10187	-205.04484	-172.49804	382.4249	-47.19286	-23.59643	-276.6478	-118.79582	96.82673	135.06922	0
14399	24.4101	382.4249	358.0148	-201.79016	-163.54767	367.77884	-52.07488	-30.10579	-276.6478	-122.0505	91.13104	131.81454	0
14400	18.71441	363.71049	344.18241	-189.58511	-160.29299	351.50544	-53.70222	-37.42882	-272.57945	-125.30518	86.24902	131.81454	0
14401	0	340.11406	338.48672	-168.42969	-168.42969	336.85938	-51.26121	-44.75185	-266.07009	-128.55986	79.73966	130.1872	0
14402	-20.34175	314.07662	333.6047	-145.64693	-175.75272	320.58598	-50.44754	-56.14323	-263.62908	-135.88289	69.16195	118.79582	0
14403	-34.17414	291.29386	321.39965	-125.30518	-177.38006	301.0579	-52.88855	-72.41663	-266.07009	-145.64693	56.14323	104.14976	0
14404	-39.05616	279.90248	305.93992	-110.65912	-172.49804	283.97083	-52.88855	-82.99434	-266.88376	-148.08794	46.37919	93.57205	0
14405	-28.47845	275.02046	290.48019	-102.52242	-160.29299	274.20679	-44.75185	-78.11232	-255.49238	-138.3239	48.00653	91.94471	0
14406	-8.95037	263.62908	276.6478	-100.08141	-141.57858	267.69743	-30.91946	-64.27993	-236.77797	-118.79582	54.51589	98.45407	0
14407	4.88202	246.54201	263.62908	-99.26774	-122.86417	255.49238	-21.96909	-55.32956	-220.50457	-100.89508	54.51589	103.33609	0
14408	7.32303	229.45494	248.98302	-99.26774	-112.28646	240.03265	-19.52808	-54.51589	-206.67218	-89.5037	46.37919	98.45407	0
14409	0	213.99521	229.45494	-96.01306	-110.65912	224.57292	-17.90074	-59.39791	-193.65346	-83.80801	38.24249	86.24902	0
14410	-11.39138	194.46713	211.5542	-86.24902	-111.47279	207.48585	-15.45973	-69.16195	-184.70309	-81.367	29.29212	69.97562	0
14411	-22.78276	170.8707	192.02612	-72.41663	-108.21811	183.88942	-12.20505	-84.62168	-184.70309	-86.24902	16.2734	50.44754	0
14412	-30.10579	140.76491	169.24336	-61.02525	-100.08141	155.41097	-13.01872	-100.08141	-195.2808	-99.26774	0	24.4101	0
14413	-34.17414	111.47279	144.01959	-55.32956	-89.5037	126.93252	-20.34175	-107.40444	-204.23117	-109.03178	-10.57771	4.06835	0
14414	-26.85111	94.38572	122.0505	-56.14323	-74.85764	107.40444	-26.85111	-103.33609	-201.79016	-105.7771	-12.20505	-1.62734	0
14415	-10.57771	92.75838	104.96343	-60.21158	-59.39791	99.26774	-27.66478	-91.94471	-185.51676	-92.75838	-4.88202	0.81367	0
14416	2.44101	95.19939	96.01306	-63.46626	-48.00653	96.01306	-23.59643	-78.92599	-161.10666	-76.48498	5.69569	6.50936	0
14417	14.64606	96.01306	89.5037	-65.0936	-41.49717	95.19939	-18.71441	-68.34828	-133.44188	-64.27993	17.08707	8.1367	0
14418	23.59643	96.01306	81.367	-65.90727	-33.36047	92.75838	-14.64606	-60.21158	-106.59077	-51.26121	23.59643	8.1367	0
14419	26.03744	94.38572	75.67131	-62.65259	-28.47845	89.5037	-10.57771	-53.70222	-84.62168	-38.24249	23.59643	7.32303	0
14420	21.96909	82.99434	69.97562	-51.26121	-27.66478	79.73966	-4.06835	-46.37919	-73.2303	-22.78276	13.83239	-1.62734	0
14421	14.64606	61.02525	60.21158	-31.73313	-28.47845	61.83892	2.44101	-35.80148	-70.78929	-7.32303	-1.62734	-12.20505	0
14422	7.32303	37.42882	46.37919	-13.83239	-28.47845	40.6835	8.95037	-27.66478	-65.0936	0	-8.95037	-12.20505	0
14423	3.25468	21.96909	32.5468	-5.69569	-27.66478	25.22377	13.01872	-22.78276	-49.63387	1.62734	-4.06835	-5.69569	0
14424	2.44101	8.1367	21.96909	0.81367	-26.03744	13.01872	13.01872	-19.52808	-30.10579	2.44101	2.44101	-2.44101	0
14425	1.62734	-5.69569	15.45973	11.39138	-26.85111	4.06835	8.95037	-14.64606	-8.95037	3.25468	8.1367	-2.44101	0
14426	0	-14.64606	11.39138	17.08707	-22.78276	-1.62734	3.25468	-7.32303	9.76404	6.50936	12.20505	-7.32303	0
14427	0	-17.90074	7.32303	17.90074	-13.83239	-6.50936	0	-0.81367	22.78276	12.20505	13.83239	-13.83239	0
14428	-1.62734	-18.71441	2.44101	16.2734	-2.44101	-10.57771	1.62734	1.62734	27.66478	16.2734	13.01872	-19.52808	0
14429	-4.06835	-21.15542	-4.06835	16.2734	7.32303	-14.64606	8.1367	-0.81367	26.03744	16.2734	9.76404	-22.78276	0
14430	-3.25468	-25.22377	-13.83239	15.45973	16.2734	-21.96909	14.64606	-4.06835	26.85111	14.64606	4.06835	-24.4101	0
14431	0	-29.29212	-25.22377	14.64606	22.78276	-30.10579	18.71441	-4.88202	30.10579	10.57771	-1.62734	-27.66478	0
14432	3.25468	-30.10579	-32.5468	12.20505	26.03744	-34.17414	21.15542	-7.32303	31.73313	4.88202	-7.32303	-34.98781	0
14433	9.76404	-25.22377	-39.86983	7.32303	32.5468	-34.98781	19.52808	-9.76404	30.10579	0.81367	-9.76404	-39.86983	0
14434	17.90074	-18.71441	-52.07488	0.81367	44.75185	-36.61515	13.83239	-10.57771	30.10579	1.62734	-8.1367	-39.86983	0
14435	26.85111	-15.45973	-62.65259	-4.06835	55.32956	-39.86983	5.69569	-8.1367	34.17414	8.1367	-4.06835	-35.80148	0
14436	25.22377	-26.03744	-68.34828	0.81367	54.51589	-43.93818	-2.44101	-3.25468	43.93818	17.08707	0	-34.98781	0
14437	9.76404	-49.63387	-69.16195	18.71441	43.12451	-48.8202	-8.95037	0	57.77057	25.22377	2.44101	-36.61515	0
14438	-1.62734	-73.2303	-68.34828	34.17414	30.91946	-56.9569	-10.57771	1.62734	69.97562	30.10579	3.25468	-38.24249	0
14439	-9.76404	-84.62168	-68.34828	40.6835	24.4101	-64.27993	-8.95037	3.25468	78.11232	30.10579	4.06835	-39.86983	0
14440	-14.64606	-85.43535	-67.53461	41.49717	23.59643	-68.34828	-4.06835	8.95037	84.62168	27.66478	1.62734	-39.86983	0
14441	-17.90074	-80.55333	-64.27993	40.6835	24.4101	-69.16195	1.62734	17.90074	90.31737	24.4101	-1.62734	-34.17414	0
14442	-17.90074	-74.04397	-61.02525	39.86983	26.85111	-67.53461	4.88202	22.78276	91.13104	21.96909	-3.25468	-23.59643	0
14443	-18.71441	-65.0936	-56.9569	35.80148	28.47845	-61.02525	5.69569	20.34175	88.69003	21.96909	0	-14.64606	0
14444	-20.34175	-53.70222	-52.07488	27.66478	26.03744	-53.70222	4.88202	10.57771	85.43535	22.78276	2.44101	-11.39138	0
14445	-17.90074	-45.56552	-48.8202	20.34175	19.52808	-47.19286	0.81367	-4.06835	82.99434	21.96909	4.06835	-13.83239	0
14446	-12.20505	-43.12451	-48.00653	17.90074	13.01872	-44.75185	-4.06835	-13.83239	82.99434	19.52808	2.44101	-21.15542	0
14447	-8.95037	-48.00653	-50.44754	23.59643	14.64606	-48.00653	-8.95037	-9.76404	85.43535	20.34175	0	-30.10579	0
14448	-7.32303	-52.88855	-56.14323	26.03744	23.59643	-52.88855	-6.50936	5.69569	90.31737	23.59643	-0.81367	-34.98781	0
14449	-8.1367	-55.32956	-64.27993	25.22377	34.17414	-57.77057	2.44101	27.66478	96.82673	27.66478	-2.44101	-36.61515	0
14450	-10.57771	-56.9569	-70.78929	25.22377	37.42882	-60.21158	17.08707	47.19286	105.7771	33.36047	-3.25468	-34.98781	0
14451	-17.08707	-57.77057	-71.60296	30.10579	33.36047	-56.9569	32.5468	57.77057	117.98215	40.6835	-2.44101	-33.36047	0
14452	-26.03744	-58.58424	-62.65259	37.42882	30.10579	-52.07488	43.12451	61.83892	128.55986	45.56552	0	-30.91946	0
14453	-28.47845	-65.0936	-56.14323	43.93818	29.29212	-54.51589	43.93818	58.58424	131.00087	45.56552	2.44101	-30.91946	0
14454	-29.29212	-72.41663	-56.9569	52.07488	26.03744	-63.46626	37.42882	48.00653	126.11885	39.86983	0	-30.10579	0
14455	-35.80148	-77.29865	-57.77057	62.65259	18.71441	-73.2303	29.29212	38.24249	121.23683	35.80148	0	-28.47845	0
14456	-35.80148	-78.92599	-57.77057	65.90727	15.45973	-78.92599	25.22377	34.98781	122.0505	35.80148	1.62734	-23.59643	0
14457	-17.90074	-75.67131	-60.21158	54.51589	23.59643	-81.367	23.59643	34.98781	124.49151	37.42882	1.62734	-17.90074	0
14458	9.76404	-69.16195	-65.0936	34.98781	33.36047	-84.62168	21.15542	36.61515	125.30518	37.42882	-3.25468	-21.15542	0
14459	29.29212	-65.0936	-73.2303	21.15542	43.12451	-88.69003	17.90074	39.05616	123.67784	33.36047	-12.20505	-32.5468	0
14460	33.36047	-67.53461	-82.99434	17.90074	49.63387	-91.13104	17.90074	43.12451	126.11885	28.47845	-21.96909	-44.75185	0
14461	21.96909	-78.11232	-91.13104	27.66478	49.63387	-90.31737	20.34175	43.93818	131.81454	23.59643	-33.36047	-54.51589	0
14462	-4.06835	-91.13104	-89.5037	47.19286	34.98781	-87.06269	22.78276	41.49717	133.44188	19.52808	-39.86983	-62.65259	0
14463	-34.98781	-103.33609	-77.29865	68.34828	13.83239	-82.99434	22.78276	39.86983	131.00087	17.90074	-41.49717	-66.72094	0
14464	-51.26121	-109.84545	-66.72094	84.62168	1.62734	-80.55333	21.15542	43.12451	129.37353	19.52808	-39.86983	-66.72094	0
14465	-48.8202	-104.96343	-63.46626	87.06269	4.06835	-80.55333	21.15542	51.26121	134.25555	24.4101	-34.17414	-61.83892	0
14466	-42.31084	-96.82673	-66.72094	72.41663	10.57771	-85.43535	22.78276	59.39791	138.3239	30.10579	-28.47845	-52.88855	0
14467	-38.24249	-99.26774	-74.85764	51.26121	17.90074	-94.38572	23.59643	62.65259	140.76491	34.17414	-25.22377	-42.31084	0
14468	-34.17414	-102.52242	-79.73966	39.05616	23.59643	-97.6404	25.22377	70.78929	147.27427	40.6835	-19.52808	-31.73313	0
14469	-26.03744	-94.38572	-78.92599	38.24249	26.85111	-88.69003	31.73313	83.80801	161.10666	52.88855	-9.76404	-21.96909	0
14470	-17.08707	-82.18067	-77.29865	42.31084	29.29212	-76.48498	39.86983	91.94471	171.68437	59.39791	-4.88202	-20.34175	0
14471	-9.76404	-78.11232	-75.67131	47.19286	33.36047	-71.60296	48.00653	91.13104	168.42969	58.58424	-11.39138	-28.47845	0
14472	-4.88202	-79.73966	-74.04397	50.44754	35.80148	-72.41663	53.70222	87.06269	155.41097	56.9569	-19.52808	-39.05616	0
14473	-3.25468	-80.55333	-72.41663	49.63387	35.80148	-74.04397	52.88855	84.62168	139.13757	51.26121	-23.59643	-45.56552	0
14474	-4.88202	-81.367	-72.41663	47.19286	34.98781	-74.85764	48.00653	76.48498	125.30518	42.31084	-26.03744	-47.19286	0
14475	-7.32303	-83.80801	-75.67131	43.93818	34.98781	-78.92599	40.6835	65.90727	120.42316	35.80148	-25.22377	-47.19286	0
14476	-9.76404	-87.06269	-80.55333	43.12451	34.17414	-83.80801	32.5468	57.77057	127.74619	34.98781	-23.59643	-46.37919	0
14477	-13.83239	-96.01306	-85.43535	45.56552	33.36047	-89.5037	27.66478	54.51589	138.3239	36.61515	-24.4101	-49.63387	0
14478	-18.71441	-107.40444	-92.75838	50.44754	34.17414	-98.45407	27.66478	56.14323	148.08794	34.98781	-29.29212	-53.70222	0
14479	-20.34175	-116.35481	-97.6404	55.32956	36.61515	-105.7771	30.91946	62.65259	157.03831	33.36047	-34.98781	-56.14323	0
14480	-19.52808	-117.16848	-97.6404	59.39791	36.61515	-106.59077	35.80148	70.78929	165.17501	32.5468	-40.6835	-57.77057	0
14481	-17.08707	-114.72747	-94.38572	62.65259	36.61515	-104.96343	39.86983	77.29865	162.734	33.36047	-49.63387	-62.65259	0
14482	-13.83239	-110.65912	-90.31737	62.65259	36.61515	-102.52242	42.31084	81.367	148.90161	33.36047	-60.21158	-72.41663	0
14483	-11.39138	-107.40444	-84.62168	61.02525	35.80148	-99.26774	40.6835	78.11232	129.37353	27.66478	-65.90727	-77.29865	0
14484	-13.01872	-104.96343	-76.48498	59.39791	34.17414	-96.01306	37.42882	69.97562	111.47279	17.08707	-65.90727	-74.85764	0
14485	-15.45973	-96.82673	-65.90727	54.51589	32.5468	-87.87636	33.36047	58.58424	105.7771	13.01872	-56.9569	-67.53461	0
14486	-15.45973	-84.62168	-58.58424	47.19286	30.10579	-76.48498	30.10579	50.44754	111.47279	14.64606	-38.24249	-58.58424	0
14487	-10.57771	-76.48498	-58.58424	40.6835	31.73313	-69.97562	31.73313	51.26121	119.60949	15.45973	-19.52808	-54.51589	0
14488	-0.81367	-74.04397	-68.34828	35.80148	38.24249	-69.97562	35.80148	57.77057	130.1872	17.90074	-9.76404	-54.51589	0
14489	6.50936	-76.48498	-81.367	34.17414	46.37919	-76.48498	38.24249	62.65259	141.57858	23.59643	-11.39138	-55.32956	0
14490	11.39138	-81.367	-94.38572	34.98781	53.70222	-86.24902	38.24249	65.90727	147.27427	26.85111	-21.96909	-57.77057	0
14491	13.83239	-85.43535	-103.33609	36.61515	57.77057	-93.57205	36.61515	68.34828	145.64693	27.66478	-36.61515	-63.46626	0
14492	13.01872	-87.87636	-104.96343	40.6835	56.9569	-96.01306	34.98781	68.34828	142.39225	28.47845	-48.8202	-70.78929	0
14493	8.1367	-95.19939	-99.26774	49.63387	52.07488	-96.01306	32.5468	61.83892	139.13757	26.85111	-53.70222	-74.85764	0
14494	0	-101.70875	-90.31737	57.77057	43.93818	-94.38572	28.47845	50.44754	135.06922	21.96909	-54.51589	-76.48498	0
14495	-10.57771	-103.33609	-81.367	61.02525	34.98781	-91.13104	27.66478	43.12451	129.37353	19.52808	-49.63387	-74.85764	0
14496	-15.45973	-100.08141	-76.48498	59.39791	30.10579	-87.87636	30.10579	44.75185	122.0505	21.15542	-41.49717	-72.41663	0
14497	-13.83239	-93.57205	-77.29865	55.32956	31.73313	-84.62168	33.36047	52.88855	120.42316	26.85111	-32.5468	-73.2303	0
14498	-10.57771	-87.87636	-83.80801	52.88855	35.80148	-83.80801	37.42882	58.58424	125.30518	30.91946	-27.66478	-74.04397	0
14499	-8.1367	-89.5037	-92.75838	52.88855	40.6835	-87.87636	40.6835	59.39791	131.00087	30.10579	-30.91946	-74.04397	0
14500	-4.88202	-96.01306	-98.45407	55.32956	43.93818	-94.38572	43.12451	58.58424	135.06922	26.85111	-41.49717	-74.04397	0
14501	-3.25468	-102.52242	-98.45407	58.58424	43.12451	-99.26774	41.49717	59.39791	131.81454	20.34175	-53.70222	-69.97562	0
14502	-2.44101	-101.70875	-92.75838	57.77057	39.05616	-97.6404	34.17414	56.14323	123.67784	14.64606	-61.83892	-58.58424	0
14503	-1.62734	-88.69003	-82.99434	52.88855	35.80148	-87.06269	30.10579	53.70222	117.98215	16.2734	-59.39791	-48.00653	0
14504	-5.69569	-70.78929	-72.41663	48.8202	33.36047	-72.41663	31.73313	58.58424	121.23683	26.85111	-45.56552	-39.86983	0
14505	-14.64606	-64.27993	-64.27993	50.44754	29.29212	-64.27993	34.98781	65.0936	126.11885	39.05616	-28.47845	-34.17414	0
14506	-23.59643	-72.41663	-61.83892	56.14323	23.59643	-67.53461	34.98781	69.16195	128.55986	49.63387	-12.20505	-33.36047	0
14507	-31.73313	-87.06269	-64.27993	64.27993	20.34175	-74.85764	31.73313	71.60296	131.81454	55.32956	0	-36.61515	0
14508	-37.42882	-101.70875	-69.16195	72.41663	18.71441	-84.62168	28.47845	74.04397	137.51023	55.32956	4.06835	-39.86983	0
14509	-38.24249	-112.28646	-77.29865	77.29865	20.34175	-93.57205	26.03744	74.04397	140.76491	48.00653	-1.62734	-42.31084	0
14510	-32.5468	-115.54114	-87.06269	74.04397	25.22377	-98.45407	25.22377	65.90727	135.88289	36.61515	-21.15542	-48.00653	0
14511	-21.15542	-109.84545	-93.57205	65.0936	33.36047	-99.26774	28.47845	53.70222	124.49151	21.96909	-45.56552	-57.77057	0
14512	-11.39138	-100.08141	-96.01306	56.9569	39.05616	-98.45407	31.73313	43.12451	112.28646	8.1367	-62.65259	-67.53461	0
14513	-7.32303	-95.19939	-91.94471	53.70222	40.6835	-98.45407	31.73313	33.36047	99.26774	0.81367	-66.72094	-73.2303	0
14514	-2.44101	-100.89508	-87.06269	48.00653	41.49717	-99.26774	28.47845	23.59643	87.06269	3.25468	-59.39791	-74.04397	0
14515	4.06835	-108.21811	-85.43535	38.24249	45.56552	-97.6404	25.22377	18.71441	85.43535	14.64606	-42.31084	-70.78929	0
14516	7.32303	-107.40444	-87.87636	34.17414	48.00653	-96.82673	23.59643	20.34175	96.01306	30.10579	-23.59643	-66.72094	0
14517	6.50936	-100.08141	-93.57205	31.73313	49.63387	-97.6404	23.59643	23.59643	110.65912	41.49717	-11.39138	-65.90727	0
14518	8.95037	-89.5037	-99.26774	29.29212	51.26121	-97.6404	26.85111	22.78276	122.0505	45.56552	-11.39138	-65.90727	0
14519	13.01872	-82.99434	-102.52242	29.29212	52.88855	-96.01306	30.91946	21.15542	126.11885	42.31084	-21.96909	-65.90727	0
14520	17.08707	-79.73966	-103.33609	28.47845	56.14323	-94.38572	33.36047	21.96909	125.30518	34.98781	-34.98781	-66.72094	0
14521	18.71441	-79.73966	-103.33609	30.10579	58.58424	-94.38572	32.5468	26.03744	120.42316	28.47845	-47.19286	-68.34828	0
14522	15.45973	-83.80801	-101.70875	34.17414	57.77057	-94.38572	30.10579	27.66478	111.47279	24.4101	-52.07488	-71.60296	0
14523	12.20505	-83.80801	-95.19939	36.61515	53.70222	-90.31737	25.22377	20.34175	96.82673	19.52808	-49.63387	-73.2303	0
14524	8.95037	-78.11232	-83.80801	34.17414	46.37919	-80.55333	19.52808	9.76404	80.55333	13.83239	-42.31084	-72.41663	0
14525	8.95037	-68.34828	-74.04397	27.66478	40.6835	-69.97562	16.2734	6.50936	71.60296	13.83239	-30.10579	-69.16195	0
14526	10.57771	-60.21158	-68.34828	21.96909	39.05616	-62.65259	17.08707	14.64606	72.41663	21.96909	-15.45973	-66.72094	0
14527	0.81367	-62.65259	-62.65259	29.29212	31.73313	-61.02525	20.34175	25.22377	77.29865	34.17414	-3.25468	-65.0936	0
14528	-17.90074	-74.85764	-56.14323	46.37919	18.71441	-65.0936	24.4101	30.10579	82.99434	43.12451	0	-62.65259	0
14529	-31.73313	-87.87636	-53.70222	60.21158	12.20505	-74.85764	26.85111	25.22377	87.87636	43.93818	-8.1367	-61.02525	0
14530	-34.17414	-96.82673	-55.32956	65.90727	9.76404	-84.62168	29.29212	18.71441	94.38572	41.49717	-22.78276	-61.02525	0
14531	-30.10579	-98.45407	-57.77057	65.90727	4.06835	-87.87636	30.91946	13.83239	101.70875	37.42882	-37.42882	-57.77057	0
14532	-27.66478	-92.75838	-56.9569	62.65259	1.62734	-81.367	30.10579	11.39138	104.96343	31.73313	-47.19286	-49.63387	0
14533	-29.29212	-79.73966	-50.44754	56.9569	3.25468	-66.72094	27.66478	13.01872	104.96343	27.66478	-48.8202	-43.93818	0
14534	-26.85111	-61.83892	-38.24249	43.93818	4.88202	-48.8202	30.10579	22.78276	107.40444	33.36047	-34.98781	-39.86983	0
14535	-16.2734	-45.56552	-26.85111	26.03744	7.32303	-34.17414	41.49717	34.17414	109.84545	47.19286	-8.1367	-28.47845	0
14536	-4.88202	-34.98781	-25.22377	13.01872	13.01872	-27.66478	57.77057	39.86983	107.40444	65.90727	21.96909	-17.90074	0
14537	5.69569	-28.47845	-35.80148	8.1367	23.59643	-31.73313	71.60296	44.75185	104.96343	80.55333	43.12451	-13.83239	0
14538	18.71441	-28.47845	-52.88855	6.50936	37.42882	-42.31084	77.29865	46.37919	102.52242	83.80801	45.56552	-15.45973	0
14539	30.10579	-34.98781	-65.90727	7.32303	46.37919	-52.88855	73.2303	39.86983	100.89508	77.29865	30.10579	-21.96909	0
14540	33.36047	-44.75185	-72.41663	16.2734	48.8202	-57.77057	61.83892	30.91946	101.70875	65.0936	1.62734	-32.5468	0
14541	26.85111	-51.26121	-72.41663	21.96909	50.44754	-56.9569	48.00653	23.59643	105.7771	52.88855	-27.66478	-45.56552	0
14542	18.71441	-47.19286	-65.90727	18.71441	47.19286	-52.07488	38.24249	17.08707	109.03178	45.56552	-48.8202	-58.58424	0
14543	13.83239	-32.5468	-60.21158	13.01872	37.42882	-40.6835	33.36047	13.01872	105.7771	38.24249	-56.14323	-66.72094	0
14544	10.57771	-13.83239	-54.51589	8.1367	28.47845	-23.59643	31.73313	12.20505	95.19939	32.5468	-51.26121	-69.97562	0
14545	8.1367	3.25468	-37.42882	6.50936	14.64606	-8.95037	38.24249	20.34175	86.24902	36.61515	-30.91946	-64.27993	0
14546	8.1367	14.64606	-12.20505	8.1367	-1.62734	3.25468	53.70222	39.86983	83.80801	48.00653	0	-53.70222	0
14547	13.83239	22.78276	6.50936	2.44101	-10.57771	13.83239	65.90727	64.27993	87.06269	57.77057	30.91946	-44.75185	0
14548	20.34175	30.10579	13.83239	-8.1367	-7.32303	20.34175	67.53461	78.11232	97.6404	68.34828	47.19286	-35.80148	0
14549	24.4101	31.73313	13.01872	-17.90074	-0.81367	21.15542	55.32956	70.78929	107.40444	75.67131	42.31084	-30.91946	0
14550	24.4101	28.47845	12.20505	-21.96909	0.81367	18.71441	32.5468	41.49717	104.96343	74.85764	19.52808	-32.5468	0
14551	20.34175	26.03744	13.83239	-23.59643	-4.06835	18.71441	4.88202	0	90.31737	65.0936	-8.1367	-32.5468	0
14552	13.01872	30.91946	17.08707	-24.4101	-15.45973	21.15542	-18.71441	-33.36047	74.85764	56.14323	-27.66478	-25.22377	0
14553	13.83239	42.31084	20.34175	-26.85111	-18.71441	29.29212	-33.36047	-48.00653	69.16195	55.32956	-26.85111	-13.83239	0
14554	25.22377	57.77057	22.78276	-30.91946	-10.57771	38.24249	-36.61515	-45.56552	74.04397	65.0936	-7.32303	-2.44101	0
14555	36.61515	65.0936	19.52808	-34.98781	0.81367	45.56552	-34.98781	-35.80148	84.62168	78.11232	20.34175	4.88202	0
14556	39.05616	58.58424	13.01872	-35.80148	8.95037	49.63387	-34.98781	-25.22377	96.01306	87.06269	43.93818	4.88202	0
14557	35.80148	49.63387	13.01872	-31.73313	8.1367	50.44754	-34.17414	-15.45973	105.7771	91.94471	59.39791	0.81367	0
14558	29.29212	42.31084	21.15542	-24.4101	0	48.8202	-30.91946	-9.76404	115.54114	95.19939	63.46626	-1.62734	0
14559	24.4101	35.80148	26.03744	-20.34175	-3.25468	42.31084	-24.4101	-8.1367	122.86417	93.57205	54.51589	-4.88202	0
14560	21.15542	29.29212	23.59643	-20.34175	-1.62734	33.36047	-21.96909	-12.20505	121.23683	84.62168	30.10579	-12.20505	0
14561	21.96909	26.03744	17.08707	-22.78276	4.06835	25.22377	-26.85111	-21.96909	107.40444	70.78929	-0.81367	-26.85111	0
14562	25.22377	26.85111	10.57771	-26.03744	9.76404	19.52808	-32.5468	-30.91946	88.69003	61.02525	-24.4101	-39.86983	0
14563	26.03744	26.85111	7.32303	-31.73313	11.39138	16.2734	-36.61515	-36.61515	71.60296	56.14323	-28.47845	-43.12451	0
14564	23.59643	19.52808	0	-37.42882	13.01872	8.95037	-39.86983	-40.6835	57.77057	52.07488	-20.34175	-40.6835	0
14565	21.96909	8.1367	-13.01872	-35.80148	17.08707	-0.81367	-40.6835	-39.86983	52.88855	52.88855	-1.62734	-35.80148	0
14566	18.71441	-2.44101	-26.03744	-26.03744	19.52808	-10.57771	-34.17414	-34.98781	58.58424	62.65259	21.96909	-24.4101	0
14567	14.64606	-11.39138	-34.17414	-12.20505	23.59643	-20.34175	-22.78276	-30.10579	69.16195	71.60296	41.49717	-9.76404	0
14568	10.57771	-21.96909	-40.6835	0	30.91946	-31.73313	-9.76404	-22.78276	82.99434	74.04397	46.37919	0	0
14569	8.95037	-38.24249	-48.8202	13.01872	39.86983	-46.37919	0	-15.45973	95.19939	67.53461	35.80148	-0.81367	0
14570	13.83239	-56.14323	-58.58424	21.96909	51.26121	-65.90727	3.25468	-13.83239	96.82673	55.32956	13.01872	-9.76404	0
14571	19.52808	-72.41663	-69.97562	27.66478	61.83892	-84.62168	-0.81367	-16.2734	87.06269	42.31084	-13.83239	-24.4101	0
14572	13.01872	-85.43535	-82.99434	37.42882	58.58424	-93.57205	-8.1367	-22.78276	72.41663	33.36047	-38.24249	-42.31084	0
14573	-2.44101	-98.45407	-93.57205	51.26121	45.56552	-96.82673	-14.64606	-29.29212	59.39791	23.59643	-51.26121	-58.58424	0
14574	-17.90074	-107.40444	-96.82673	62.65259	33.36047	-97.6404	-13.83239	-30.91946	53.70222	17.08707	-46.37919	-64.27993	0
14575	-26.85111	-113.10013	-95.19939	68.34828	26.85111	-98.45407	-8.95037	-29.29212	56.9569	17.08707	-26.03744	-60.21158	0
14576	-28.47845	-114.72747	-93.57205	69.16195	26.85111	-99.26774	-3.25468	-30.91946	64.27993	24.4101	-0.81367	-56.14323	0
14577	-21.96909	-114.72747	-97.6404	67.53461	30.91946	-103.33609	3.25468	-29.29212	65.90727	31.73313	15.45973	-56.9569	0
14578	-9.76404	-117.98215	-110.65912	62.65259	39.05616	-111.47279	9.76404	-26.03744	59.39791	30.10579	13.83239	-61.02525	0
14579	3.25468	-123.67784	-122.0505	56.14323	49.63387	-117.98215	14.64606	-25.22377	47.19286	21.15542	-7.32303	-67.53461	0
14580	8.95037	-130.1872	-126.93252	52.07488	56.14323	-118.79582	15.45973	-24.4101	34.98781	6.50936	-41.49717	-75.67131	0
14581	3.25468	-133.44188	-126.93252	56.14323	54.51589	-117.16848	13.01872	-26.03744	29.29212	-9.76404	-77.29865	-85.43535	0
14582	-12.20505	-137.51023	-121.23683	67.53461	45.56552	-117.98215	8.95037	-29.29212	25.22377	-23.59643	-103.33609	-96.82673	0
14583	-31.73313	-144.01959	-116.35481	82.18067	36.61515	-125.30518	5.69569	-36.61515	21.96909	-31.73313	-113.10013	-105.7771	0
14584	-52.88855	-148.90161	-114.72747	93.57205	27.66478	-137.51023	4.88202	-44.75185	24.4101	-30.91946	-103.33609	-106.59077	0
14585	-67.53461	-152.15629	-110.65912	100.89508	19.52808	-142.39225	9.76404	-41.49717	35.80148	-20.34175	-74.85764	-96.82673	0
14586	-69.16195	-152.15629	-104.14976	103.33609	16.2734	-138.3239	21.15542	-25.22377	54.51589	-7.32303	-37.42882	-78.92599	0
14587	-62.65259	-149.71528	-100.89508	101.70875	19.52808	-132.62821	34.98781	-4.88202	74.04397	1.62734	-4.06835	-55.32956	0
14588	-53.70222	-149.71528	-103.33609	100.08141	26.03744	-131.00087	44.75185	9.76404	86.24902	10.57771	11.39138	-38.24249	0
14589	-44.75185	-150.52895	-111.47279	96.82673	34.17414	-132.62821	44.75185	13.01872	86.24902	13.01872	3.25468	-38.24249	0
14590	-37.42882	-145.64693	-122.0505	88.69003	43.12451	-135.06922	34.98781	5.69569	78.11232	5.69569	-27.66478	-53.70222	0
14591	-30.91946	-138.3239	-129.37353	76.48498	49.63387	-136.69656	21.96909	-3.25468	71.60296	-5.69569	-65.90727	-70.78929	0
14592	-22.78276	-131.81454	-124.49151	65.0936	51.26121	-130.1872	13.83239	-9.76404	66.72094	-12.20505	-91.94471	-78.92599	0
14593	-15.45973	-124.49151	-109.03178	60.21158	43.93818	-115.54114	13.01872	-12.20505	61.02525	-8.95037	-96.01306	-78.92599	0
14594	-13.83239	-121.23683	-91.94471	65.0936	31.73313	-104.96343	12.20505	-15.45973	58.58424	1.62734	-80.55333	-76.48498	0
14595	-20.34175	-129.37353	-87.87636	76.48498	23.59643	-106.59077	8.95037	-21.96909	59.39791	15.45973	-54.51589	-74.85764	0
14596	-29.29212	-142.39225	-94.38572	88.69003	24.4101	-117.16848	4.88202	-29.29212	65.90727	28.47845	-25.22377	-77.29865	0
14597	-38.24249	-155.41097	-105.7771	100.08141	27.66478	-131.00087	5.69569	-30.10579	78.92599	39.86983	-0.81367	-79.73966	0
14598	-44.75185	-167.61602	-123.67784	107.40444	36.61515	-146.4606	13.01872	-20.34175	87.87636	43.12451	6.50936	-78.92599	0
14599	-45.56552	-179.0074	-146.4606	109.84545	52.07488	-164.36134	22.78276	-8.95037	87.87636	34.17414	-6.50936	-78.11232	0
14600	-43.93818	-189.58511	-165.98868	109.84545	63.46626	-179.0074	31.73313	-2.44101	80.55333	21.15542	-34.98781	-80.55333	0
14601	-40.6835	-194.46713	-175.75272	105.7771	65.0936	-186.33043	40.6835	-3.25468	69.16195	12.20505	-67.53461	-83.80801	0
14602	-36.61515	-192.83979	-173.31171	102.52242	59.39791	-184.70309	47.19286	-15.45973	52.07488	4.06835	-95.19939	-93.57205	0
14603	-35.80148	-189.58511	-162.734	103.33609	49.63387	-177.38006	48.8202	-39.05616	26.85111	-6.50936	-110.65912	-104.96343	0
14604	-43.12451	-187.1441	-146.4606	109.84545	36.61515	-167.61602	42.31084	-69.97562	-5.69569	-17.90074	-108.21811	-110.65912	0
14605	-56.9569	-179.82107	-126.93252	111.47279	26.03744	-153.78363	30.91946	-108.21811	-48.00653	-26.85111	-87.06269	-105.7771	0
14606	-65.0936	-157.85198	-105.7771	101.70875	21.15542	-131.81454	13.01872	-162.734	-109.03178	-34.98781	-53.70222	-87.06269	0
14607	-60.21158	-124.49151	-78.11232	83.80801	13.01872	-100.89508	-13.01872	-243.28733	-196.90814	-48.8202	-21.96909	-56.9569	0
14608	-45.56552	-82.99434	-40.6835	62.65259	0	-61.83892	-48.00653	-346.62342	-314.89029	-76.48498	-2.44101	-22.78276	0
14609	-26.85111	-28.47845	3.25468	31.73313	-13.83239	-11.39138	-87.06269	-459.72355	-457.28254	-113.10013	4.06835	14.64606	0
14610	-9.76404	36.61515	54.51589	-7.32303	-25.22377	44.75185	-131.00087	-579.33304	-615.94819	-153.78363	24.4101	58.58424	0
14611	9.76404	105.7771	102.52242	-52.88855	-34.98781	103.33609	-182.26208	-708.70657	-779.49586	-192.02612	66.72094	102.52242	0
14612	34.98781	182.26208	144.01959	-109.84545	-40.6835	161.92033	-231.08228	-842.96212	-929.21114	-217.24989	109.03178	150.52895	0
14613	51.26121	271.76578	196.90814	-173.31171	-52.88855	232.70962	-269.32477	-978.84501	-1063.46669	-218.87723	159.47932	216.43622	0
14614	63.46626	375.10187	286.41184	-233.52329	-94.38572	329.53635	-304.31258	-1131.0013	-1200.97692	-203.4175	240.84632	306.75359	0
14615	81.367	498.77971	412.53069	-294.54854	-161.92033	455.6552	-345.80975	-1312.44971	-1361.26991	-183.07575	350.69177	411.71702	0
14616	100.08141	645.24031	558.99129	-368.59251	-235.9643	602.1158	-399.51197	-1519.93556	-1545.15933	-158.66565	475.18328	524.81715	0
14617	110.65912	803.09229	709.52024	-449.95951	-308.38093	755.89943	-476.81062	-1734.74444	-1729.04875	-124.49151	598.04745	626.5259	0
14618	113.9138	947.11188	846.2168	-524.00348	-372.66086	896.66434	-581.77405	-1920.2612	-1883.64605	-74.85764	701.38354	698.94253	0
14619	113.9138	1043.93861	937.34784	-574.45102	-414.9717	990.23639	-695.68785	-2046.38005	-1986.98214	-25.22377	753.45842	746.94906	0
14620	112.28646	1056.14366	947.11188	-580.96038	-419.85372	1001.62777	-786.81889	-2117.98301	-2019.52894	0	723.35263	757.52677	0
14621	104.14976	960.1306	855.98084	-530.51284	-376.72921	907.24205	-838.0801	-2117.16934	-1960.13103	-5.69569	611.87984	705.45189	0
14622	82.18067	751.83108	669.65041	-416.59904	-293.73487	709.52024	-845.40313	-2024.41096	-1811.22942	-37.42882	444.26382	592.35176	0
14623	42.31084	465.41924	423.1084	-253.86504	-189.58511	442.63648	-813.67	-1856.79494	-1616.76229	-100.89508	247.35568	439.3818	0
14624	-3.25468	153.78363	158.66565	-75.67131	-81.367	155.41097	-763.22246	-1653.37744	-1437.75489	-219.6909	39.05616	274.20679	0
14625	-39.86983	-128.55986	-87.87636	82.18067	22.78276	-108.21811	-718.47061	-1458.91031	-1326.2821	-406.02133	-160.29299	120.42316	0
14626	-58.58424	-349.06443	-289.66652	200.97649	114.72747	-318.95864	-692.43317	-1296.17631	-1288.03961	-630.59425	-326.28167	0	0
14627	-61.02525	-497.15237	-436.12712	277.46147	187.1441	-466.23291	-681.85546	-1162.73443	-1288.03961	-830.75707	-442.63648	-78.11232	0
14628	-52.07488	-581.77405	-529.69917	318.95864	238.40531	-555.73661	-672.90509	-1043.12494	-1284.78493	-962.57161	-519.12146	-130.1872	0
14629	-39.05616	-617.57553	-579.33304	335.23204	270.13844	-598.04745	-650.936	-919.4471	-1244.9151	-1024.41053	-565.50065	-168.42969	0
14630	-27.66478	-621.64388	-599.67479	331.97736	288.03918	-610.2525	-602.92947	-777.86852	-1151.34305	-1017.0875	-572.82368	-192.02612	0
14631	-20.34175	-604.55681	-593.16543	317.3313	290.48019	-599.67479	-528.8855	-621.64388	-1009.76447	-948.73922	-539.46321	-203.4175	0
14632	-17.08707	-576.89203	-564.68698	300.24423	276.6478	-571.19634	-439.3818	-465.41924	-838.89377	-842.14845	-493.89769	-205.85851	0
14633	-20.34175	-548.41358	-527.25816	286.41184	255.49238	-537.0222	-351.50544	-327.90901	-663.14105	-719.28428	-446.70483	-201.79016	0
14634	-26.85111	-525.63082	-492.27035	276.6478	231.89595	-506.91641	-275.83413	-218.06356	-500.40705	-595.60644	-387.30692	-194.46713	0
14635	-34.17414	-504.4754	-462.16456	269.32477	211.5542	-480.87897	-213.99521	-135.06922	-361.26948	-481.69264	-316.51763	-183.88942	0
14636	-40.6835	-478.43796	-429.61776	258.74706	191.21245	-452.40052	-160.29299	-75.67131	-253.05137	-379.17022	-254.67871	-163.54767	0
14637	-43.12451	-444.26382	-394.62995	243.28733	173.31171	-418.22638	-114.72747	-35.80148	-179.0074	-291.29386	-218.87723	-135.06922	0
14638	-42.31084	-405.20766	-363.71049	222.13191	161.10666	-384.05224	-78.11232	-13.01872	-132.62821	-225.38659	-191.21245	-110.65912	0
14639	-40.6835	-362.08315	-331.97736	196.09447	151.34262	-346.62342	-49.63387	0	-97.6404	-178.19373	-167.61602	-98.45407	0
14640	-39.86983	-314.89029	-290.48019	170.05703	132.62821	-303.49891	-24.4101	15.45973	-54.51589	-139.95124	-159.47932	-95.19939	0
14641	-43.12451	-272.57945	-243.28733	152.15629	106.59077	-259.56073	-2.44101	37.42882	-0.81367	-109.03178	-165.17501	-100.08141	0
14642	-48.8202	-244.91467	-205.04484	143.20592	82.18067	-223.75925	12.20505	62.65259	53.70222	-86.24902	-171.68437	-109.84545	0
14643	-46.37919	-226.20026	-179.0074	134.25555	69.97562	-199.34915	24.4101	87.87636	100.08141	-66.72094	-163.54767	-117.98215	0
14644	-30.10579	-205.04484	-163.54767	117.16848	69.16195	-181.44841	39.05616	111.47279	135.06922	-43.93818	-132.62821	-116.35481	0
14645	-8.1367	-179.0074	-154.5973	91.94471	71.60296	-166.80235	57.77057	136.69656	165.17501	-15.45973	-78.92599	-103.33609	0
14646	10.57771	-148.90161	-146.4606	66.72094	74.04397	-148.90161	77.29865	161.92033	196.09447	13.01872	-10.57771	-82.99434	0
14647	21.15542	-123.67784	-136.69656	49.63387	74.04397	-131.81454	91.13104	180.63474	223.75925	31.73313	46.37919	-67.53461	0
14648	21.96909	-110.65912	-130.1872	43.12451	73.2303	-121.23683	99.26774	195.2808	239.21898	39.86983	69.16195	-55.32956	0
14649	15.45973	-111.47279	-129.37353	47.19286	69.16195	-120.42316	101.70875	199.34915	235.9643	38.24249	46.37919	-52.88855	0
14650	4.88202	-119.60949	-133.44188	58.58424	64.27993	-124.49151	100.89508	193.65346	222.94558	30.10579	-9.76404	-63.46626	0
14651	-0.81367	-125.30518	-138.3239	65.90727	63.46626	-131.00087	100.08141	185.51676	209.11319	24.4101	-76.48498	-76.48498	0
14652	-0.81367	-122.0505	-135.06922	65.90727	62.65259	-132.62821	100.08141	175.75272	195.2808	20.34175	-121.23683	-81.367	0
14653	-3.25468	-117.98215	-120.42316	61.83892	55.32956	-129.37353	100.08141	170.8707	188.77144	23.59643	-126.11885	-77.29865	0
14654	-11.39138	-115.54114	-103.33609	62.65259	43.12451	-121.23683	102.52242	182.26208	196.90814	41.49717	-88.69003	-68.34828	0
14655	-26.85111	-109.03178	-87.06269	69.16195	28.47845	-111.47279	108.21811	205.85851	220.50457	70.78929	-22.78276	-50.44754	0
14656	-34.17414	-101.70875	-78.92599	71.60296	21.15542	-104.14976	115.54114	232.70962	253.05137	104.14976	52.07488	-32.5468	0
14657	-25.22377	-94.38572	-82.18067	63.46626	27.66478	-97.6404	122.86417	253.05137	287.22551	133.44188	113.9138	-19.52808	0
14658	-7.32303	-84.62168	-91.13104	49.63387	39.86983	-91.13104	130.1872	259.56073	310.00827	144.83326	138.3239	-11.39138	0
14659	10.57771	-78.92599	-101.70875	35.80148	53.70222	-88.69003	135.06922	249.79669	314.89029	135.06922	113.10013	-13.83239	0
14660	27.66478	-77.29865	-113.10013	26.03744	68.34828	-90.31737	132.62821	227.8276	301.87157	109.03178	49.63387	-30.91946	0
14661	32.5468	-80.55333	-117.98215	23.59643	74.04397	-93.57205	126.11885	204.23117	278.27514	77.29865	-26.85111	-51.26121	0
14662	26.03744	-88.69003	-110.65912	29.29212	64.27993	-95.19939	119.60949	187.95777	254.67871	51.26121	-87.06269	-64.27993	0
14663	16.2734	-99.26774	-96.82673	36.61515	46.37919	-96.01306	113.9138	180.63474	238.40531	39.05616	-109.84545	-70.78929	0
14664	7.32303	-106.59077	-83.80801	43.12451	34.17414	-93.57205	111.47279	185.51676	234.33696	46.37919	-88.69003	-69.97562	0
14665	0.81367	-105.7771	-71.60296	46.37919	31.73313	-88.69003	111.47279	200.97649	244.91467	70.78929	-30.91946	-57.77057	0
14666	-4.88202	-100.89508	-64.27993	48.00653	31.73313	-85.43535	113.9138	222.13191	265.25642	104.14976	43.12451	-41.49717	0
14667	-10.57771	-98.45407	-65.90727	51.26121	30.91946	-85.43535	117.98215	240.03265	288.03918	134.25555	104.14976	-29.29212	0
14668	-11.39138	-99.26774	-76.48498	53.70222	32.5468	-91.13104	122.86417	254.67871	303.49891	148.08794	126.11885	-20.34175	0
14669	-8.1367	-100.89508	-88.69003	53.70222	38.24249	-96.82673	126.93252	263.62908	305.93992	141.57858	100.89508	-20.34175	0
14670	0.81367	-96.01306	-97.6404	48.00653	46.37919	-98.45407	130.1872	261.18807	293.73487	117.98215	38.24249	-34.17414	0
14671	11.39138	-88.69003	-103.33609	39.05616	55.32956	-96.01306	132.62821	242.47366	269.32477	90.31737	-39.05616	-58.58424	0
14672	22.78276	-80.55333	-102.52242	27.66478	61.02525	-88.69003	134.25555	211.5542	242.47366	71.60296	-102.52242	-86.24902	0
14673	32.5468	-73.2303	-94.38572	16.2734	61.83892	-74.85764	132.62821	183.88942	227.01393	65.0936	-123.67784	-100.89508	0
14674	33.36047	-65.0936	-78.92599	13.83239	54.51589	-59.39791	129.37353	172.49804	229.45494	69.97562	-98.45407	-97.6404	0
14675	19.52808	-55.32956	-59.39791	15.45973	38.24249	-46.37919	129.37353	189.58511	251.42403	90.31737	-33.36047	-75.67131	0
14676	0	-47.19286	-41.49717	16.2734	19.52808	-37.42882	133.44188	225.38659	283.15716	117.98215	49.63387	-40.6835	0
14677	-13.01872	-48.00653	-31.73313	17.90074	10.57771	-36.61515	137.51023	256.30605	310.00827	135.88289	117.16848	-5.69569	0
14678	-13.01872	-58.58424	-34.17414	20.34175	13.83239	-44.75185	139.13757	277.46147	328.72268	142.39225	139.95124	13.01872	0
14679	-11.39138	-71.60296	-48.00653	23.59643	21.15542	-58.58424	139.95124	287.22551	337.67305	137.51023	111.47279	12.20505	0
14680	-13.01872	-78.92599	-65.0936	26.85111	23.59643	-72.41663	137.51023	288.03918	338.48672	121.23683	46.37919	-4.06835	0
14681	-15.45973	-78.92599	-71.60296	28.47845	21.96909	-75.67131	134.25555	289.66652	336.04571	100.89508	-27.66478	-25.22377	0
14682	-20.34175	-73.2303	-61.83892	29.29212	14.64606	-69.16195	131.81454	289.66652	330.35002	85.43535	-82.99434	-39.86983	0
14683	-26.85111	-61.83892	-41.49717	31.73313	2.44101	-55.32956	131.00087	291.29386	326.28167	82.18067	-96.82673	-48.8202	0
14684	-24.4101	-42.31084	-21.96909	34.98781	-4.06835	-35.80148	130.1872	296.17588	327.09534	92.75838	-65.0936	-48.00653	0
14685	-13.01872	-25.22377	-13.83239	37.42882	-0.81367	-22.78276	128.55986	305.12625	329.53635	111.47279	0	-35.80148	0
14686	-2.44101	-20.34175	-18.71441	35.80148	7.32303	-21.96909	125.30518	317.3313	332.79103	132.62821	74.85764	-20.34175	0
14687	4.06835	-24.4101	-30.10579	30.10579	17.90074	-28.47845	122.86417	328.72268	333.6047	148.08794	131.00087	-10.57771	0
14688	5.69569	-33.36047	-43.93818	24.4101	28.47845	-39.05616	122.0505	335.23204	331.16369	150.52895	144.83326	-5.69569	0
14689	2.44101	-39.86983	-56.14323	18.71441	36.61515	-48.00653	122.86417	335.23204	323.84066	139.13757	114.72747	-8.1367	0
14690	4.88202	-37.42882	-55.32956	12.20505	36.61515	-46.37919	125.30518	329.53635	310.82194	120.42316	50.44754	-19.52808	0
14691	12.20505	-28.47845	-39.05616	6.50936	26.03744	-32.5468	124.49151	318.14497	293.73487	96.82673	-26.03744	-33.36047	0
14692	15.45973	-16.2734	-17.08707	0.81367	11.39138	-14.64606	121.23683	303.49891	278.27514	78.11232	-86.24902	-42.31084	0
14693	7.32303	-4.06835	6.50936	-3.25468	-5.69569	2.44101	119.60949	296.17588	273.39312	72.41663	-104.96343	-47.19286	0
14694	-6.50936	8.1367	30.91946	-8.95037	-24.4101	19.52808	124.49151	304.31258	285.59817	84.62168	-74.04397	-43.12451	0
14695	-16.2734	18.71441	45.56552	-13.01872	-34.98781	35.80148	133.44188	329.53635	311.63561	103.33609	-30.10579	-28.47845	0
14696	-17.08707	26.85111	41.49717	-19.52808	-34.17414	43.93818	139.13757	361.26948	335.23204	111.47279	-20.34175	-12.20505	0
14697	-13.01872	34.17414	26.03744	-29.29212	-30.10579	43.12451	141.57858	386.49325	342.55507	108.21811	-43.12451	-6.50936	0
14698	-7.32303	41.49717	16.2734	-35.80148	-24.4101	39.86983	144.01959	401.95298	339.30039	101.70875	-65.0936	-12.20505	0
14699	-5.69569	45.56552	23.59643	-33.36047	-25.22377	41.49717	149.71528	410.90335	334.41837	103.33609	-55.32956	-16.2734	0
14700	-16.2734	44.75185	40.6835	-21.15542	-32.5468	47.19286	152.96996	414.15803	333.6047	113.10013	-4.06835	-8.95037	0
14701	-33.36047	43.12451	56.9569	-7.32303	-40.6835	55.32956	152.96996	413.34436	337.67305	126.93252	63.46626	6.50936	0
14702	-40.6835	47.19286	72.41663	-3.25468	-47.19286	65.90727	150.52895	411.71702	342.55507	138.3239	122.0505	24.4101	0
14703	-33.36047	59.39791	83.80801	-11.39138	-50.44754	75.67131	145.64693	410.90335	340.11406	142.39225	148.08794	37.42882	0
14704	-17.90074	72.41663	87.06269	-26.03744	-48.00653	82.18067	137.51023	409.27601	324.65433	137.51023	133.44188	40.6835	0
14705	-4.88202	87.06269	84.62168	-39.86983	-39.86983	87.06269	127.74619	405.20766	305.12625	126.11885	84.62168	33.36047	0
14706	4.88202	103.33609	78.92599	-51.26121	-27.66478	91.13104	121.23683	402.76665	294.54854	115.54114	21.96909	17.90074	0
14707	13.83239	113.9138	75.67131	-62.65259	-18.71441	94.38572	122.0505	410.90335	301.0579	109.84545	-21.96909	4.88202	0
14708	16.2734	120.42316	82.99434	-74.85764	-22.78276	101.70875	130.1872	427.99042	321.39965	111.47279	-30.91946	0	0
14709	14.64606	130.1872	100.89508	-82.18067	-34.17414	114.72747	139.95124	447.5185	344.18241	119.60949	2.44101	6.50936	0
14710	14.64606	144.01959	121.23683	-87.87636	-43.12451	131.81454	149.71528	466.23291	361.26948	133.44188	67.53461	24.4101	0
14711	20.34175	160.29299	135.88289	-95.19939	-48.00653	148.08794	155.41097	484.13365	369.40618	146.4606	139.95124	48.00653	0
14712	29.29212	176.56639	147.27427	-105.7771	-52.07488	161.92033	156.22464	496.3387	365.33783	153.78363	192.02612	71.60296	0
14713	39.05616	196.90814	157.85198	-118.79582	-56.9569	174.93905	152.96996	497.15237	351.50544	153.78363	209.11319	91.13104	0
14714	50.44754	219.6909	167.61602	-133.44188	-60.21158	189.58511	145.64693	487.38833	332.79103	148.08794	186.33043	102.52242	0
14715	60.21158	239.21898	175.75272	-144.01959	-61.83892	203.4175	135.88289	471.11493	310.00827	135.06922	131.81454	100.89508	0
14716	61.02525	250.61036	183.88942	-145.64693	-65.0936	212.36787	126.93252	454.02786	288.85285	119.60949	68.34828	90.31737	0
14717	51.26121	253.05137	192.83979	-142.39225	-73.2303	218.06356	122.0505	443.45015	276.6478	109.03178	21.96909	75.67131	0
14718	38.24249	249.79669	203.4175	-136.69656	-82.99434	222.94558	119.60949	440.19547	271.76578	105.7771	10.57771	64.27993	0
14719	24.4101	243.28733	213.18154	-129.37353	-93.57205	225.38659	114.72747	443.45015	266.07009	109.03178	34.17414	61.02525	0
14720	11.39138	240.84632	226.20026	-123.67784	-103.33609	231.89595	109.03178	447.5185	255.49238	117.98215	84.62168	69.16195	0
14721	0.81367	253.86504	250.61036	-126.93252	-110.65912	251.42403	107.40444	451.58685	241.65999	129.37353	145.64693	88.69003	0
14722	-2.44101	276.6478	279.08881	-136.69656	-116.35481	277.46147	107.40444	449.95951	226.20026	135.88289	196.90814	112.28646	0
14723	2.44101	301.0579	299.43056	-152.15629	-122.86417	300.24423	103.33609	441.00914	208.29952	131.00087	218.06356	132.62821	0
14724	17.90074	327.09534	310.00827	-173.31171	-126.93252	318.95864	96.01306	427.17675	185.51676	113.10013	200.16282	143.20592	0
14725	37.42882	352.31911	314.07662	-196.90814	-127.74619	334.41837	83.80801	408.46234	156.22464	82.18067	152.15629	140.76491	0
14726	55.32956	372.66086	315.70396	-216.43622	-125.30518	344.99608	69.97562	386.49325	125.30518	48.8202	91.13104	127.74619	0
14727	67.53461	386.49325	316.51763	-228.64127	-122.86417	351.50544	58.58424	367.77884	101.70875	23.59643	43.12451	114.72747	0
14728	65.0936	390.5616	323.02699	-234.33696	-128.55986	356.38746	52.88855	355.57379	89.5037	11.39138	29.29212	109.03178	0
14729	48.00653	387.30692	340.11406	-232.70962	-148.08794	362.89682	54.51589	349.8781	86.24902	9.76404	52.07488	117.16848	0
14730	36.61515	385.67958	360.45581	-227.01393	-166.80235	371.84719	61.83892	346.62342	83.80801	17.90074	100.08141	137.51023	0
14731	34.98781	391.37527	375.10187	-222.94558	-175.75272	380.79756	69.16195	342.55507	73.2303	29.29212	157.85198	162.734	0
14732	36.61515	403.58032	384.86591	-223.75925	-177.38006	390.5616	71.60296	335.23204	54.51589	36.61515	206.67218	185.51676	0
14733	42.31084	419.85372	390.5616	-228.64127	-176.56639	402.76665	68.34828	323.02699	29.29212	36.61515	227.01393	203.4175	0
14734	49.63387	432.05877	395.44362	-235.9643	-171.68437	410.08968	58.58424	303.49891	-0.81367	25.22377	209.11319	209.11319	0
14735	55.32956	436.94079	399.51197	-242.47366	-165.17501	410.08968	44.75185	275.02046	-33.36047	0.81367	155.41097	199.34915	0
14736	53.70222	434.49978	401.13931	-241.65999	-163.54767	406.835	30.10579	240.03265	-65.90727	-26.03744	89.5037	178.19373	0
14737	37.42882	427.17675	404.39399	-234.33696	-174.12538	406.835	13.83239	203.4175	-96.82673	-49.63387	36.61515	156.22464	0
14738	15.45973	419.04005	410.90335	-226.20026	-191.21245	409.27601	0	170.05703	-122.0505	-67.53461	17.08707	141.57858	0
14739	-1.62734	410.90335	419.85372	-218.06356	-206.67218	414.15803	-9.76404	146.4606	-137.51023	-73.2303	38.24249	139.13757	0
14740	-10.57771	405.20766	427.17675	-208.29952	-217.24989	420.66739	-13.83239	132.62821	-143.20592	-65.90727	90.31737	147.27427	0
14741	-12.20505	402.76665	429.61776	-201.79016	-220.50457	423.92207	-17.08707	123.67784	-150.52895	-57.77057	148.08794	165.17501	0
14742	-5.69569	405.20766	421.48106	-202.60383	-214.80888	419.85372	-24.4101	109.03178	-170.05703	-58.58424	187.1441	182.26208	0
14743	11.39138	410.90335	406.835	-209.92686	-198.53548	413.34436	-34.17414	84.62168	-202.60383	-71.60296	192.83979	192.02612	0
14744	32.5468	417.41271	388.93426	-218.06356	-182.26208	405.20766	-45.56552	50.44754	-239.21898	-90.31737	166.80235	188.77144	0
14745	47.19286	418.22638	371.03352	-222.94558	-170.8707	395.44362	-56.14323	10.57771	-269.32477	-109.03178	117.16848	172.49804	0
14746	48.8202	407.64867	357.20113	-221.31824	-165.17501	382.4249	-61.02525	-24.4101	-288.03918	-126.11885	59.39791	149.71528	0
14747	33.36047	387.30692	351.50544	-205.85851	-167.61602	368.59251	-58.58424	-48.00653	-292.9212	-135.88289	13.83239	131.00087	0
14748	6.50936	360.45581	351.50544	-182.26208	-177.38006	353.94645	-52.88855	-56.9569	-284.7845	-136.69656	-7.32303	117.98215	0
14749	-18.71441	338.48672	355.57379	-159.47932	-189.58511	340.92773	-46.37919	-55.32956	-270.13844	-131.00087	0.81367	114.72747	0
14750	-36.61515	323.02699	358.0148	-143.20592	-197.72181	332.79103	-41.49717	-51.26121	-256.30605	-122.0505	37.42882	120.42316	0
14751	-43.93818	309.1946	351.50544	-132.62821	-197.72181	323.84066	-42.31084	-52.88855	-251.42403	-113.9138	82.99434	126.93252	0
14752	-39.05616	293.73487	332.79103	-127.74619	-185.51676	309.1946	-47.19286	-60.21158	-253.86504	-107.40444	114.72747	128.55986	0
14753	-27.66478	279.90248	304.31258	-128.55986	-164.36134	290.48019	-53.70222	-73.2303	-259.56073	-107.40444	117.98215	123.67784	0
14754	-17.08707	268.5111	274.20679	-132.62821	-142.39225	270.95211	-56.14323	-88.69003	-265.25642	-112.28646	91.13104	111.47279	0
14755	-10.57771	255.49238	248.98302	-131.81454	-129.37353	252.2377	-53.70222	-104.14976	-268.5111	-120.42316	44.75185	91.13104	0
14756	-9.76404	237.59164	232.70962	-122.0505	-122.86417	235.15063	-48.8202	-116.35481	-270.13844	-128.55986	-7.32303	65.90727	0
14757	-14.64606	218.87723	226.20026	-108.21811	-118.79582	222.94558	-43.12451	-124.49151	-268.5111	-132.62821	-50.44754	42.31084	0
14758	-15.45973	200.16282	219.6909	-95.19939	-115.54114	209.92686	-39.86983	-128.55986	-260.3744	-131.81454	-69.97562	21.96909	0
14759	-10.57771	182.26208	202.60383	-86.24902	-106.59077	192.02612	-36.61515	-124.49151	-241.65999	-121.23683	-59.39791	11.39138	0
14760	-5.69569	161.92033	178.19373	-77.29865	-92.75838	170.05703	-30.91946	-109.03178	-213.99521	-100.89508	-21.15542	13.01872	0
14761	-6.50936	141.57858	155.41097	-65.90727	-82.18067	148.08794	-21.96909	-86.24902	-187.1441	-74.85764	29.29212	24.4101	0
14762	-12.20505	122.86417	135.06922	-56.14323	-72.41663	128.55986	-13.01872	-65.90727	-166.80235	-53.70222	72.41663	39.05616	0
14763	-21.15542	109.84545	114.72747	-53.70222	-59.39791	111.47279	-8.1367	-54.51589	-154.5973	-42.31084	88.69003	50.44754	0
14764	-30.91946	98.45407	97.6404	-49.63387	-47.19286	97.6404	-7.32303	-52.07488	-148.08794	-40.6835	69.97562	48.8202	0
14765	-40.6835	81.367	89.5037	-37.42882	-41.49717	85.43535	-11.39138	-55.32956	-142.39225	-46.37919	24.4101	33.36047	0
14766	-48.8202	57.77057	83.80801	-18.71441	-42.31084	69.16195	-16.2734	-59.39791	-134.25555	-56.14323	-28.47845	8.95037	0
14767	-55.32956	33.36047	73.2303	0	-43.93818	49.63387	-18.71441	-61.02525	-123.67784	-63.46626	-70.78929	-13.83239	0
14768	-56.14323	12.20505	59.39791	13.83239	-43.12451	31.73313	-17.90074	-59.39791	-109.03178	-63.46626	-87.06269	-31.73313	0
14769	-55.32956	-4.06835	43.93818	25.22377	-42.31084	16.2734	-14.64606	-55.32956	-92.75838	-53.70222	-74.04397	-41.49717	0
14770	-56.14323	-17.08707	34.17414	34.98781	-43.93818	4.88202	-9.76404	-52.07488	-77.29865	-39.05616	-38.24249	-39.86983	0
14771	-54.51589	-16.2734	34.17414	35.80148	-45.56552	0	-4.06835	-49.63387	-57.77057	-22.78276	8.95037	-26.85111	0
14772	-41.49717	-3.25468	35.80148	22.78276	-41.49717	1.62734	1.62734	-43.93818	-35.80148	-8.95037	49.63387	-9.76404	0
14773	-26.85111	10.57771	37.42882	8.1367	-34.98781	8.95037	7.32303	-34.98781	-15.45973	1.62734	67.53461	2.44101	0
14774	-22.78276	17.08707	41.49717	2.44101	-34.98781	18.71441	12.20505	-27.66478	-1.62734	8.95037	56.14323	7.32303	0
14775	-25.22377	11.39138	37.42882	4.88202	-33.36047	18.71441	13.01872	-24.4101	5.69569	8.1367	21.96909	0.81367	0
14776	-21.15542	-2.44101	21.96909	10.57771	-20.34175	6.50936	8.1367	-25.22377	9.76404	1.62734	-21.15542	-10.57771	0
14777	-12.20505	-21.15542	2.44101	17.08707	0	-9.76404	2.44101	-28.47845	14.64606	-3.25468	-59.39791	-25.22377	0
14778	-6.50936	-39.86983	-17.90074	24.4101	17.08707	-28.47845	0	-26.85111	20.34175	-4.06835	-73.2303	-35.80148	0
14779	-4.88202	-51.26121	-39.86983	29.29212	25.22377	-46.37919	3.25468	-18.71441	27.66478	2.44101	-61.83892	-39.05616	0
14780	-7.32303	-57.77057	-58.58424	33.36047	24.4101	-60.21158	8.95037	-8.1367	30.10579	12.20505	-34.17414	-36.61515	0
14781	-8.95037	-62.65259	-71.60296	36.61515	23.59643	-66.72094	15.45973	0	26.03744	18.71441	0.81367	-30.10579	0
14782	-5.69569	-58.58424	-78.11232	35.80148	31.73313	-65.90727	21.15542	2.44101	27.66478	26.03744	34.17414	-20.34175	0
14783	-2.44101	-44.75185	-79.73966	34.17414	44.75185	-59.39791	25.22377	7.32303	43.12451	35.80148	52.88855	-9.76404	0
14784	0	-34.17414	-74.85764	30.91946	49.63387	-52.07488	26.85111	16.2734	64.27993	40.6835	43.93818	-5.69569	0
14785	-3.25468	-41.49717	-66.72094	33.36047	43.93818	-49.63387	24.4101	21.15542	78.11232	39.05616	8.95037	-11.39138	0
14786	-9.76404	-60.21158	-60.21158	41.49717	37.42882	-52.07488	19.52808	20.34175	82.18067	32.5468	-34.17414	-23.59643	0
14787	-13.83239	-78.11232	-61.02525	50.44754	34.17414	-59.39791	14.64606	17.90074	77.29865	23.59643	-66.72094	-36.61515	0
14788	-16.2734	-87.87636	-64.27993	58.58424	31.73313	-68.34828	13.01872	15.45973	69.16195	17.08707	-74.85764	-46.37919	0
14789	-18.71441	-91.94471	-61.02525	65.90727	26.85111	-71.60296	13.83239	13.83239	65.0936	17.90074	-58.58424	-47.19286	0
14790	-23.59643	-93.57205	-48.8202	73.2303	19.52808	-69.16195	13.83239	13.01872	69.97562	25.22377	-27.66478	-39.05616	0
14791	-31.73313	-88.69003	-33.36047	78.92599	7.32303	-60.21158	10.57771	13.01872	78.92599	37.42882	9.76404	-26.03744	0
14792	-29.29212	-72.41663	-24.4101	82.18067	1.62734	-48.8202	7.32303	15.45973	87.87636	48.8202	45.56552	-12.20505	0
14793	-17.08707	-55.32956	-26.03744	79.73966	6.50936	-40.6835	4.06835	17.90074	94.38572	55.32956	62.65259	-1.62734	0
14794	-13.01872	-53.70222	-34.17414	70.78929	9.76404	-43.93818	0.81367	17.90074	98.45407	55.32956	56.14323	-3.25468	0
14795	-13.01872	-66.72094	-43.12451	61.83892	8.95037	-54.51589	0	16.2734	100.08141	50.44754	28.47845	-19.52808	0
14796	-8.1367	-80.55333	-47.19286	54.51589	4.88202	-64.27993	5.69569	15.45973	103.33609	40.6835	-9.76404	-39.86983	0
14797	-0.81367	-90.31737	-48.8202	53.70222	0.81367	-69.97562	18.71441	22.78276	111.47279	34.17414	-41.49717	-52.88855	0
14798	3.25468	-96.82673	-52.88855	58.58424	-0.81367	-73.2303	34.17414	36.61515	121.23683	32.5468	-54.51589	-57.77057	0
14799	5.69569	-94.38572	-62.65259	58.58424	0	-74.85764	46.37919	49.63387	128.55986	35.80148	-46.37919	-58.58424	0
14800	12.20505	-82.99434	-74.85764	46.37919	14.64606	-77.29865	51.26121	57.77057	132.62821	43.12451	-18.71441	-54.51589	0
14801	23.59643	-73.2303	-87.06269	29.29212	35.80148	-81.367	43.93818	57.77057	130.1872	48.00653	11.39138	-46.37919	0
14802	30.10579	-69.97562	-94.38572	19.52808	52.07488	-82.99434	26.85111	49.63387	123.67784	47.19286	30.91946	-38.24249	0
14803	26.03744	-70.78929	-92.75838	19.52808	56.14323	-83.80801	9.76404	41.49717	116.35481	43.12451	33.36047	-34.17414	0
14804	16.2734	-76.48498	-83.80801	26.85111	52.88855	-84.62168	0	36.61515	113.10013	37.42882	16.2734	-34.17414	0
14805	4.06835	-82.18067	-71.60296	34.17414	44.75185	-82.99434	0	37.42882	113.9138	32.5468	-12.20505	-38.24249	0
14806	-9.76404	-89.5037	-61.83892	43.93818	33.36047	-78.92599	6.50936	41.49717	117.98215	27.66478	-42.31084	-46.37919	0
14807	-26.85111	-100.89508	-58.58424	56.14323	21.96909	-78.92599	13.01872	45.56552	121.23683	22.78276	-65.0936	-56.9569	0
14808	-39.05616	-112.28646	-63.46626	64.27993	16.2734	-84.62168	18.71441	47.19286	121.23683	17.90074	-76.48498	-66.72094	0
14809	-43.12451	-117.98215	-73.2303	68.34828	15.45973	-91.13104	22.78276	48.00653	118.79582	14.64606	-69.97562	-74.85764	0
14810	-35.80148	-117.98215	-83.80801	65.0936	20.34175	-95.19939	25.22377	48.00653	117.98215	13.83239	-48.00653	-74.85764	0
14811	-17.90074	-113.9138	-90.31737	51.26121	30.10579	-98.45407	26.03744	49.63387	120.42316	18.71441	-19.52808	-66.72094	0
14812	-0.81367	-108.21811	-93.57205	39.86983	40.6835	-99.26774	26.03744	52.07488	122.86417	24.4101	0.81367	-56.9569	0
14813	4.06835	-103.33609	-94.38572	35.80148	44.75185	-99.26774	27.66478	56.9569	127.74619	28.47845	8.1367	-51.26121	0
14814	-0.81367	-102.52242	-91.13104	36.61515	41.49717	-97.6404	32.5468	65.0936	133.44188	31.73313	0	-48.00653	0
14815	-7.32303	-101.70875	-89.5037	40.6835	38.24249	-96.01306	39.05616	74.04397	136.69656	31.73313	-20.34175	-48.00653	0
14816	-3.25468	-99.26774	-94.38572	40.6835	39.86983	-97.6404	42.31084	77.29865	136.69656	29.29212	-44.75185	-52.07488	0
14817	12.20505	-91.94471	-105.7771	34.98781	44.75185	-100.08141	43.12451	76.48498	135.06922	27.66478	-61.83892	-57.77057	0
14818	30.91946	-82.18067	-114.72747	27.66478	54.51589	-99.26774	46.37919	74.04397	137.51023	26.85111	-63.46626	-61.83892	0
14819	39.05616	-70.78929	-113.10013	21.96909	61.02525	-96.01306	53.70222	71.60296	141.57858	26.03744	-45.56552	-66.72094	0
14820	31.73313	-67.53461	-103.33609	23.59643	57.77057	-96.01306	57.77057	73.2303	144.01959	28.47845	-20.34175	-68.34828	0
14821	13.83239	-78.11232	-93.57205	38.24249	45.56552	-97.6404	52.88855	74.85764	143.20592	30.91946	0	-64.27993	0
14822	-0.81367	-93.57205	-84.62168	53.70222	32.5468	-96.82673	43.93818	74.04397	141.57858	31.73313	9.76404	-58.58424	0
14823	-13.83239	-106.59077	-77.29865	61.83892	23.59643	-93.57205	36.61515	68.34828	137.51023	32.5468	8.1367	-53.70222	0
14824	-25.22377	-111.47279	-76.48498	62.65259	22.78276	-90.31737	32.5468	56.14323	129.37353	33.36047	-5.69569	-56.14323	0
14825	-32.5468	-113.9138	-80.55333	64.27993	26.03744	-93.57205	29.29212	43.93818	120.42316	30.91946	-30.10579	-65.0936	0
14826	-35.80148	-119.60949	-87.06269	69.97562	28.47845	-100.08141	27.66478	40.6835	117.98215	26.03744	-61.83892	-76.48498	0
14827	-30.91946	-115.54114	-87.87636	74.04397	31.73313	-100.08141	28.47845	47.19286	123.67784	22.78276	-87.06269	-86.24902	0
14828	-16.2734	-98.45407	-80.55333	72.41663	34.17414	-87.06269	30.91946	56.9569	130.1872	25.22377	-96.01306	-91.94471	0
14829	-8.95037	-85.43535	-65.0936	66.72094	29.29212	-68.34828	34.17414	65.90727	135.88289	31.73313	-87.87636	-90.31737	0
14830	-17.90074	-81.367	-46.37919	62.65259	14.64606	-55.32956	34.98781	68.34828	136.69656	37.42882	-71.60296	-82.18067	0
14831	-37.42882	-82.99434	-31.73313	67.53461	-2.44101	-49.63387	32.5468	63.46626	132.62821	39.86983	-49.63387	-70.78929	0
14832	-61.02525	-92.75838	-21.96909	75.67131	-20.34175	-52.07488	30.10579	56.9569	129.37353	37.42882	-28.47845	-61.02525	0
14833	-80.55333	-109.84545	-24.4101	82.99434	-29.29212	-64.27993	29.29212	56.14323	130.1872	30.91946	-16.2734	-53.70222	0
14834	-79.73966	-129.37353	-48.00653	87.06269	-17.08707	-87.06269	29.29212	62.65259	134.25555	24.4101	-17.90074	-52.88855	0
14835	-61.02525	-144.01959	-82.99434	87.06269	8.95037	-113.10013	30.10579	71.60296	139.13757	18.71441	-30.91946	-59.39791	0
14836	-43.12451	-152.15629	-110.65912	87.06269	31.73313	-131.81454	30.91946	76.48498	142.39225	14.64606	-51.26121	-72.41663	0
14837	-34.98781	-158.66565	-125.30518	90.31737	43.93818	-143.20592	29.29212	74.85764	139.95124	8.95037	-72.41663	-85.43535	0
14838	-34.98781	-163.54767	-130.1872	96.01306	47.19286	-148.08794	28.47845	68.34828	135.06922	4.06835	-85.43535	-96.01306	0
14839	-36.61515	-163.54767	-127.74619	98.45407	45.56552	-146.4606	26.03744	60.21158	130.1872	1.62734	-84.62168	-99.26774	0
14840	-31.73313	-151.34262	-122.0505	91.13104	43.93818	-135.88289	24.4101	53.70222	126.93252	4.06835	-68.34828	-96.01306	0
14841	-18.71441	-129.37353	-115.54114	72.41663	43.93818	-116.35481	24.4101	53.70222	126.93252	11.39138	-45.56552	-87.06269	0
14842	-4.06835	-106.59077	-105.7771	46.37919	47.19286	-94.38572	25.22377	58.58424	131.00087	23.59643	-23.59643	-74.04397	0
14843	6.50936	-83.80801	-100.08141	20.34175	56.9569	-78.92599	26.85111	63.46626	138.3239	33.36047	-12.20505	-64.27993	0
14844	14.64606	-74.04397	-100.08141	8.95037	66.72094	-78.11232	27.66478	65.90727	143.20592	38.24249	-16.2734	-61.83892	0
14845	12.20505	-84.62168	-100.89508	20.34175	68.34828	-88.69003	27.66478	64.27993	140.76491	39.05616	-27.66478	-61.83892	0
14846	0	-103.33609	-100.08141	41.49717	61.83892	-99.26774	31.73313	63.46626	135.88289	35.80148	-42.31084	-65.90727	0
14847	-9.76404	-117.16848	-100.89508	57.77057	53.70222	-105.7771	38.24249	65.0936	131.81454	30.91946	-55.32956	-71.60296	0
14848	-14.64606	-122.0505	-102.52242	65.90727	48.8202	-109.84545	43.93818	66.72094	130.1872	25.22377	-61.02525	-74.04397	0
14849	-13.83239	-122.0505	-101.70875	66.72094	45.56552	-108.21811	46.37919	68.34828	132.62821	23.59643	-60.21158	-72.41663	0
14850	-9.76404	-120.42316	-98.45407	65.0936	44.75185	-102.52242	43.93818	67.53461	135.88289	23.59643	-55.32956	-66.72094	0
14851	-5.69569	-117.98215	-96.82673	62.65259	44.75185	-99.26774	35.80148	62.65259	131.81454	23.59643	-47.19286	-62.65259	0
14852	-7.32303	-113.9138	-96.01306	61.83892	43.12451	-98.45407	22.78276	53.70222	121.23683	23.59643	-36.61515	-61.02525	0
14853	-15.45973	-110.65912	-89.5037	65.90727	34.17414	-96.82673	13.83239	43.93818	109.03178	24.4101	-32.5468	-61.83892	0
14854	-24.4101	-105.7771	-78.92599	68.34828	20.34175	-93.57205	13.83239	39.05616	104.14976	25.22377	-38.24249	-64.27993	0
14855	-32.5468	-100.89508	-69.97562	69.16195	6.50936	-88.69003	26.03744	43.12451	112.28646	27.66478	-50.44754	-65.0936	0
14856	-34.98781	-97.6404	-66.72094	67.53461	-1.62734	-85.43535	43.12451	52.88855	125.30518	30.91946	-60.21158	-65.90727	0
14857	-34.98781	-97.6404	-66.72094	65.90727	-1.62734	-84.62168	56.9569	61.02525	135.06922	33.36047	-61.83892	-66.72094	0
14858	-31.73313	-96.82673	-70.78929	62.65259	5.69569	-84.62168	61.83892	62.65259	135.06922	34.17414	-56.14323	-69.16195	0
14859	-22.78276	-95.19939	-78.92599	56.9569	17.08707	-83.80801	58.58424	56.14323	128.55986	30.10579	-46.37919	-72.41663	0
14860	-11.39138	-100.08141	-87.87636	52.88855	28.47845	-87.06269	46.37919	43.12451	117.16848	25.22377	-34.98781	-75.67131	0
14861	-2.44101	-111.47279	-95.19939	48.8202	35.80148	-95.19939	30.91946	27.66478	104.14976	20.34175	-27.66478	-77.29865	0
14862	0.81367	-118.79582	-100.89508	45.56552	40.6835	-103.33609	20.34175	16.2734	95.19939	17.90074	-24.4101	-78.11232	0
14863	0.81367	-117.16848	-100.89508	43.93818	41.49717	-104.96343	17.08707	11.39138	93.57205	18.71441	-24.4101	-75.67131	0
14864	-0.81367	-108.21811	-96.01306	44.75185	37.42882	-99.26774	18.71441	12.20505	99.26774	23.59643	-30.10579	-72.41663	0
14865	-5.69569	-97.6404	-88.69003	46.37919	30.91946	-88.69003	23.59643	17.08707	109.84545	26.85111	-40.6835	-69.97562	0
14866	-11.39138	-89.5037	-82.18067	48.00653	25.22377	-82.18067	26.03744	21.96909	120.42316	30.10579	-50.44754	-70.78929	0
14867	-13.83239	-87.06269	-80.55333	48.00653	24.4101	-80.55333	26.03744	26.03744	126.11885	30.10579	-58.58424	-74.04397	0
14868	-9.76404	-87.06269	-84.62168	47.19286	31.73313	-85.43535	23.59643	26.85111	126.11885	26.85111	-63.46626	-78.92599	0
14869	-0.81367	-90.31737	-96.82673	44.75185	45.56552	-94.38572	21.96909	26.85111	121.23683	22.78276	-61.83892	-82.18067	0
14870	1.62734	-94.38572	-109.84545	45.56552	57.77057	-104.14976	20.34175	30.91946	113.9138	20.34175	-49.63387	-79.73966	0
14871	-9.76404	-97.6404	-113.10013	50.44754	60.21158	-108.21811	22.78276	39.05616	107.40444	20.34175	-29.29212	-74.85764	0
14872	-26.85111	-100.08141	-102.52242	53.70222	48.8202	-104.14976	26.85111	44.75185	100.08141	26.03744	-10.57771	-66.72094	0
14873	-34.17414	-102.52242	-92.75838	54.51589	38.24249	-100.08141	30.10579	39.05616	90.31737	32.5468	-3.25468	-59.39791	0
14874	-26.85111	-101.70875	-88.69003	53.70222	37.42882	-99.26774	33.36047	23.59643	82.99434	34.17414	-8.95037	-53.70222	0
14875	-12.20505	-99.26774	-86.24902	49.63387	44.75185	-100.89508	36.61515	4.06835	85.43535	34.17414	-24.4101	-49.63387	0
14876	3.25468	-92.75838	-86.24902	41.49717	52.88855	-99.26774	39.05616	-4.06835	95.19939	39.05616	-37.42882	-48.00653	0
14877	10.57771	-85.43535	-87.06269	35.80148	54.51589	-94.38572	39.86983	0	102.52242	46.37919	-43.12451	-50.44754	0
14878	2.44101	-86.24902	-84.62168	42.31084	47.19286	-92.75838	40.6835	7.32303	102.52242	48.00653	-48.00653	-58.58424	0
14879	-15.45973	-84.62168	-75.67131	54.51589	34.98781	-88.69003	41.49717	13.83239	98.45407	46.37919	-46.37919	-64.27993	0
14880	-30.91946	-78.11232	-62.65259	61.02525	24.4101	-77.29865	44.75185	21.96909	92.75838	44.75185	-32.5468	-62.65259	0
14881	-35.80148	-67.53461	-52.07488	56.9569	15.45973	-61.83892	50.44754	31.73313	89.5037	44.75185	-13.01872	-56.9569	0
14882	-26.85111	-50.44754	-43.12451	45.56552	11.39138	-47.19286	56.14323	41.49717	91.94471	49.63387	1.62734	-48.8202	0
14883	-11.39138	-31.73313	-34.98781	34.17414	12.20505	-34.17414	61.83892	48.8202	98.45407	56.9569	8.95037	-40.6835	0
14884	0.81367	-16.2734	-29.29212	23.59643	12.20505	-22.78276	62.65259	52.88855	106.59077	63.46626	8.95037	-37.42882	0
14885	9.76404	-4.88202	-27.66478	10.57771	13.01872	-13.83239	59.39791	52.07488	113.9138	65.90727	3.25468	-40.6835	0
14886	16.2734	0	-28.47845	3.25468	16.2734	-11.39138	55.32956	48.00653	117.98215	64.27993	-5.69569	-43.93818	0
14887	16.2734	-1.62734	-26.85111	6.50936	17.08707	-11.39138	51.26121	42.31084	120.42316	60.21158	-18.71441	-47.19286	0
14888	4.88202	-8.1367	-19.52808	15.45973	8.95037	-12.20505	47.19286	35.80148	121.23683	55.32956	-29.29212	-50.44754	0
14889	-10.57771	-17.90074	-9.76404	24.4101	-1.62734	-13.01872	43.93818	30.10579	116.35481	49.63387	-34.98781	-54.51589	0
14890	-21.15542	-25.22377	-1.62734	28.47845	-8.1367	-15.45973	42.31084	21.96909	106.59077	43.93818	-34.17414	-56.14323	0
14891	-22.78276	-30.10579	3.25468	28.47845	-7.32303	-18.71441	44.75185	13.01872	97.6404	42.31084	-27.66478	-53.70222	0
14892	-21.96909	-31.73313	5.69569	24.4101	-8.95037	-19.52808	51.26121	8.95037	95.19939	49.63387	-14.64606	-46.37919	0
14893	-21.96909	-31.73313	8.1367	17.90074	-17.08707	-17.08707	57.77057	10.57771	99.26774	61.02525	-1.62734	-38.24249	0
14894	-24.4101	-29.29212	14.64606	17.08707	-27.66478	-10.57771	58.58424	13.01872	106.59077	68.34828	4.88202	-34.98781	0
14895	-28.47845	-25.22377	19.52808	21.15542	-34.98781	-4.06835	52.88855	17.90074	114.72747	69.97562	5.69569	-35.80148	0
14896	-29.29212	-21.96909	17.90074	22.78276	-35.80148	-2.44101	40.6835	23.59643	121.23683	68.34828	1.62734	-39.86983	0
14897	-19.52808	-17.08707	8.1367	16.2734	-30.91946	-4.06835	21.15542	26.03744	122.86417	65.0936	-4.88202	-43.12451	0
14898	-1.62734	-4.06835	0	2.44101	-19.52808	-1.62734	0.81367	23.59643	119.60949	65.90727	-5.69569	-40.6835	0
14899	17.90074	11.39138	-0.81367	-14.64606	-5.69569	5.69569	-17.08707	15.45973	111.47279	69.16195	0	-33.36047	0
14900	34.98781	23.59643	-1.62734	-30.91946	7.32303	13.83239	-33.36047	0.81367	99.26774	69.16195	8.1367	-29.29212	0
14901	46.37919	30.10579	-2.44101	-39.86983	16.2734	17.90074	-43.93818	-13.83239	88.69003	66.72094	12.20505	-28.47845	0
14902	50.44754	33.36047	1.62734	-40.6835	16.2734	21.15542	-48.8202	-25.22377	78.92599	63.46626	13.01872	-28.47845	0
14903	45.56552	33.36047	6.50936	-37.42882	11.39138	22.78276	-49.63387	-29.29212	73.2303	63.46626	13.01872	-26.85111	0
14904	39.05616	31.73313	6.50936	-32.5468	9.76404	22.78276	-47.19286	-26.85111	72.41663	66.72094	13.01872	-21.96909	0
14905	35.80148	30.10579	1.62734	-31.73313	12.20505	26.03744	-40.6835	-23.59643	78.11232	73.2303	13.83239	-14.64606	0
14906	39.05616	34.98781	-4.06835	-31.73313	17.90074	30.10579	-30.91946	-25.22377	87.06269	78.11232	14.64606	-8.95037	0
14907	49.63387	43.12451	-11.39138	-33.36047	27.66478	30.10579	-23.59643	-32.5468	95.19939	78.92599	10.57771	-9.76404	0
14908	57.77057	48.00653	-15.45973	-37.42882	34.98781	25.22377	-21.15542	-38.24249	97.6404	76.48498	6.50936	-13.83239	0
14909	54.51589	49.63387	-15.45973	-39.86983	30.91946	15.45973	-20.34175	-34.98781	94.38572	72.41663	4.88202	-14.64606	0
14910	43.12451	46.37919	-14.64606	-39.05616	14.64606	5.69569	-22.78276	-26.03744	87.87636	65.90727	3.25468	-9.76404	0
14911	33.36047	32.5468	-9.76404	-33.36047	-1.62734	-0.81367	-24.4101	-17.90074	82.18067	61.02525	4.88202	-4.88202	0
14912	26.03744	13.83239	-8.1367	-21.15542	-7.32303	-6.50936	-21.15542	-13.83239	78.92599	59.39791	9.76404	-3.25468	0
14913	21.96909	-0.81367	-13.01872	-6.50936	-1.62734	-13.01872	-16.2734	-14.64606	78.92599	61.02525	13.01872	-4.06835	0
14914	19.52808	-13.01872	-23.59643	4.06835	8.95037	-20.34175	-11.39138	-17.90074	81.367	62.65259	14.64606	-8.95037	0
14915	15.45973	-30.91946	-34.98781	14.64606	19.52808	-35.80148	-9.76404	-22.78276	82.18067	56.9569	11.39138	-14.64606	0
14916	10.57771	-54.51589	-47.19286	26.85111	27.66478	-57.77057	-10.57771	-26.03744	76.48498	48.00653	2.44101	-19.52808	0
14917	7.32303	-73.2303	-60.21158	34.98781	34.98781	-76.48498	-10.57771	-24.4101	74.85764	42.31084	-6.50936	-24.4101	0
14918	9.76404	-80.55333	-70.78929	35.80148	44.75185	-83.80801	-4.06835	-13.01872	78.11232	43.93818	-8.95037	-26.03744	0
14919	15.45973	-78.92599	-76.48498	34.98781	55.32956	-82.18067	4.06835	0.81367	80.55333	48.8202	-4.88202	-21.96909	0
14920	20.34175	-74.04397	-83.80801	31.73313	63.46626	-78.11232	11.39138	11.39138	80.55333	50.44754	0.81367	-17.90074	0
14921	23.59643	-70.78929	-91.94471	27.66478	67.53461	-76.48498	15.45973	11.39138	76.48498	47.19286	1.62734	-17.90074	0
14922	21.15542	-77.29865	-99.26774	29.29212	65.90727	-82.99434	16.2734	2.44101	69.16195	39.86983	-4.06835	-24.4101	0
14923	10.57771	-95.19939	-109.84545	39.86983	63.46626	-98.45407	13.01872	-10.57771	58.58424	27.66478	-17.08707	-38.24249	0
14924	0	-114.72747	-126.11885	51.26121	67.53461	-114.72747	6.50936	-26.03744	48.8202	15.45973	-32.5468	-56.9569	0
14925	-3.25468	-130.1872	-143.20592	62.65259	73.2303	-126.11885	0	-37.42882	43.93818	8.1367	-44.75185	-76.48498	0
14926	-9.76404	-144.83326	-148.90161	74.04397	72.41663	-133.44188	-2.44101	-45.56552	43.93818	4.06835	-53.70222	-89.5037	0
14927	-25.22377	-155.41097	-135.88289	85.43535	56.9569	-133.44188	0	-47.19286	43.93818	2.44101	-60.21158	-93.57205	0
14928	-44.75185	-160.29299	-113.9138	96.82673	34.98781	-127.74619	5.69569	-39.86983	45.56552	3.25468	-62.65259	-92.75838	0
14929	-62.65259	-163.54767	-98.45407	107.40444	17.08707	-125.30518	10.57771	-31.73313	44.75185	0.81367	-62.65259	-90.31737	0
14930	-64.27993	-165.98868	-92.75838	107.40444	13.01872	-127.74619	13.01872	-26.85111	39.05616	-2.44101	-57.77057	-87.87636	0
14931	-50.44754	-158.66565	-94.38572	95.19939	25.22377	-128.55986	15.45973	-22.78276	38.24249	-4.88202	-46.37919	-82.99434	0
14932	-34.17414	-139.95124	-101.70875	85.43535	44.75185	-124.49151	19.52808	-17.90074	46.37919	0	-34.98781	-72.41663	0
14933	-17.08707	-130.1872	-110.65912	83.80801	56.9569	-123.67784	21.15542	-13.01872	59.39791	8.1367	-28.47845	-63.46626	0
14934	0	-136.69656	-122.0505	87.87636	60.21158	-131.81454	18.71441	-9.76404	72.41663	14.64606	-30.91946	-62.65259	0
14935	11.39138	-146.4606	-132.62821	88.69003	65.90727	-142.39225	14.64606	-7.32303	81.367	16.2734	-42.31084	-68.34828	0
14936	13.01872	-155.41097	-139.95124	83.80801	72.41663	-152.96996	11.39138	-6.50936	85.43535	13.83239	-55.32956	-77.29865	0
14937	8.1367	-163.54767	-146.4606	75.67131	76.48498	-161.10666	8.95037	-9.76404	84.62168	7.32303	-65.90727	-86.24902	0
14938	4.88202	-161.92033	-150.52895	67.53461	78.11232	-161.10666	7.32303	-13.01872	79.73966	1.62734	-69.97562	-90.31737	0
14939	1.62734	-151.34262	-144.83326	61.83892	74.04397	-151.34262	8.1367	-15.45973	71.60296	0	-64.27993	-86.24902	0
14940	-8.1367	-137.51023	-132.62821	62.65259	64.27993	-138.3239	10.57771	-13.83239	62.65259	2.44101	-52.07488	-75.67131	0
14941	-24.4101	-122.86417	-118.79582	66.72094	52.07488	-125.30518	18.71441	-8.1367	56.9569	10.57771	-36.61515	-59.39791	0
14942	-38.24249	-113.9138	-102.52242	71.60296	38.24249	-113.10013	28.47845	0	57.77057	20.34175	-24.4101	-47.19286	0
14943	-44.75185	-115.54114	-92.75838	77.29865	28.47845	-108.21811	36.61515	8.95037	64.27993	24.4101	-19.52808	-43.93818	0
14944	-42.31084	-122.0505	-93.57205	80.55333	27.66478	-109.84545	44.75185	18.71441	74.85764	26.03744	-20.34175	-47.19286	0
14945	-36.61515	-126.93252	-96.82673	81.367	30.91946	-112.28646	51.26121	27.66478	87.06269	26.03744	-23.59643	-52.07488	0
14946	-30.91946	-131.00087	-100.08141	80.55333	34.17414	-115.54114	56.14323	32.5468	96.01306	25.22377	-27.66478	-56.9569	0
14947	-25.22377	-134.25555	-105.7771	78.11232	39.86983	-119.60949	57.77057	31.73313	102.52242	24.4101	-33.36047	-62.65259	0
14948	-21.96909	-141.57858	-116.35481	79.73966	46.37919	-128.55986	54.51589	21.96909	104.96343	21.96909	-42.31084	-69.97562	0
14949	-21.96909	-155.41097	-130.1872	85.43535	53.70222	-140.76491	43.93818	5.69569	97.6404	17.08707	-52.07488	-79.73966	0
14950	-24.4101	-167.61602	-139.95124	91.94471	56.9569	-150.52895	31.73313	-15.45973	78.11232	10.57771	-59.39791	-87.87636	0
14951	-33.36047	-173.31171	-141.57858	96.01306	51.26121	-156.22464	20.34175	-48.8202	39.05616	1.62734	-65.0936	-90.31737	0
14952	-49.63387	-171.68437	-140.76491	98.45407	42.31084	-158.66565	11.39138	-94.38572	-18.71441	-11.39138	-71.60296	-89.5037	0
14953	-68.34828	-169.24336	-136.69656	106.59077	39.86983	-156.22464	2.44101	-152.96996	-92.75838	-31.73313	-73.2303	-87.87636	0
14954	-85.43535	-171.68437	-124.49151	120.42316	37.42882	-150.52895	-12.20505	-224.57292	-179.0074	-61.83892	-70.78929	-85.43535	0
14955	-87.06269	-164.36134	-106.59077	121.23683	31.73313	-136.69656	-36.61515	-307.56726	-277.46147	-96.82673	-69.97562	-74.85764	0
14956	-70.78929	-126.11885	-78.92599	93.57205	26.03744	-103.33609	-65.90727	-397.07096	-388.93426	-128.55986	-59.39791	-47.19286	0
14957	-52.88855	-60.21158	-34.98781	45.56552	12.20505	-48.00653	-98.45407	-493.89769	-515.86678	-153.78363	-29.29212	0	0
14958	-39.86983	14.64606	26.03744	-1.62734	-13.83239	20.34175	-138.3239	-605.37048	-660.70004	-174.93905	15.45973	61.83892	0
14959	-26.85111	96.01306	101.70875	-47.19286	-52.07488	99.26774	-179.82107	-730.67566	-812.85633	-188.77144	72.41663	134.25555	0
14960	-6.50936	193.65346	186.33043	-102.52242	-90.31737	189.58511	-215.62255	-862.4902	-959.31693	-187.95777	141.57858	218.06356	0
14961	23.59643	310.00827	278.27514	-172.49804	-125.30518	294.54854	-248.98302	-1006.50979	-1104.96386	-175.75272	226.20026	312.44928	0
14962	56.14323	442.63648	384.05224	-253.05137	-165.17501	414.15803	-292.10753	-1179.8215	-1262.81584	-160.29299	321.39965	412.53069	0
14963	83.80801	592.35176	510.17109	-340.92773	-214.80888	552.48193	-349.06443	-1384.86634	-1439.38223	-141.57858	423.92207	515.86678	0
14964	110.65912	755.89943	648.49499	-435.31345	-270.95211	703.01088	-425.54941	-1611.0666	-1625.71266	-113.9138	528.07183	619.20287	0
14965	141.57858	917.81976	779.49586	-530.51284	-319.77231	849.47148	-532.14018	-1840.52154	-1803.90639	-77.29865	616.76186	706.26556	0
14966	170.8707	1048.00696	878.7636	-610.2525	-352.31911	964.19895	-663.95472	-2048.82106	-1949.55332	-30.91946	676.97344	764.8498	0
14967	184.70309	1108.21854	925.14279	-647.68132	-367.77884	1016.27383	-790.07357	-2205.0457	-2039.87069	6.50936	707.8929	796.58293	0
14968	173.31171	1066.72137	893.40966	-621.64388	-358.0148	979.65868	-878.7636	-2276.64866	-2045.56638	21.96909	692.43317	788.44623	0
14969	148.90161	917.81976	768.91815	-536.20853	-308.38093	842.96212	-912.93774	-2238.40617	-1942.23029	18.71441	620.01654	729.04832	0
14970	118.79582	679.41445	558.17762	-401.13931	-218.87723	619.20287	-899.91902	-2098.45493	-1753.45885	-6.50936	486.57466	615.94819	0
14971	76.48498	379.17022	300.24423	-229.45494	-112.28646	340.11406	-859.23552	-1891.78275	-1540.27731	-87.87636	287.22551	454.84153	0
14972	24.4101	57.77057	42.31084	-39.05616	-13.83239	51.26121	-812.85633	-1667.20983	-1371.03395	-246.54201	38.24249	268.5111	0
14973	-17.90074	-224.57292	-176.56639	133.44188	62.65259	-199.34915	-776.24118	-1463.79233	-1283.15759	-471.9286	-212.36787	94.38572	0
14974	-45.56552	-427.99042	-341.7414	253.05137	127.74619	-384.05224	-750.20374	-1297.80365	-1270.95254	-699.7562	-412.53069	-37.42882	0
14975	-55.32956	-543.53156	-455.6552	315.70396	183.07575	-500.40705	-723.35263	-1161.10709	-1291.29429	-870.6269	-533.76752	-124.49151	0
14976	-52.88855	-592.35176	-523.18981	335.23204	224.57292	-560.61863	-683.4828	-1029.29255	-1291.29429	-977.21767	-590.72442	-174.93905	0
14977	-43.93818	-600.48846	-554.10927	331.16369	248.98302	-581.77405	-625.71223	-885.27296	-1233.52372	-1014.64649	-598.86112	-196.90814	0
14978	-27.66478	-588.28341	-563.05964	311.63561	265.25642	-579.33304	-555.73661	-727.42098	-1113.10056	-982.91336	-572.82368	-202.60383	0
14979	-10.57771	-563.87331	-558.99129	287.22551	273.39312	-563.87331	-478.43796	-567.12799	-947.11188	-899.10535	-528.07183	-202.60383	0
14980	0	-532.95385	-545.1589	264.44275	270.13844	-537.83587	-397.07096	-414.9717	-763.22246	-782.75054	-470.30126	-193.65346	0
14981	4.88202	-497.15237	-528.8855	244.91467	262.00174	-505.28907	-318.14497	-284.7845	-589.09708	-655.81802	-406.835	-178.19373	0
14982	11.39138	-462.97823	-510.17109	227.01393	257.93339	-473.55594	-251.42403	-187.1441	-446.70483	-537.83587	-348.25076	-165.17501	0
14983	20.34175	-436.12712	-488.202	209.11319	255.49238	-448.33217	-201.79016	-124.49151	-341.7414	-440.19547	-300.24423	-154.5973	0
14984	13.01872	-417.41271	-455.6552	196.90814	236.77797	-427.99042	-163.54767	-91.13104	-266.07009	-362.08315	-265.25642	-143.20592	0
14985	-12.20505	-406.02133	-411.71702	190.39878	200.97649	-406.02133	-129.37353	-73.2303	-202.60383	-298.61689	-239.21898	-133.44188	0
14986	-39.86983	-391.37527	-365.33783	186.33043	165.98868	-379.17022	-94.38572	-56.14323	-137.51023	-240.84632	-210.74053	-124.49151	0
14987	-59.39791	-363.71049	-321.39965	180.63474	138.3239	-344.18241	-57.77057	-30.10579	-65.90727	-187.1441	-178.19373	-114.72747	0
14988	-66.72094	-323.84066	-275.83413	169.24336	113.10013	-301.87157	-21.15542	8.95037	7.32303	-136.69656	-145.64693	-102.52242	0
14989	-60.21158	-274.20679	-227.8276	149.71528	90.31737	-253.05137	14.64606	59.39791	73.2303	-90.31737	-113.10013	-87.87636	0
14990	-40.6835	-218.87723	-187.95777	119.60949	77.29865	-204.23117	43.93818	105.7771	121.23683	-53.70222	-84.62168	-74.04397	0
14991	-13.83239	-171.68437	-162.734	87.87636	75.67131	-166.80235	65.90727	137.51023	148.90161	-26.03744	-65.0936	-64.27993	0
14992	5.69569	-139.95124	-147.27427	64.27993	76.48498	-142.39225	82.18067	155.41097	166.80235	-3.25468	-50.44754	-56.14323	0
14993	13.83239	-122.86417	-136.69656	52.07488	74.04397	-128.55986	95.19939	168.42969	185.51676	18.71441	-36.61515	-49.63387	0
14994	13.01872	-117.98215	-130.1872	50.44754	69.97562	-121.23683	103.33609	186.33043	209.11319	39.05616	-24.4101	-47.19286	0
14995	5.69569	-121.23683	-127.74619	57.77057	66.72094	-116.35481	107.40444	208.29952	235.9643	52.88855	-15.45973	-50.44754	0
14996	-4.88202	-126.93252	-128.55986	69.97562	63.46626	-115.54114	106.59077	230.26861	257.93339	59.39791	-14.64606	-56.14323	0
14997	-17.08707	-134.25555	-126.93252	79.73966	64.27993	-118.79582	104.96343	246.54201	270.13844	61.02525	-17.90074	-58.58424	0
14998	-18.71441	-136.69656	-126.93252	80.55333	69.97562	-122.86417	104.14976	250.61036	266.07009	58.58424	-21.15542	-58.58424	0
